tree
version=v4
num_class=1
num_tree_per_iteration=1
label_index=0
max_feature_idx=9
objective=binary sigmoid:1
feature_names=pass_tds_L3 pass_tds_L5 pass_tds_L10 pass_tds_std_L5 completions_L3 completions_L5 completions_L10 attempts_L3 attempts_L5 attempts_L10
feature_infos=[1.38671875:4.75] [2:4.5555555555555562] [1.3456731097602623:4.330578512396694] [0:2.8284271247461903] [13.022705078125:37.8641357421875] [12.989940557841797:37] [9.7139275372500204:37] [20:58.024261474609375] [20:55] [16.109917596556215:55]
tree_sizes=1254 1160 1264 961 1163 863 1055 649 858 961 756 655 1056 1058 655 753 1063 656 860 659 654 1066 767 760 659 769 662 656 963 967 660 767 763 1173 658 664 769 660 768 663 1378 664 657 764 666 668 1278 1069 669 663 661 672 668 1176 662 1174 1481 1169 1273 667 668 669 1173 767 668 970 671 1073 768 666 1275 669 971 1170 1073 666 1077 771 670 868 773 1280 1074 1277 1176 972 869 873 771 1077 1180 672 971 972 1073 975 871 1177 1071 875

Tree=0
num_leaves=11
num_cat=0
split_feature=6 9 2 4 0 6 0 5 3 3
split_gain=30.493 11.7335 12.9199 16.5642 9.48331 9.07947 8.05668 9.04289 6.097 5.36003
threshold=21.878715884344707 40.467551595356419 2.5767099716940653 27.566755294799808 2.3447062910674332 27.990407748734526 2.8771591186523442 21.051793713347397 1.1984525824824532 1.1279733488654176
decision_type=2 2 2 2 2 2 2 2 2 2
left_child=4 2 3 -2 9 -3 7 -6 -4 -1
right_child=1 5 8 -5 6 -7 -8 -9 -10 -11
leaf_value=-0.88206996693715534 -0.74802263141762637 -0.93668889167252278 -0.7384692200426749 -0.89994607003453841 -0.74904105405899557 -0.77087143957068838 -0.93022032913304498 -0.89675088301817307 -0.64410200106331583 -1.0201827902663352
leaf_weight=8.7162196636199933 69.002085760235786 5.7672319859266263 11.964992582798006 8.0096776038408262 14.207438200712209 7.7257402241230011 5.3525512367486945 5.8517529219388953 16.004828497767448 4.1468074917793265
leaf_count=35 223 25 38 33 46 26 23 24 42 20
internal_value=-0.779033 -0.753964 -0.742682 -0.763824 -0.856632 -0.841746 -0.821218 -0.792132 -0.684471 -0.926595
internal_weight=156.749 118.475 104.982 77.0118 38.2748 13.493 25.4117 20.0592 27.9698 12.863
internal_count=535 387 336 256 148 51 93 70 80 55
is_linear=0
shrinkage=1


Tree=1
num_leaves=10
num_cat=0
split_feature=6 6 2 6 5 0 0 5 5
split_gain=22.3547 10.6354 12.4028 10.0823 7.75785 7.58564 6.28067 6.75104 5.44226
threshold=21.878715884344707 22.505652262187869 2.5767099716940653 22.981616763170802 24.316996835782692 2.3447062910674332 2.8771591186523442 21.051793713347397 20.327650779741994
decision_type=2 2 2 2 2 2 2 2 2
left_child=5 -2 3 -3 -4 8 7 -7 -1
right_child=1 2 4 -5 -6 6 -8 -9 -10
leaf_value=0.0010815880311285931 0.19323964562669804 -0.041237547230567113 0.21595057152715122 0.086112886184656734 0.11356593834792635 0.11063732056073546 -0.047496808891475915 -0.016422490139972233 -0.13959720501605513
leaf_weight=8.5443013459444028 12.723734766244887 6.8081367015838614 11.153848379850386 71.562438309192657 21.993747815489769 14.935793042182928 5.2368609160184851 5.8077641129493704 4.0550093799829474
leaf_count=35 33 27 26 235 66 46 23 24 20
internal_value=0.0859736 0.106621 0.0967387 0.0750498 0.148017 0.0194796 0.0503589 0.0750632 -0.044195
internal_weight=162.822 124.242 111.518 78.3706 33.1476 38.5797 25.9804 20.7436 12.5993
internal_count=535 387 354 262 92 148 93 70 55
is_linear=0
shrinkage=0.1


Tree=2
num_leaves=11
num_cat=0
split_feature=6 9 1 8 4 6 0 2 2 8
split_gain=16.8075 7.91064 6.99479 9.02325 8.85375 6.87573 6.10774 5.60519 6.59642 4.96075
threshold=21.878715884344707 40.467551595356419 2.7431031854900176 35.008812543304266 27.566755294799808 27.990407748734526 2.3447062910674332 1.9257751487451491 2.2629072633893355 29.955447547328877
decision_type=2 2 2 2 2 2 2 2 2 2
left_child=6 2 4 -4 -2 -3 9 -8 -9 -1
right_child=1 5 3 -5 -6 -7 7 8 -10 -11
leaf_value=0.026693197188241893 0.096143076082380916 -0.060993410831524257 0.2071364754119506 0.098671350223429211 -0.017287684958774644 0.080408424032643366 0.095705464990738093 -0.056861842464544524 0.078545780338226456 -0.10030160297735727
leaf_weight=5.7946909815072996 74.502613618969917 5.8577094972133628 12.496918752789496 19.856189519166946 7.5814611017704001 8.3276054859161359 11.806970760226251 8.1350848376750928 6.4502444863319388 6.5559323728084564
leaf_count=23 222 25 27 57 30 26 37 34 22 32
internal_value=0.0750641 0.0924564 0.101188 0.140568 0.0856664 0.0220177 0.0173235 0.0444848 0.00302109 -0.0407179
internal_weight=167.365 128.622 114.437 32.3531 82.0841 14.1853 38.7429 26.3923 14.5853 12.3506
internal_count=535 387 336 84 252 51 148 93 56 55
is_linear=0
shrinkage=0.1


Tree=3
num_leaves=8
num_cat=0
split_feature=6 2 6 6 4 4 5
split_gain=12.9319 6.93957 11.4818 9.34088 5.48509 5.5623 5.29726
threshold=21.878715884344707 1.7966916676775386 22.624203015355494 22.981616763170802 22.74740042356235 18.397234303935264 20.327650779741994
decision_type=2 2 2 2 2 2 2
left_child=4 -2 -3 -4 5 -1 -7
right_child=1 2 3 -5 -6 6 -8
leaf_value=-0.038735141779162277 -0.043851255225204083 0.16649310663243641 -0.043080614415570997 0.081274483805271192 -0.08664230305757617 0.087051006522755381 -0.0085108200287838769
leaf_weight=8.9072001874446851 4.3035368025302878 15.310213193297384 6.406101018190383 105.78957635164261 4.6379660367965689 16.344102755188946 8.9921417087316495
leaf_count=36 16 35 24 312 22 53 37
internal_value=0.0660945 0.0810439 0.0852593 0.0741741 0.0154154 0.0292383 0.053135
internal_weight=170.691 131.809 127.506 112.196 38.8814 34.2434 25.3362
internal_count=535 387 371 336 148 126 90
is_linear=0
shrinkage=0.1


Tree=4
num_leaves=10
num_cat=0
split_feature=6 0 5 5 4 7 0 8 2
split_gain=10.073 6.51846 6.33457 14.6079 14.1897 5.10088 5.41415 9.10333 3.73409
threshold=21.878715884344707 1.9685535969612575 25.54073594369234 25.883981321692598 25.479999919179495 35.470276832580574 2.3447062910674332 32.343752459550316 2.0232012565059896
decision_type=2 2 2 2 2 2 2 2 2
left_child=5 -2 4 -4 -3 6 8 -8 -1
right_child=1 2 3 -5 -6 -7 7 -9 -10
leaf_value=-0.091487595416714043 -0.014256372075853316 0.075731229477910611 -0.089488688217290682 0.070513205205715537 0.19063333361502682 -0.087910016077841324 0.020471077345887646 0.17001292615150729 0.024096987036724325
leaf_weight=5.3002922534942609 8.321800157427786 63.42172460258007 6.5772521644830695 43.080956175923347 12.940734907984732 4.3818539828062049 18.177177041769031 5.2454677373170844 5.9132994264364243
leaf_count=26 29 176 25 129 28 20 64 14 24
internal_value=0.0584722 0.0714628 0.0771233 0.0493209 0.0952031 0.0137443 0.0266047 0.0539608 -0.030536
internal_weight=173.361 134.342 126.021 49.6582 76.3625 39.0181 34.6362 23.4226 11.2136
internal_count=535 387 358 154 204 148 128 78 50
is_linear=0
shrinkage=0.1


Tree=5
num_leaves=7
num_cat=0
split_feature=1 9 6 0 2 3
split_gain=8.33746 8.95029 7.58048 5.1896 4.98613 2.50455
threshold=2.0185341258409419 40.467551595356419 22.057150293139138 2.8771591186523442 2.5767099716940653 1.3582959924332327
decision_type=2 2 2 2 2 2
left_child=-1 2 3 -2 -4 -3
right_child=1 5 4 -5 -6 -7
leaf_value=-0.042901817884052638 0.040832197443798818 -0.059562682502950631 0.063461508446488721 -0.061688017159622334 0.10970209886197246 0.031155677981012958
leaf_weight=8.8039757311344129 33.518683984875679 7.6871500313281995 81.908610001206398 5.7905936390161505 32.600854009389877 5.0376008152961731
leaf_count=35 116 30 235 25 78 16
internal_value=0.0519382 0.0569517 0.0636194 0.0257301 0.0766262 -0.0236482
internal_weight=175.347 166.543 153.819 39.3093 114.509 12.7248
internal_count=535 500 454 141 313 46
is_linear=0
shrinkage=0.1


Tree=6
num_leaves=9
num_cat=0
split_feature=1 3 0 3 8 3 5 4
split_gain=6.6923 10.8066 9.53414 8.2061 13.3417 7.15315 4.72806 4.15393
threshold=2.7431031854900176 1.7324029610907399 3.4388559519486965 1.5269245010840158 36.026733066996321 1.1984525824824532 25.125018538871398 22.954015344381336
decision_type=2 2 2 2 2 2 2 2
left_child=1 3 5 4 -1 -2 -7 -5
right_child=2 -3 -4 7 -6 6 -8 -9
leaf_value=-0.0014200392423284155 0.046418171389934974 -0.089366993923805954 -0.020186898631503379 0.15387032908052323 0.067092230605285394 0.18287422097316167 0.08695534161021852 0.045393796542436735
leaf_weight=56.916931867599487 13.224240183830259 6.5900414288043967 7.5618325918912879 9.1009924411773664 56.776772543787956 11.619760453701021 9.2138846665620786 5.7670321613550177
leaf_count=197 39 26 24 22 163 22 24 18
internal_value=0.0463255 0.0355281 0.081388 0.0419302 0.0327939 0.103941 0.140453 0.111794
internal_weight=176.771 135.152 41.6197 128.562 113.694 34.0579 20.8336 14.868
internal_count=535 426 109 400 360 85 46 40
is_linear=0
shrinkage=0.1


Tree=7
num_leaves=5
num_cat=0
split_feature=9 9 4 2
split_gain=6.42937 11.7403 7.0087 6.07612
threshold=21.229347192865657 26.967244163537785 17.829002258833501 1.6209621172212094
decision_type=2 2 2 2
left_child=-1 -2 -3 -4
right_child=1 2 3 -5
leaf_value=0.22500506566792611 -0.14952013974653175 -0.086277354646534285 -0.15240810842596733 0.04790339348061242
leaf_weight=1.886741280555724 3.2284212261438361 4.0973758846521369 1.5281532555818547 167.1645063906908
leaf_count=4 15 18 7 491
internal_value=0.041388 0.0394198 0.04295 0.0460888
internal_weight=177.905 176.018 172.79 168.693
internal_count=535 531 516 498
is_linear=0
shrinkage=0.1


Tree=8
num_leaves=7
num_cat=0
split_feature=1 9 9 5 3 8
split_gain=6.11544 7.3616 5.0952 5.78288 2.06232 0.456843
threshold=2.0185341258409419 40.467551595356419 39.055695788765895 25.588386724430581 1.3582959924332327 40.272925875120677
decision_type=2 2 2 2 2 2
left_child=-1 2 3 -2 -3 -4
right_child=1 4 5 -5 -6 -7
leaf_value=-0.044297007649344411 0.050489092544477934 -0.063627907362131947 0.11684468315647308 -0.0024564521332271598 0.017765748141531226 0.083416375456926636
leaf_weight=8.79785607755184 115.6748116761446 7.8050102293491346 8.1215510815382022 25.106867015361786 5.1782846301794052 8.2322324216365796
leaf_count=35 336 30 19 78 16 21
internal_value=0.0370003 0.0412047 0.0471842 0.0410468 -0.0311647 0.100017
internal_weight=178.917 170.119 157.135 140.782 12.9833 16.3538
internal_count=535 500 454 414 46 40
is_linear=0
shrinkage=0.1


Tree=9
num_leaves=8
num_cat=0
split_feature=6 8 1 4 2 2 7
split_gain=5.5199 6.22386 5.15457 4.71033 4.91373 5.45271 4.31356
threshold=21.942334695695184 31.989563699665236 3.0760354685332665 23.029539354138254 1.8949004482148035 2.0993314439813378 31.828387260437015
decision_type=2 2 2 2 2 2 2
left_child=3 -2 6 4 -1 -6 -3
right_child=1 2 -4 -5 5 -7 -8
leaf_value=0.063991431774060401 0.11552595428950646 -0.093486162990395083 0.091705432456709146 -0.095395725486534924 -0.070841024173534869 0.025607742390313229 0.032340173098752027
leaf_weight=12.454245761036871 10.824988961219786 2.7939065545797339 14.954457417130468 4.5086849927902213 9.8114347010850924 14.560488179326056 109.73212951421738
leaf_count=37 24 10 35 21 43 50 315
internal_value=0.0331451 0.0427281 0.0365465 0.00108056 0.0128923 -0.0132198 0.029216
internal_weight=179.64 138.305 127.48 41.3349 36.8262 24.3719 112.526
internal_count=535 384 360 151 130 93 325
is_linear=0
shrinkage=0.1


Tree=10
num_leaves=6
num_cat=0
split_feature=1 9 0 4 3
split_gain=4.6242 5.96712 4.89951 5.71183 1.67729
threshold=2.0185341258409419 40.467551595356419 1.755638122558594 16.014183970490823 1.3582959924332327
decision_type=2 2 2 2 2
left_child=-1 2 -2 -4 -3
right_child=1 4 3 -5 -6
leaf_value=-0.041598231471010161 0.19625645791688096 -0.06138191850860393 -0.14676769110529495 0.038757330731292935 0.011931719750509013
leaf_weight=8.6393536329269391 1.9501493871211995 7.7404535859823209 1.6774805933237065 154.57839022576809 5.2285076677799225
leaf_count=35 4 30 8 442 16
internal_value=0.0297832 0.0333859 0.0387316 0.0367656 -0.0318251
internal_weight=179.814 171.175 158.206 156.256 12.969
internal_count=535 500 454 450 46
is_linear=0
shrinkage=0.1


Tree=11
num_leaves=5
num_cat=0
split_feature=9 8 2 0
split_gain=4.62279 9.32459 6.42767 3.64703
threshold=21.229347192865657 26.551330991001599 1.6209621172212094 3.4388559519486965
decision_type=2 2 2 2
left_child=-1 -2 -3 -4
right_child=1 2 3 -5
leaf_value=0.17753579061280578 -0.14618219439893118 -0.15305784066586683 0.03325274680627581 -0.037364487198204052
leaf_weight=2.0104128420352927 3.124658226966857 1.9368491321802128 165.37105096876621 7.6517780274152747
leaf_count=4 15 9 483 24
internal_value=0.0267461 0.0250439 0.0281018 0.0301298
internal_weight=180.095 178.084 174.96 173.023
internal_count=535 531 516 507
is_linear=0
shrinkage=0.1


Tree=12
num_leaves=9
num_cat=0
split_feature=1 3 0 3 3 8 9 4
split_gain=4.63152 8.59959 6.99387 9.82916 5.96456 10.0612 3.77564 1.66431
threshold=2.7431031854900176 1.7324029610907399 3.3768732811151954 1.1984525824824532 1.5269245010840158 36.026733066996321 37.79572534595173 22.74740042356235
decision_type=2 2 2 2 2 2 2 2
left_child=1 4 3 -2 5 -1 -5 -6
right_child=2 -3 -4 6 7 -7 -8 -9
leaf_value=-0.016434706407854882 0.0055172261241589367 -0.096339885015034002 -0.021022564136061211 0.15517787525236548 0.10749465524967335 0.042332003277779973 0.066292540645960005 0.040834396812398893
leaf_weight=58.075916513800621 12.331199422478674 6.5840434432029715 9.7583948969840986 11.80973592400551 8.8715886324644071 58.457297161221504 8.0272175371646863 6.4820159524679175
leaf_count=197 37 26 30 22 21 163 20 19
internal_value=0.0240127 0.0151959 0.053132 0.0756272 0.020764 0.0130448 0.11921 0.0793519
internal_weight=180.397 138.471 41.9265 32.1682 131.887 116.533 19.837 15.3536
internal_count=535 426 109 79 400 360 42 40
is_linear=0
shrinkage=0.1


Tree=13
num_leaves=9
num_cat=0
split_feature=1 3 0 1 9 3 8 4
split_gain=3.8208 7.0825 5.77109 5.3207 10.8727 4.79838 8.12027 1.34253
threshold=2.7431031854900176 1.7324029610907399 3.4388559519486965 3.0760354685332665 37.934978113418744 1.5269245010840158 36.026733066996321 22.74740042356235
decision_type=2 2 2 2 2 2 2 2
left_child=1 5 3 4 -2 6 -1 -7
right_child=2 -3 -4 -5 -6 7 -8 -9
leaf_value=-0.014837095995477759 0.084163625946060069 -0.088713444974399855 -0.030564816059844908 0.13402299223566308 -0.060576704767888206 0.096312802795946589 0.037947348871217396 0.036574322733519342
leaf_weight=57.905772760510445 18.199978619813923 6.4425265938043585 7.5996745079755774 8.5604051202535612 7.2602022290229788 8.9088901877403242 58.677853420376778 6.5116236805915824
leaf_count=197 44 26 24 17 24 21 163 19
internal_value=0.021654 0.0136672 0.0482214 0.065821 0.0428896 0.0186639 0.0117299 0.071087
internal_weight=180.067 138.447 41.6203 34.0206 25.4602 132.004 116.584 15.4205
internal_count=535 426 109 85 68 400 360 40
is_linear=0
shrinkage=0.1


Tree=14
num_leaves=5
num_cat=0
split_feature=9 9 4 7
split_gain=3.67416 8.022 4.27548 5.48795
threshold=21.229347192865657 26.967244163537785 17.829002258833501 25.380589107469799
decision_type=2 2 2 2
left_child=-1 -2 -3 -4
right_child=1 2 3 -5
leaf_value=0.15377571890610092 -0.14393466835019764 -0.082148636577843284 0.19721716269836323 0.021336512625318597
leaf_weight=2.0161463767290106 3.0067544132471076 3.9425269961357108 1.7929217219352711 168.84402564913034
leaf_count=4 15 18 3 495
internal_value=0.0195405 0.0180165 0.0208058 0.0231845
internal_weight=179.602 177.586 174.579 170.637
internal_count=535 531 516 498
is_linear=0
shrinkage=0.1


Tree=15
num_leaves=6
num_cat=0
split_feature=1 0 0 1 3
split_gain=3.47887 7.53563 5.89679 7.05716 4.47529
threshold=2.0362984790409477 1.755638122558594 1.9065304364181233 2.0533583607119481 0.93625314991667363
decision_type=2 2 2 2 2
left_child=4 -2 -3 -4 -1
right_child=1 2 3 -5 -6
leaf_value=0.02696499633015725 0.22911834014738794 -0.162010686360852 0.11713809961683759 0.016731232811435664 -0.091282722818538276
leaf_weight=6.3490396589040738 1.7291535735130299 1.7750802785158146 7.3292863816022864 155.84939673542976 6.454355388879776
leaf_count=22 3 8 18 457 27
internal_value=0.0175875 0.021446 0.0192691 0.0212411 -0.0326452
internal_weight=179.486 166.683 164.954 163.179 12.8034
internal_count=535 486 483 475 49
is_linear=0
shrinkage=0.1


Tree=16
num_leaves=9
num_cat=0
split_feature=6 6 2 6 7 9 6 4
split_gain=3.31401 5.29064 5.42736 5.66592 3.64916 5.02904 7.61989 3.36475
threshold=21.878715884344707 22.505652262187869 2.5767099716940653 22.981616763170802 34.91760444641114 31.795771136516539 19.65645178673665 24.532436110138793
decision_type=2 2 2 2 2 2 2 2
left_child=4 -2 3 -3 5 6 -1 -4
right_child=1 2 7 -5 -6 -7 -8 -9
leaf_value=0.020718336425242151 0.080785697711207013 -0.079970753783600926 0.090076973165663765 0.010905463517480368 -0.080344724569292605 0.060604689996373064 -0.09772574934069693 0.02641492849531429
leaf_weight=14.888250857591631 14.273367181420324 7.4914185255765906 12.936328142881392 81.492085918784142 6.1559074521064749 10.56612418591976 8.5511654019355756 23.175613939762115
leaf_count=51 33 27 29 235 27 33 37 63
internal_value=0.0158118 0.0231052 0.0165239 0.0032547 -0.00949785 0.00332732 -0.0224924 0.0492205
internal_weight=179.53 139.369 125.095 88.9835 40.1614 34.0055 23.4394 36.1119
internal_count=535 387 354 262 148 121 88 92
is_linear=0
shrinkage=0.1


Tree=17
num_leaves=5
num_cat=0
split_feature=9 9 4 9
split_gain=2.99057 6.65899 3.55017 4.51374
threshold=21.229347192865657 26.967244163537785 17.829002258833501 27.141860314529989
decision_type=2 2 2 2
left_child=-1 -2 -3 -4
right_child=1 2 3 -5
leaf_value=0.13592881965205578 -0.13889868282198953 -0.079794459391815079 0.21201747843943167 0.016159309747020796
leaf_weight=1.9980923384428013 2.8433964997529975 3.8330191224813452 1.1849151849746693 169.02495377510786
leaf_count=4 15 18 2 496
internal_value=0.0142737 0.0128995 0.0153795 0.0175228
internal_weight=178.884 176.886 174.043 170.21
internal_count=535 531 516 498
is_linear=0
shrinkage=0.1


Tree=18
num_leaves=7
num_cat=0
split_feature=1 9 0 4 6 3
split_gain=2.86445 4.81952 3.73356 6.06468 5.46258 1.30815
threshold=2.0185341258409419 40.467551595356419 2.1016311645507817 23.61558830738068 26.013324594190173 1.3582959924332327
decision_type=2 2 2 2 2 2
left_child=-1 2 3 -2 -4 -3
right_child=1 5 4 -5 -6 -7
leaf_value=-0.043968780099305403 0.11505767825431448 -0.068074048828627165 0.0060687839984600936 1.0055574084144799e-06 0.059460500031147112 -0.0038628382648705399
leaf_weight=8.451645724475382 10.082557916641237 7.914615869522093 115.5282321870327 8.3963360637426359 22.972877651453018 5.295618399977684
leaf_count=35 25 30 348 24 57 16
internal_value=0.0128544 0.0156762 0.0205579 0.0627789 0.0149248 -0.0423335
internal_weight=178.642 170.19 156.98 18.4789 138.501 13.2102
internal_count=535 500 454 49 405 46
is_linear=0
shrinkage=0.1


Tree=19
num_leaves=5
num_cat=0
split_feature=6 4 4 4
split_gain=2.61767 5.04386 6.24669 3.88388
threshold=18.643180613076634 17.829002258833501 18.880790248280395 20.140404975463621
decision_type=2 2 2 2
left_child=-1 -2 -3 -4
right_child=1 2 3 -5
leaf_value=-0.046482326535428782 -0.13535389047874441 0.11352118702511067 -0.049037366814589672 0.016183562817097975
leaf_weight=7.4405339509248725 2.22843113541603 6.3324964940547934 9.7112593948841077 152.66291522234678
leaf_count=30 12 16 36 441
internal_value=0.0115812 0.0141086 0.0160829 0.0122828
internal_weight=178.376 170.935 168.707 162.374
internal_count=535 505 493 477
is_linear=0
shrinkage=0.1


Tree=20
num_leaves=5
num_cat=0
split_feature=9 8 2 9
split_gain=2.75747 5.41596 4.31167 2.55774
threshold=21.229347192865657 26.551330991001599 1.6209621172212094 28.034402383692029
decision_type=2 2 2 2
left_child=-1 -2 -3 -4
right_child=1 2 3 -5
leaf_value=0.12788670076544706 -0.13411164217244551 -0.14500960738368532 0.088021027146529235 0.010865711802951695
leaf_weight=1.9764686524868 2.6013568341732016 1.7479161247611035 4.4097860455512992 167.39442780613899
leaf_count=4 15 9 13 494
internal_value=0.0104274 0.00910954 0.0112563 0.0128461
internal_weight=178.13 176.153 173.552 171.804
internal_count=535 531 516 507
is_linear=0
shrinkage=0.1


Tree=21
num_leaves=9
num_cat=0
split_feature=1 3 0 3 9 3 8 4
split_gain=2.42173 6.01557 5.03466 8.75255 6.37985 4.15167 6.43522 1.15591
threshold=2.7431031854900176 1.7324029610907399 3.3768732811151954 1.1337727561874791 38.059335308035308 1.5269245010840158 36.026733066996321 22.74740042356235
decision_type=2 2 2 2 2 2 2 2
left_child=1 5 3 -2 -5 6 -1 -7
right_child=2 -3 -4 4 -6 7 -8 -9
leaf_value=-0.022632018196323756 -0.024595586208141194 -0.092383961563061626 -0.031886213750838867 0.13324407731989926 0.018838344701290442 0.080638006221049607 0.024481506785167806 0.024786294199317448
leaf_weight=57.289657562971115 10.274610981345178 6.3013578802347174 9.7089030891656858 12.467583462595941 8.0033069401979429 8.7044363766908628 58.693755641579628 6.4523344635963431
leaf_count=197 32 26 30 25 22 21 163 19
internal_value=0.00938602 0.00305602 0.0308918 0.0507161 0.088516 0.00764197 0.00120992 0.0568616
internal_weight=177.896 137.442 40.4544 30.7455 20.4709 131.14 115.983 15.1568
internal_count=535 426 109 79 47 400 360 40
is_linear=0
shrinkage=0.1


Tree=22
num_leaves=6
num_cat=0
split_feature=1 3 2 3 1
split_gain=2.43944 3.15194 5.93684 4.8369 4.14527
threshold=3.0760354685332665 1.6316982421584603 2.339559456890393 1.5269245010840158 2.1393310325611306
decision_type=2 2 2 2 2
left_child=1 3 -3 4 -1
right_child=-2 2 -4 -5 -6
leaf_value=0.032641682167260787 0.047256590327347726 -0.094157716577436795 0.034333061502653264 0.074816708476531907 -0.0063559393208252645
leaf_weight=37.557177543640137 14.879737943410872 8.4102959409356099 6.2817915380001059 10.483445599675177 99.385001339018345
leaf_count=116 38 34 18 26 303
internal_value=0.00850592 0.00494924 -0.0392198 0.00935103 0.00433938
internal_weight=176.997 162.118 14.6921 147.426 136.942
internal_count=535 497 52 445 419
is_linear=0
shrinkage=0.1


Tree=23
num_leaves=6
num_cat=0
split_feature=1 0 3 1 0
split_gain=2.47255 5.84127 5.65947 5.38067 4.11573
threshold=2.0373418686175895 1.755638122558594 0.92718766175672196 2.0414750611237076 1.9065304364181233
decision_type=2 2 2 2 2
left_child=2 -2 -1 -3 -5
right_child=1 3 -4 4 -6
leaf_value=0.028624087722095522 0.19425654626325614 0.15125924983296651 -0.099324231665593871 -0.16476263902978727 0.0083156088283920359
leaf_weight=7.1889216825366002 1.7230089306831349 2.6210971474647513 6.6595358029007912 1.386034920811652 157.22339743375778
leaf_count=24 3 6 29 6 467
internal_value=0.00766131 0.0111088 -0.0329045 0.00915153 0.00680314
internal_weight=176.802 162.954 13.8485 161.231 158.609
internal_count=535 482 53 479 473
is_linear=0
shrinkage=0.1


Tree=24
num_leaves=5
num_cat=0
split_feature=9 9 9 6
split_gain=2.4209 4.84127 2.88466 4.61212
threshold=21.229347192865657 26.967244163537785 27.141860314529989 18.199838640724881
decision_type=2 2 2 2
left_child=-1 -2 -3 -4
right_child=1 2 3 -5
leaf_value=0.11908868326846506 -0.1317614460281113 0.15595326254980202 -0.14743036879790153 0.0083163311076898446
leaf_weight=1.9026757478713978 2.5259054675698271 1.3024146854877461 1.9229977130889881 168.92068739980459
leaf_count=4 15 3 10 503
internal_value=0.00689894 0.00567687 0.00769351 0.00656326
internal_weight=176.575 174.672 172.146 170.844
internal_count=535 531 516 513
is_linear=0
shrinkage=0.1


Tree=25
num_leaves=6
num_cat=0
split_feature=0 1 5 5 4
split_gain=2.32527 7.82892 2.84443 9.71614 7.78475
threshold=3.4388559519486965 3.0760354685332665 25.588386724430581 25.883981321692598 25.479999919179495
decision_type=2 2 2 2 2
left_child=1 2 4 -4 -1
right_child=-2 -3 3 -5 -6
leaf_value=0.0020758608318541356 -0.047080958528525424 0.10633657412841349 -0.14447391216130842 -0.00057299149236367166 0.078317769959916211
leaf_weight=98.118217341601849 7.8239068835973731 7.8287080675363532 5.2874762415885916 41.669622525572777 15.509257137775419
leaf_count=310 25 17 20 124 39
internal_value=0.00621136 0.00868714 0.0039266 -0.0167766 0.0124823
internal_weight=176.237 168.413 160.585 46.9571 113.627
internal_count=535 510 493 144 349
is_linear=0
shrinkage=0.1


Tree=26
num_leaves=5
num_cat=0
split_feature=0 0 4 4
split_gain=2.09722 7.0775 4.83287 3.84343
threshold=1.9685535969612575 1.9823223186662065 18.060310623608533 18.880790248280395
decision_type=2 2 2 2
left_child=-1 -2 -3 -4
right_child=1 2 3 -5
leaf_value=-0.039250436266358893 0.15586060571335439 -0.085604430947256949 0.087819973121288586 0.0055536451238055182
leaf_weight=9.8383084833621961 3.1866492182016364 5.63605011999607 5.9005661606788626 151.27028080821037
leaf_count=35 6 28 16 450
internal_value=0.00560953 0.00826834 0.00537949 0.00864212
internal_weight=175.832 165.994 162.807 157.171
internal_count=535 500 494 466
is_linear=0
shrinkage=0.1


Tree=27
num_leaves=5
num_cat=0
split_feature=9 7 2 7
split_gain=2.256 4.32269 3.32819 3.58875
threshold=21.229347192865657 26.8331694839877 1.6209621172212094 31.52112061157823
decision_type=2 2 2 2
left_child=-1 -2 -3 -4
right_child=1 2 3 -5
leaf_value=0.11394886897392507 -0.073418964520264363 -0.13783810626796525 0.042668928299032953 0.002116936785354036
leaf_weight=1.8820549547672261 6.9464678615331641 1.5695714503526677 25.876960545778275 139.3083627820015
leaf_count=4 33 9 77 412
internal_value=0.00505263 0.00387274 0.00709246 0.00846957
internal_weight=175.583 173.701 166.755 165.185
internal_count=535 531 498 489
is_linear=0
shrinkage=0.1


Tree=28
num_leaves=8
num_cat=0
split_feature=1 1 0 9 4 0 4
split_gain=2.02986 10.8121 7.10995 5.25756 8.12006 4.68982 3.04367
threshold=2.0904850711294491 2.1198467772234593 1.9176040370816738 33.38567584089742 26.082626578310741 2.0081479509244677 20.504403740167621
decision_type=2 2 2 2 2 2 2
left_child=3 -2 -3 6 -5 -4 -1
right_child=1 2 5 4 -6 -7 -8
leaf_value=-0.02584070966337253 0.11655714098817482 0.2035582664033033 -0.11705928428557195 -0.12214387672096208 0.023464200074786151 0.0028273413932740632 0.070043797163293384
leaf_weight=6.0742300376296061 8.8366320282220823 1.7356702089309681 3.3453946113586417 8.8418823480606061 6.7565371245145789 132.45323488116264 7.2761979401111603
leaf_count=25 20 3 13 36 21 395 22
internal_value=0.00454831 0.00933357 0.00244442 -0.0196469 -0.059073 -0.000126062 0.0264179
internal_weight=175.32 146.371 137.534 28.9488 15.5984 135.799 13.3504
internal_count=535 431 411 104 57 408 47
is_linear=0
shrinkage=0.1


Tree=29
num_leaves=8
num_cat=0
split_feature=2 3 1 3 7 9 6
split_gain=2.07183 6.41338 4.72842 4.05947 3.72903 2.5935 2.21045
threshold=2.5767099716940653 1.7324029610907399 2.6891446775556891 1.0324596410366083 36.996338844299324 38.408351974564006 25.131898370871092
decision_type=2 2 2 2 2 2 2
left_child=1 2 4 -2 -1 6 -5
right_child=3 -3 -4 5 -6 -7 -8
leaf_value=-0.0069410632677018415 -0.024146077667934474 -0.1018783429460549 -0.059177635620381225 0.03602622859619329 0.028771481366078846 0.0031654574436947832 0.10680304491854209
leaf_weight=66.206562161445618 11.975361257791517 6.1090174913406363 11.188036873936651 9.7208607196807915 52.363486558198929 9.3740904182195646 8.0808305889368039
leaf_count=217 37 27 37 27 145 27 18
internal_value=0.00409301 -0.00174749 0.00296667 0.0243614 0.00883049 0.0457369 0.0681544
internal_weight=175.018 135.867 129.758 39.1511 118.57 27.1758 17.8017
internal_count=535 426 399 109 362 72 45
is_linear=0
shrinkage=0.1


Tree=30
num_leaves=5
num_cat=0
split_feature=9 9 9 6
split_gain=2.00345 3.78222 2.32629 3.6487
threshold=21.229347192865657 26.967244163537785 27.141860314529989 18.199838640724881
decision_type=2 2 2 2
left_child=-1 -2 -3 -4
right_child=1 2 3 -5
leaf_value=0.10768496131152681 -0.12618887456908956 0.13967478034301919 -0.14137939462362736 0.0047747517151133642
leaf_weight=1.8332386910915364 2.2508433833718291 1.2598509341478337 1.7257064878940571 167.53940326720476
leaf_count=4 15 3 10 503
internal_value=0.00369586 0.00259248 0.00429233 0.00328467
internal_weight=174.609 172.776 170.525 169.265
internal_count=535 531 516 513
is_linear=0
shrinkage=0.1


Tree=31
num_leaves=6
num_cat=0
split_feature=0 1 5 9 1
split_gain=1.96292 6.47845 2.65246 8.67035 6.31914
threshold=3.4388559519486965 3.0760354685332665 25.588386724430581 38.793482495899219 2.0305175607931467
decision_type=2 2 2 2 2
left_child=1 2 4 -4 -1
right_child=-2 -3 3 -5 -6
leaf_value=-0.084533720536787094 -0.045781226918951694 0.096683083220462873 -0.074518191501364087 0.014485905177222447 0.015670769064859355
leaf_weight=6.6927116736769667 7.7767753750085822 7.4620899111032477 17.433805197477341 29.406610384583473 105.4742101803422
leaf_count=33 25 17 59 85 316
internal_value=0.00332504 0.00561908 0.00134552 -0.018641 0.00969182
internal_weight=174.246 166.469 159.007 46.8404 112.167
internal_count=535 510 493 144 349
is_linear=0
shrinkage=0.1


Tree=32
num_leaves=6
num_cat=0
split_feature=2 2 2 1 3
split_gain=1.82415 3.80129 4.25399 3.33906 3.10273
threshold=1.7966916676775386 1.8067553692682723 1.8321803369534655 2.0746487403767646 1.5269245010840158
decision_type=2 2 2 2 2
left_child=3 -2 -3 -1 -4
right_child=1 2 4 -5 -6
leaf_value=0.015312759368698581 0.12077403738381334 -0.17165060048887282 -0.00035132538776112886 -0.087243034744812112 0.039999413105531761
leaf_weight=6.678521588444708 2.8292465507984152 1.3695078492164601 134.58173579722643 6.0512323826551437 22.199867278337479
leaf_count=23 6 6 414 24 62
internal_value=0.00300306 0.00588471 0.00382939 -0.0334383 0.00536223
internal_weight=173.71 160.98 158.151 12.7298 156.782
internal_count=535 488 482 47 476
is_linear=0
shrinkage=0.1


Tree=33
num_leaves=10
num_cat=0
split_feature=3 3 4 6 4 2 2 0 3
split_gain=1.83963 6.47789 5.43935 10.3087 4.49705 8.6061 4.33657 2.94455 2.61341
threshold=0.88110981614373085 0.90351431074284105 25.479999919179495 23.463154821839176 26.348619641329616 2.4152800515456856 2.9219082644673633 2.5225199460983281 0.81537570703913831
decision_type=2 2 2 2 2 2 2 2 2
left_child=2 -2 3 8 6 -6 -3 -4 -1
right_child=1 4 7 -5 5 -7 -8 -9 -10
leaf_value=0.0015313589020443134 -0.18659018774263772 0.0049100416594671376 0.099170830892696543 -0.1112123324717206 -0.075596045267768974 0.021353571429859781 0.084854126872502642 0.016311342528095907 0.079542174018057618
leaf_weight=11.468487709760671 1.8981192633509625 84.55327645689249 9.9814021736383456 7.0956335067749015 19.493062652647495 17.266500860452652 7.3773983567953101 7.5199537575244895 6.8649014979600897
leaf_count=41 9 262 23 25 70 48 18 21 18
internal_value=0.00270351 -0.00320017 0.0206617 -0.00886823 -0.000495253 -0.0300574 0.0113255 0.0635679 0.0307424
internal_weight=173.519 130.588 42.9304 25.429 128.69 36.7596 91.9307 17.5014 18.3334
internal_count=535 407 128 84 398 118 280 44 59
is_linear=0
shrinkage=0.1


Tree=34
num_leaves=5
num_cat=0
split_feature=9 8 2 9
split_gain=1.83327 3.4852 2.5413 2.09663
threshold=21.229347192865657 26.551330991001599 1.6209621172212094 28.034402383692029
decision_type=2 2 2 2
left_child=-1 -2 -3 -4
right_child=1 2 3 -5
leaf_value=0.10278281949348363 -0.12650085880598647 -0.13201320962383964 0.073703254373474192 0.0022942831230769612
leaf_weight=1.8018407374620427 2.1048003733158103 1.3832010403275479 4.2177136391401282 163.49178866297007
leaf_count=4 15 9 13 494
internal_value=0.00244102 0.00138493 0.0029768 0.00409014
internal_weight=172.999 171.198 169.093 167.71
internal_count=535 531 516 507
is_linear=0
shrinkage=0.1


Tree=35
num_leaves=5
num_cat=0
split_feature=0 0 4 4
split_gain=1.80294 6.54887 3.7624 3.48553
threshold=1.9685535969612575 1.9823223186662065 18.060310623608533 18.880790248280395
decision_type=2 2 2 2
left_child=-1 -2 -3 -4
right_child=1 2 3 -5
leaf_value=-0.039814630096689195 0.14798180599171795 -0.082706719490292194 0.080658534081454972 0.0016944693318116642
leaf_weight=9.6465683951973897 3.1277845799922934 5.0916742607951155 5.8078190311789504 149.02530073747039
leaf_count=35 6 28 16 450
internal_value=0.00219245 0.00467768 0.00187496 0.00465643
internal_weight=172.699 163.053 159.925 154.833
internal_count=535 500 494 466
is_linear=0
shrinkage=0.1


Tree=36
num_leaves=6
num_cat=0
split_feature=0 1 5 5 5
split_gain=1.7867 5.19474 1.86717 7.28204 6.08632
threshold=3.4388559519486965 3.0760354685332665 25.588386724430581 25.883981321692598 24.134981117377102
decision_type=2 2 2 2 2
left_child=1 2 4 -4 -1
right_child=-2 -3 3 -5 -6
leaf_value=-0.0073856123573246314 -0.044967628305964874 0.087985566180509872 -0.12840289522731738 -0.0024344607720024379 0.04438530809166831
leaf_weight=79.10771069675684 7.7439427226781836 7.0788276493549338 5.1599199771881095 41.485108271241188 31.851227529346943
leaf_count=266 25 17 20 124 83
internal_value=0.00197494 0.00418234 0.000418296 -0.0163692 0.00747545
internal_weight=172.427 164.683 157.604 46.645 110.959
internal_count=535 510 493 144 349
is_linear=0
shrinkage=0.1


Tree=37
num_leaves=5
num_cat=0
split_feature=9 9 2 9
split_gain=1.73802 3.03146 1.87376 1.81602
threshold=21.229347192865657 26.967244163537785 1.6209621172212094 27.141860314529989
decision_type=2 2 2 2
left_child=-1 -2 -3 -4
right_child=1 2 3 -5
leaf_value=0.10003665447986679 -0.12250246689986879 -0.1310859407148432 0.12592743020961919 0.0021562316769643815
leaf_weight=1.7818634957075108 1.9721282273530949 1.0480877496302117 1.1939813196659077 165.84139474853873
leaf_count=4 15 7 3 506
internal_value=0.00178785 0.000758383 0.00220461 0.00304096
internal_weight=171.837 170.056 168.083 167.035
internal_count=535 531 516 509
is_linear=0
shrinkage=0.1


Tree=38
num_leaves=6
num_cat=0
split_feature=6 1 6 6 6
split_gain=1.66129 7.06235 3.57628 8.61263 6.68838
threshold=28.645654825058681 2.0185341258409419 26.562172329557871 26.013324594190173 27.062581014243964
decision_type=2 2 2 2 2
left_child=1 -1 3 -3 -4
right_child=-2 2 4 -5 -6
leaf_value=-0.10813815530538325 0.046452524591339597 0.0016667330078192462 -0.11164341957167728 0.09294862456930876 0.0093974822586164724
leaf_weight=5.8823131099343291 7.8807669579982749 127.16211555153131 7.3850644528865841 11.250860735774038 11.955758482217787
leaf_count=32 21 393 27 26 36
internal_value=0.00160647 -0.000553331 0.00345828 0.00908656 -0.0368206
internal_weight=171.517 163.636 157.754 138.413 19.3408
internal_count=535 514 482 419 63
is_linear=0
shrinkage=0.1


Tree=39
num_leaves=5
num_cat=0
split_feature=0 1 1 1
split_gain=1.6338 4.13849 2.4613 4.74574
threshold=3.3768732811151954 3.0083337527886775 2.8977262521490275 2.7431031854900176
decision_type=2 2 2 2
left_child=1 2 3 -1
right_child=-2 -3 -4 -5
leaf_value=-0.0030216228403845751 -0.038418682872902302 0.07273210626722823 -0.060862082488469985 0.058741950466334548
leaf_weight=133.0302712470293 9.6984534412622434 8.2728457748889905 6.3446627035737029 13.723959267139433
leaf_count=425 31 21 23 35
internal_value=0.00144476 0.00384055 0.000117933 0.0027543
internal_weight=171.07 161.372 153.099 146.754
internal_count=535 504 483 460
is_linear=0
shrinkage=0.1


Tree=40
num_leaves=12
num_cat=0
split_feature=3 3 1 3 0 1 3 0 7 0 8
split_gain=1.65159 4.70147 6.38294 6.95071 5.46712 6.72464 3.59002 3.48327 6.66112 7.48456 2.31955
threshold=0.87358028716469227 1.0783338454269462 2.1579789666209428 0.976338186342943 3.3768732811151954 2.7431031854900176 0.94273015806233718 2.1801595687866215 36.662859809464869 2.5801932898643867 36.738464288913114
decision_type=2 2 2 2 2 2 2 2 2 2 2
left_child=7 2 6 -4 5 -3 -2 10 9 -9 -1
right_child=1 4 3 -5 -6 -7 -8 8 -10 -11 -12
leaf_value=0.094136200564248568 0.069273786558815095 -0.001041418610466758 -0.15201915986610898 -0.028861113980770459 -0.082968627793084324 0.065517507763093549 -0.034530509725646308 -0.12143461661741198 0.05242961201101512 0.019376915162664109 0.010515422777580182
leaf_weight=8.1018182560801488 6.6332298815250379 70.249927774071693 7.0616847500205067 13.052829109132288 6.3091628551483145 19.36346860229969 6.6938723027706146 7.0692471116781261 12.461086884140967 8.0998171344399434 5.6171154081821433
leaf_count=24 17 223 30 42 22 50 26 27 32 25 17
internal_value=0.00131055 -0.00425033 -0.0365372 -0.0720987 0.0070059 0.0133405 0.0171355 0.0187082 -0.00174345 -0.0462456 0.0598983
internal_weight=170.713 129.364 33.4416 20.1145 95.9226 89.6134 13.3271 41.3491 27.6302 15.1691 13.7189
internal_count=535 410 115 72 295 273 43 125 84 52 41
is_linear=0
shrinkage=0.1


Tree=41
num_leaves=5
num_cat=0
split_feature=4 5 1 6
split_gain=2.6126 9.01387 6.13023 5.11601
threshold=31.52486791647971 28.987852814619732 2.0185341258409419 26.562172329557871
decision_type=2 2 2 2
left_child=1 2 -1 -4
right_child=-2 -3 3 -5
leaf_value=-0.10321694704345374 -0.064387666221228962 0.12460236417614515 0.0089902105406631967 -0.051238551524540613
leaf_weight=5.6585413813590995 5.8670613616704932 5.9267083108425131 136.79590849578381 15.724565893411635
leaf_count=32 20 13 417 53
internal_value=0.00118124 0.00352544 -0.00101112 0.00278074
internal_weight=169.973 164.106 158.179 152.52
internal_count=535 515 502 470
is_linear=0
shrinkage=0.1


Tree=42
num_leaves=5
num_cat=0
split_feature=4 9 9 9
split_gain=1.55009 2.922 2.49617 2.23377
threshold=15.590382199594615 21.229347192865657 26.967244163537785 27.141860314529989
decision_type=2 2 2 2
left_child=-1 -2 -3 -4
right_child=1 2 3 -5
leaf_value=-0.14588167180340952 0.14231637717687134 -0.12110812472573046 0.14933342551027226 0.00076261948404439579
leaf_weight=0.71491031721234222 1.4645209312438954 1.672458067536353 1.0182313323020924 164.74905648827553
leaf_count=6 3 13 2 511
internal_value=0.00105697 0.0016789 0.00044881 0.00167522
internal_weight=169.619 168.904 167.44 165.767
internal_count=535 529 526 513
is_linear=0
shrinkage=0.1


Tree=43
num_leaves=6
num_cat=0
split_feature=2 2 2 1 3
split_gain=1.44626 3.17803 3.29541 2.92705 2.90835
threshold=1.7966916676775386 1.8067553692682723 1.8321803369534655 2.0746487403767646 1.5269245010840158
decision_type=2 2 2 2 2
left_child=3 -2 -3 -1 -4
right_child=1 2 4 -5 -6
leaf_value=0.014177541437963763 0.10945057238963532 -0.1571847190932063 -0.0026464508280685485 -0.084239440856467326 0.036871033813941821
leaf_weight=6.3955935612320882 2.7819883525371543 1.2959012687206257 131.38967026770115 5.7289451360702515 21.69958583265543
leaf_count=23 6 6 414 24 62
internal_value=0.000952409 0.00351959 0.00161074 -0.0323253 0.00295494
internal_weight=169.292 157.167 154.385 12.1245 153.089
internal_count=535 488 482 47 476
is_linear=0
shrinkage=0.1


Tree=44
num_leaves=5
num_cat=0
split_feature=6 1 0 0
split_gain=1.46397 5.34146 3.08803 4.6463
threshold=28.645654825058681 2.0185341258409419 1.755638122558594 1.9685535969612575
decision_type=2 2 2 2
left_child=1 -1 -3 -4
right_child=-2 2 3 -5
leaf_value=-0.098966412317754229 0.043098723404219663 0.13257718399966564 -0.090114563387933597 0.0039967127423658055
leaf_weight=5.4004637338221064 7.8243634402751914 1.7955900281667698 5.4379136413335791 148.60750643163919
leaf_count=32 21 4 21 457
internal_value=0.000855975 -0.00119389 0.00219429 0.000674517
internal_weight=169.066 161.241 155.841 154.045
internal_count=535 514 482 478
is_linear=0
shrinkage=0.1


Tree=45
num_leaves=5
num_cat=0
split_feature=4 5 1 6
split_gain=2.27274 7.19712 4.55196 4.21693
threshold=31.52486791647971 28.987852814619732 2.0185341258409419 26.562172329557871
decision_type=2 2 2 2
left_child=1 2 -1 -4
right_child=-2 -3 3 -5
leaf_value=-0.093514236732219438 -0.060578272628224177 0.11134557555226668 0.0076808398390793833 -0.047077602084761278
leaf_weight=5.1566616408526889 5.8310197144746772 5.9045130014419547 136.09627121314406 15.684260934591292
leaf_count=32 20 13 417 53
internal_value=0.000764458 0.00296101 -0.00111678 0.00202237
internal_weight=168.673 162.842 156.937 151.781
internal_count=535 515 502 470
is_linear=0
shrinkage=0.1


Tree=46
num_leaves=11
num_cat=0
split_feature=3 2 3 1 4 0 7 5 5 2
split_gain=1.4995 3.92332 3.34687 5.60898 7.08573 4.58328 6.11223 2.84525 5.84733 2.13914
threshold=0.87358028716469227 2.0435833983477458 1.0783338454269462 2.1529493715414083 23.507812500000004 3.3768732811151954 44.031250000000007 24.169098079336464 22.024439384171728 2.4104526425007431
decision_type=2 2 2 2 2 2 2 2 2 2
left_child=1 -1 3 -2 -5 6 -4 8 -3 -9
right_child=2 7 5 4 -6 -7 -8 9 -10 -11
leaf_value=0.071079365222933205 0.022853666842566026 0.023802684781144688 0.018110605244281892 0.0026084534638177539 -0.11435292149567824 -0.077578517822283616 -0.083482214531095944 0.053697949894426125 -0.11161796889714824 -0.017662664733328906
leaf_weight=10.201229318976401 11.8670024164021 7.1978403404355067 81.981161125004292 9.2164472192525881 11.825672611594198 6.2895736992359152 6.3831727690994731 10.671668604016306 5.7242367565631866 6.9276572912931433
leaf_count=33 39 23 248 32 44 22 25 27 21 21
internal_value=0.000683595 0.0173904 -0.00464981 -0.0321204 -0.0631238 0.00490113 0.0107718 -0.000554166 -0.0361861 0.0256081
internal_weight=168.286 40.7226 127.563 32.9091 21.0421 94.6539 88.3643 30.5214 12.9221 17.5993
internal_count=535 125 410 115 76 295 273 92 44 48
is_linear=0
shrinkage=0.1


Tree=47
num_leaves=9
num_cat=0
split_feature=6 6 6 2 5 8 4 3
split_gain=1.53943 4.02766 3.41049 4.91481 2.4523 4.3963 3.17915 5.02238
threshold=21.878715884344707 22.505652262187869 22.981616763170802 1.9333775031991132 20.327650779741994 33.050255851993434 20.380871533765461 1.4132588166690758
decision_type=2 2 2 2 2 2 2 2
left_child=4 -2 -3 -4 6 -6 7 -1
right_child=1 2 3 -5 5 -7 -8 -9
leaf_value=0.015331459730492367 0.057831015877455108 -0.057570926607652298 -0.079969394883872572 0.010139121496670525 -0.11338588748958245 0.0011739072939586266 0.069580276316451056 -0.10350669071525193
leaf_weight=12.561328720301395 13.294448643922804 9.53375246375799 6.4338008537888518 102.28690305352211 6.1927966997027379 7.2969110645353794 5.3784348368644705 4.9607572332024565
leaf_count=52 33 33 24 297 30 29 14 23
internal_value=0.0006091 0.00564472 -0.000222189 0.00480674 -0.0175944 -0.0514177 0.00232942 -0.0183133
internal_weight=167.939 131.549 118.254 108.721 36.3902 13.4897 22.9005 17.5221
internal_count=535 387 354 321 148 59 89 75
is_linear=0
shrinkage=0.1


Tree=48
num_leaves=5
num_cat=0
split_feature=9 8 2 2
split_gain=1.38531 2.43841 1.83081 2.41634
threshold=21.229347192865657 26.551330991001599 1.783082037711107 2.0485136341189341
decision_type=2 2 2 2
left_child=-1 -2 -3 -4
right_child=1 2 3 -5
leaf_value=0.091469997230706118 -0.1205704208520762 -0.042609150974387743 0.025627988833720208 -0.0036068978756374258
leaf_weight=1.6588629335165013 1.6706707552075375 9.1503156833350641 37.225279957056046 117.54586592316628
leaf_count=4 15 37 118 361
internal_value=0.000540796 -0.000370111 0.000854958 0.00342462
internal_weight=167.251 165.592 163.921 154.771
internal_count=535 531 516 479
is_linear=0
shrinkage=0.1


Tree=49
num_leaves=5
num_cat=0
split_feature=2 2 2 3
split_gain=1.3212 2.08307 3.3724 4.34958
threshold=3.169112985656013 2.8203952353497774 2.6652352202074741 1.7163630481412029
decision_type=2 2 2 2
left_child=1 2 3 -1
right_child=-2 -3 -4 -5
leaf_value=0.0009601584826847096 0.044783264841885162 -0.044535338572769999 0.049424677806352964 -0.083209724406930557
leaf_weight=130.25674530118704 6.4714468270540229 10.421487241983412 13.476723060011862 6.4431993402540675
leaf_count=416 18 36 35 30
internal_value=0.000483038 -0.00130208 0.00169809 -0.0030071
internal_weight=167.07 160.598 150.177 136.7
internal_count=535 517 481 446
is_linear=0
shrinkage=0.1


Tree=50
num_leaves=5
num_cat=0
split_feature=4 5 1 6
split_gain=1.64951 5.50726 4.28226 3.49425
threshold=31.52486791647971 28.987852814619732 2.0185341258409419 26.562172329557871
decision_type=2 2 2 2
left_child=1 2 -1 -4
right_child=-2 -3 3 -5
leaf_value=-0.09238791467067474 -0.052264394149439564 0.097888908528679208 0.0069446156818540996 -0.0430723496739015
leaf_weight=4.9914320837706319 5.7351097613573065 5.8113125860691062 134.7747778147459 15.58242045342922
leaf_count=32 20 13 417 53
internal_value=0.000435966 0.00231138 -0.001264 0.00176106
internal_weight=166.895 161.16 155.349 150.357
internal_count=535 515 502 470
is_linear=0
shrinkage=0.1


Tree=51
num_leaves=5
num_cat=0
split_feature=6 3 9 9
split_gain=1.30578 3.8089 2.10535 2.15729
threshold=28.645654825058681 1.0000000180025095e-35 40.467551595356419 39.055695788765895
decision_type=2 2 2 2
left_child=1 -1 3 -3
right_child=-2 2 -4 -5
leaf_value=-0.10399497405967095 0.040695151811156252 -0.00065581875091755694 -0.049180999224558798 0.038768469946454713
leaf_weight=3.548694670200347 7.6671411693096152 131.74321242421865 7.9988311380147925 15.514208033680914
leaf_count=20 21 423 30 41
internal_value=0.000388299 -0.00155773 0.000783685 0.0034977
internal_weight=166.472 158.805 155.256 147.257
internal_count=535 514 494 464
is_linear=0
shrinkage=0.1


Tree=52
num_leaves=5
num_cat=0
split_feature=4 5 1 6
split_gain=1.4512 4.48181 3.44401 2.91132
threshold=31.52486791647971 28.987852814619732 2.0185341258409419 26.562172329557871
decision_type=2 2 2 2
left_child=1 2 -1 -4
right_child=-2 -3 3 -5
leaf_value=-0.085583083950448377 -0.049273498261247488 0.089141929063976166 0.0062507655074027406 -0.039572616944460758
leaf_weight=4.6796949077397576 5.6922053396701804 5.7060357779264441 134.62453949078918 15.456737294793127
leaf_count=32 20 13 417 53
internal_value=0.000346128 0.00210627 -0.00110273 0.00153146
internal_weight=166.159 160.467 154.761 150.081
internal_count=535 515 502 470
is_linear=0
shrinkage=0.1


Tree=53
num_leaves=10
num_cat=0
split_feature=1 3 0 0 3 7 1 7 6
split_gain=1.31022 6.61314 10.0152 4.71233 3.63079 3.47273 6.06574 2.38534 5.05858
threshold=2.2201005720930751 1.3592955293268802 2.5019531250000004 2.3688816663910193 1.3582959924332327 42.231747246704501 2.0373418686175895 42.576571408308844 27.062581014243964
decision_type=2 2 2 2 2 2 2 2 2
left_child=1 5 -3 4 -2 6 -1 8 -5
right_child=3 2 -4 7 -6 -7 -8 -9 -10
leaf_value=-0.065185911708320818 -0.10794438994237532 -0.13876386281333694 0.052173198662216383 -0.0012161536962971252 0.0014679409452389236 0.098480070947898651 0.036854050983698851 -0.044010491788525806 0.079750573941857542
leaf_weight=7.1063885744661084 7.4930249303579313 6.3592637218534929 4.8364384174346924 77.335818372666836 5.0954829677939415 6.289043352007865 32.324197422713041 10.324372246861456 8.5716838836669904
leaf_count=36 28 31 16 240 16 17 94 36 21
internal_value=0.000308302 0.0126026 -0.0562808 -0.00612189 -0.0636573 0.0294706 0.0184639 0.00140456 0.00686255
internal_weight=165.736 56.9153 11.1957 108.82 12.5885 45.7196 39.4306 96.2319 85.9075
internal_count=535 194 47 341 44 147 130 297 261
is_linear=0
shrinkage=0.1


Tree=54
num_leaves=5
num_cat=0
split_feature=9 8 2 7
split_gain=1.26097 2.1436 1.70232 1.5211
threshold=21.229347192865657 26.551330991001599 1.6209621172212094 31.52112061157823
decision_type=2 2 2 2
left_child=-1 -2 -3 -4
right_child=1 2 3 -5
leaf_value=0.088206634242939341 -0.11866469281932238 -0.12423331399334399 0.022185245257933459 -0.003183834146355815
leaf_weight=1.614655315876006 1.5234910529106844 1.0866334922611702 28.780684620141983 132.18451823294163
leaf_count=4 15 9 95 412
internal_value=0.000268149 -0.000599893 0.000510064 0.00135217
internal_weight=165.19 163.575 162.052 160.965
internal_count=535 531 516 507
is_linear=0
shrinkage=0.1


Tree=55
num_leaves=10
num_cat=0
split_feature=6 7 8 6 0 5 8 4 3
split_gain=1.22109 4.12431 2.26607 8.96726 6.96559 1.89445 4.96183 2.35434 4.16472
threshold=21.942334695695184 31.619219636270028 35.60166708792925 24.292759467024251 2.6261217456724926 20.327650779741994 33.050255851993434 20.380871533765461 1.4132588166690758
decision_type=2 2 2 2 2 2 2 2 2
left_child=5 -2 4 -4 -3 7 -7 8 -1
right_child=1 2 3 -5 -6 6 -8 -9 -10
leaf_value=0.014769750360833915 0.062209647419438734 -0.069869520134489299 0.066907320549982927 -0.010089786132384754 0.022515520657873989 -0.11171759801151465 0.0074930139980644147 0.060475054009977394 -0.096731970963139818
leaf_weight=12.139523502439266 11.405677095055578 16.141593292355537 19.721603378653526 64.903352774679661 16.507368557155132 6.188779190182685 8.0110656600445491 5.2978257685899726 4.6264759115874758
leaf_count=52 29 56 51 200 48 31 31 14 23
internal_value=0.000235571 0.00480316 -0.000780009 0.00785417 -0.0231595 -0.0159723 -0.0444631 0.00236386 -0.0159985
internal_weight=164.943 128.68 117.274 84.625 32.649 36.2637 14.1998 22.0638 16.766
internal_count=535 384 355 251 104 151 62 89 75
is_linear=0
shrinkage=0.1


Tree=56
num_leaves=13
num_cat=0
split_feature=1 3 0 3 9 7 1 6 1 1 1 1
split_gain=1.16669 5.30643 8.30886 4.05361 3.71236 4.99272 3.52934 4.24166 3.2653 2.85583 5.60337 5.05683
threshold=2.2201005720930751 1.3592955293268802 2.5019531250000004 1.2415449788188624 34.030890459903574 39.555541992187507 2.3333973714187093 24.777484313266459 2.4342207987161246 2.0904850711294491 2.1393310325611306 2.0533583607119481
decision_type=2 2 2 2 2 2 2 2 2 2 2 2
left_child=1 9 -3 6 8 -6 -2 -8 -5 11 -11 -1
right_child=3 2 -4 4 5 -7 7 -9 -10 10 -12 -13
leaf_value=0.030209624645544764 -0.081776191013829713 -0.12784533529580819 0.049237211122519928 0.025785189108196084 0.058594090515619049 -0.015886655394815638 0.010585791498073137 -0.051754553428583538 -0.069136175952859369 0.10124671231314537 0.0057000027148358598 -0.080327704615356321
leaf_weight=14.864093720912935 9.098077639937399 6.1145987287163717 4.6758681535720825 6.3216334730386725 23.721721857786179 14.502455085515974 28.124888822436333 17.835864409804344 8.4928277134895307 11.412388667464258 13.280399419367312 5.7356703653931609
leaf_count=55 35 31 16 20 61 45 86 59 35 27 42 23
internal_value=0.000207122 0.0119105 -0.0511096 -0.00586479 0.0138654 0.0303357 -0.024871 -0.0136065 -0.0286313 0.0269243 0.0498593 -0.000567703
internal_weight=164.18 56.083 10.7905 108.097 53.0386 38.2242 55.0588 45.9608 14.8145 45.2926 24.6928 20.5998
internal_count=535 194 47 341 161 106 180 145 55 147 69 78
is_linear=0
shrinkage=0.1


Tree=57
num_leaves=10
num_cat=0
split_feature=6 5 3 6 6 4 5 7 9
split_gain=1.16999 6.9444 6.4888 6.23111 6.22453 4.38907 4.0222 3.89892 3.27931
threshold=26.013324594190173 25.704523249663982 1.3758779923404878 26.562172329557871 27.062581014243964 25.479999919179495 24.520375720736407 44.031250000000007 36.048291039690262
decision_type=2 2 2 2 2 2 2 2 2
left_child=1 5 -3 -2 -5 6 -1 -6 -7
right_child=3 2 -4 4 7 8 -8 -9 -10
leaf_value=0.0026271103720905235 0.080141966419104135 -0.11485524903795691 0.020575193591260324 -0.090842950900494213 0.054853478105483036 0.010306528066255684 -0.069243943602894972 -0.038609550685507837 0.1002541889314585
leaf_weight=86.283481504768133 10.698526881635187 10.02961206436157 5.465736359357833 7.0373660624027279 11.733963027596475 8.6735504809767026 8.5591685622930509 7.2034519612789145 7.6090330481529227
leaf_count=295 27 39 16 27 31 28 29 26 17
internal_value=0.000186013 -0.00436941 -0.0670843 0.0159144 -0.0105398 0.00437558 -0.00385896 0.0193018 0.0523401
internal_weight=163.294 126.621 15.4953 36.6733 25.9748 111.125 94.8427 18.9374 16.2826
internal_count=535 424 55 111 84 369 324 57 45
is_linear=0
shrinkage=0.1


Tree=58
num_leaves=11
num_cat=0
split_feature=3 0 7 0 3 5 9 0 2 9
split_gain=1.16438 2.90701 5.6486 5.01121 2.75958 4.23072 5.30075 3.74549 5.09784 1.70188
threshold=0.87358028716469227 2.1801595687866215 36.662859809464869 2.5801932898643867 1.0783338454269462 25.704523249663982 35.767911771631844 3.3768732811151954 2.396924124591274 34.999973654409736
decision_type=2 2 2 2 2 2 2 2 2 2
left_child=1 9 3 -3 5 6 -2 8 -6 -1
right_child=4 2 -4 -5 7 -7 -8 -9 -10 -11
leaf_value=0.089007064831119864 -0.04782106679248798 -0.10796807061143981 0.046961088228958503 0.0094419755339263719 -0.0079790546450529288 -0.091930366906588457 0.048217088224677573 -0.071363575694435702 0.043603082550373332 0.015683454797092555
leaf_weight=6.7276670485734922 14.058152541518217 6.8282282948493975 12.086405947804449 7.7739354223012924 55.97558962367475 8.1808204650878888 9.7212673127651197 6.1126446127891532 29.130678705871105 5.978448897600174
leaf_count=21 56 27 32 25 190 33 26 22 83 20
internal_value=0.000172589 0.0151374 -0.00360598 -0.045461 -0.00461341 -0.0299 -0.0085597 0.00424621 0.00967679 0.054507
internal_weight=162.574 39.3947 26.6886 14.6022 123.179 31.9602 23.7794 91.2189 85.1063 12.7061
internal_count=535 125 84 52 410 115 82 295 273 41
is_linear=0
shrinkage=0.1


Tree=59
num_leaves=5
num_cat=0
split_feature=7 0 1 6
split_gain=1.12505 1.93273 3.26494 1.78931
threshold=46.04458847956267 3.4388559519486965 3.0760354685332665 24.623606282190547
decision_type=2 2 2 2
left_child=1 2 3 -1
right_child=-2 -3 -4 -5
leaf_value=0.006307997313704604 0.042142738759744447 -0.053331292926492906 0.074104040809043079 -0.01698685981593949
leaf_weight=91.278358429670334 6.1382103487849227 6.8777542933821669 5.8514964133501044 51.621425196528435
leaf_count=311 20 24 16 164
internal_value=0.000150826 -0.00150539 0.000890865 -0.00210709
internal_weight=161.767 155.629 148.751 142.9
internal_count=535 515 491 475
is_linear=0
shrinkage=0.1


Tree=60
num_leaves=5
num_cat=0
split_feature=4 5 3 3
split_gain=1.14568 3.463 2.98194 3.38008
threshold=31.52486791647971 28.987852814619732 0.61906767680319497 0.67934455710346087
decision_type=2 2 2 2
left_child=1 2 -1 -4
right_child=-2 -3 3 -5
leaf_value=-0.066456186434881714 -0.044399566293836457 0.07945236221618554 0.083218161709275359 -0.00098198218242819988
leaf_weight=6.6764115020632735 5.5761091262102118 5.5297245532274237 4.9370856136083594 138.88778249174356
leaf_count=32 20 13 12 458
internal_value=0.00013956 0.00173126 -0.00112437 0.00190836
internal_weight=161.607 156.031 150.501 143.825
internal_count=535 515 502 470
is_linear=0
shrinkage=0.1


Tree=61
num_leaves=5
num_cat=0
split_feature=9 6 6 5
split_gain=1.15723 2.16316 2.17842 3.32345
threshold=21.229347192865657 18.643180613076634 18.985846501318768 19.27889240395891
decision_type=2 2 2 2
left_child=-1 -2 -3 -4
right_child=1 2 3 -5
leaf_value=0.08522160277362377 -0.071184962623691977 0.078718124019093047 -0.094786900531211485 0.0017193136156069988
leaf_weight=1.5824579596519459 4.2404773719608775 3.5430975481867781 3.6563866995275012 148.36239359341562
leaf_count=4 27 11 19 474
internal_value=0.000126476 -0.000716187 0.00120473 -0.000601874
internal_weight=161.385 159.802 155.562 152.019
internal_count=535 531 504 493
is_linear=0
shrinkage=0.1


Tree=62
num_leaves=10
num_cat=0
split_feature=1 3 0 0 7 1 3 9 9
split_gain=1.0778 4.49965 6.88855 3.87406 3.34788 4.71896 2.82613 2.01802 3.36868
threshold=2.2201005720930751 1.3592955293268802 2.5019531250000004 2.3688816663910193 42.231747246704501 2.0373418686175895 1.3582959924332327 40.467551595356419 38.990023796869266
decision_type=2 2 2 2 2 2 2 2 2
left_child=1 4 -3 6 5 -1 -2 8 -5
right_child=3 2 -4 7 -6 -7 -8 -9 -10
leaf_value=-0.06034367455033024 -0.098391780519947403 -0.11899504207380139 0.043839731652154185 -0.0019109451866760928 0.09371785029645946 0.030885908949972764 -0.0010654234160575959 -0.047207351027182425 0.057817646653344296
leaf_weight=6.9224216975271693 7.2733927220106107 5.8975878711789829 4.6434823200106621 75.06994429603219 6.177355930209159 31.33595222607255 5.0585337355732918 7.9019379764795294 10.801328033208845
leaf_count=36 28 31 16 240 17 94 16 29 28
internal_value=0.00011063 0.0114745 -0.0472641 -0.00577737 0.0254085 0.0143789 -0.0584687 0.00115196 0.00560202
internal_weight=161.082 54.9768 10.5411 106.105 44.4357 38.2584 12.3319 93.7732 85.8713
internal_count=535 194 47 341 147 130 44 297 268
is_linear=0
shrinkage=0.1


Tree=63
num_leaves=6
num_cat=0
split_feature=7 7 7 7 7
split_gain=0.947266 3.93218 1.82423 8.17018 5.14924
threshold=25.380589107469799 26.8331694839877 31.52112061157823 30.932018434701554 32.262329101562507
decision_type=2 2 2 2 2
left_child=-1 -2 3 -3 -4
right_child=1 2 4 -5 -6
leaf_value=0.049972312517157023 -0.11170389296177169 -0.0084110718388594168 -0.099263720237265957 0.12289222507505644 0.00060356701004759086
leaf_weight=3.718615671619772 3.1494327317923299 17.947329565882686 5.3876251652836791 6.4391707181930533 123.79958922415972
leaf_count=19 18 67 21 15 395
internal_value=8.92367e-05 -0.00109435 0.00117399 0.0262591 -0.0035613
internal_weight=160.442 156.723 153.574 24.3865 129.187
internal_count=535 516 498 82 416
is_linear=0
shrinkage=0.1


Tree=64
num_leaves=5
num_cat=0
split_feature=9 6 0 1
split_gain=1.00205 1.73706 2.12649 3.00997
threshold=21.229347192865657 18.643180613076634 1.9065304364181233 2.0533583607119481
decision_type=2 2 2 2
left_child=-1 -2 -3 -4
right_child=1 2 3 -5
leaf_value=0.080848963021361908 -0.064929166156661333 -0.075278188671702134 0.047288135828296225 -0.0016707691533531894
leaf_weight=1.5213860124349583 4.1012917030602685 3.569535866379737 13.82330880127847 137.11913233995438
leaf_count=4 27 18 50 436
internal_value=7.85896e-05 -0.000696143 0.00100883 0.00281289
internal_weight=160.135 158.613 154.512 150.942
internal_count=535 531 504 486
is_linear=0
shrinkage=0.1


Tree=65
num_leaves=8
num_cat=0
split_feature=2 1 3 8 1 1 8
split_gain=0.952299 4.34196 2.09262 2.60724 2.281 7.74002 2.3509
threshold=1.783082037711107 2.0746487403767646 1.5269245010840158 35.769100127131793 2.1393310325611306 2.0904850711294491 31.688258903622422
decision_type=2 2 2 2 2 2 2
left_child=1 -1 4 -4 5 -2 -6
right_child=2 -3 3 -5 6 -7 -8
leaf_value=0.028497831122320974 -0.019748882297147618 -0.10587133727308576 0.060092140532913209 -0.011163435759274802 -0.052794809222549526 0.087065264363949887 -0.0043880663354692153
leaf_weight=5.5075936857610923 17.254333997145299 4.2687600404024124 12.617260470986368 8.6592110395431501 11.304395295679567 11.17948269844055 89.192921355366707
leaf_count=21 72 20 38 29 53 28 274
internal_value=6.83802e-05 -0.0301733 0.00203668 0.0310922 -0.00275812 0.0222478 -0.00983308
internal_weight=159.984 9.77635 150.208 21.2765 128.931 28.4338 100.497
internal_count=535 41 494 67 427 100 327
is_linear=0
shrinkage=0.1


Tree=66
num_leaves=5
num_cat=0
split_feature=7 0 2 6
split_gain=0.987391 1.64607 3.01197 2.5158
threshold=46.04458847956267 3.4388559519486965 3.0165289256198351 24.623606282190547
decision_type=2 2 2 2
left_child=1 2 3 -1
right_child=-2 -3 -4 -5
leaf_value=0.0078326428039924983 0.039605156590470376 -0.049622979889049137 0.073179862398169884 -0.020043630935672734
leaf_weight=90.803451016545296 6.0750047937035552 6.7934060469269744 5.5219286978244773 50.313393622636795
leaf_count=314 20 24 15 162
internal_value=6.49146e-05 -0.00150064 0.000728742 -0.00210628
internal_weight=159.507 153.432 146.639 141.117
internal_count=535 515 491 476
is_linear=0
shrinkage=0.1


Tree=67
num_leaves=9
num_cat=0
split_feature=3 2 4 3 6 3 8 0
split_gain=0.919153 3.02426 2.66465 5.43761 3.45186 3.15685 2.42825 2.1806
threshold=0.87358028716469227 2.0435833983477458 28.749853610992435 1.3009260541948935 27.062581014243964 1.0454425453768275 38.464639534778172 2.2509765625000004
decision_type=2 2 2 2 2 2 2 2
left_child=1 -1 4 -4 5 -2 7 -3
right_child=2 6 3 -5 -6 -7 -8 -9
leaf_value=0.062340053415341705 -0.036815393715106864 0.023748764233072581 -0.11879377237125804 0.012703816700688444 0.072577391749160808 0.0057349499617965673 0.0493872394333085 -0.041949418323656638
leaf_weight=9.5427762083709222 22.331860307604074 7.8177722096443238 5.8102976232767087 6.8543947041034698 6.3184766322374335 79.533339530229568 6.8632543534040442 14.280691176652907
leaf_count=33 82 23 25 22 17 264 19 50
internal_value=6.1762e-05 0.0135166 -0.0042252 -0.0476245 0.000855416 -0.00359334 -0.00257053 -0.0187074
internal_weight=159.353 38.5045 120.848 12.6647 108.184 101.865 28.9617 22.0985
internal_count=535 125 410 47 363 346 92 73
is_linear=0
shrinkage=0.1


Tree=68
num_leaves=6
num_cat=0
split_feature=7 6 5 3 2
split_gain=0.95443 1.44128 6.95206 2.06991 1.25096
threshold=46.04458847956267 27.062581014243964 27.069198396340493 1.7324029610907399 2.6652352202074741
decision_type=2 2 2 2 2
left_child=1 2 3 -1 -3
right_child=-2 4 -4 -5 -6
leaf_value=0.0034484885817101896 0.039098038616165488 0.0011975558274563043 -0.10274491128915522 -0.052570188949690927 0.059935528006758811
leaf_weight=124.54988474026322 6.0222493931651107 7.8248813897371274 6.8647875487804404 6.964918825775384 6.7566853165626526
leaf_count=412 20 25 29 31 18
internal_value=4.92765e-05 -0.00148812 -0.00463913 0.000481784 0.0284151
internal_weight=158.983 152.961 138.38 131.515 14.5816
internal_count=535 515 472 443 43
is_linear=0
shrinkage=0.1


Tree=69
num_leaves=5
num_cat=0
split_feature=7 7 4 6
split_gain=0.855012 4.49658 1.51787 2.27107
threshold=25.455855811744076 26.8331694839877 18.880790248280395 21.269070790905584
decision_type=2 2 2 2
left_child=-1 -2 -3 -4
right_child=1 2 3 -5
leaf_value=0.043790826824875853 -0.13902870110763699 0.047949329633854974 -0.0347291286699122 0.0034552696250979872
leaf_weight=4.3450783099979153 2.3309119269251815 6.5674783289432517 17.737751761451364 127.81316770240664
leaf_count=22 15 24 75 399
internal_value=4.2378e-05 -0.00118838 0.000923744 -0.00119812
internal_weight=158.794 154.449 152.118 145.551
internal_count=535 513 498 474
is_linear=0
shrinkage=0.1


Tree=70
num_leaves=11
num_cat=0
split_feature=8 7 7 2 6 2 9 5 3 6
split_gain=0.810046 5.46739 5.34706 4.10966 4.05593 4.29593 3.51208 2.72715 2.44518 1.92482
threshold=34.123736540979458 34.765033044153832 35.013681903204763 2.4754708636408247 22.277811562037062 2.1985589369780452 34.215613346306448 20.327650779741994 1.4132588166690758 21.269070790905584
decision_type=2 2 2 2 2 2 2 2 2 2
left_child=4 3 -3 -2 7 -6 -4 8 -1 -9
right_child=1 2 6 -5 5 -7 -8 9 -10 -11
leaf_value=0.036646653702614149 -0.1185222770027544 0.1212115786502051 -0.075796811829969737 9.0692886741733933e-05 0.093587995163510601 0.00086102639483752713 0.003532456613342165 -0.09706246143804248 -0.037044537648143305 -0.016316461003906046
leaf_weight=12.998987307772042 6.9404245018959028 3.6835228651762 5.9744473025202742 5.0439539849758148 9.651204317808153 10.358876243233679 84.703370759263635 4.9413440711796266 6.8891340382397166 7.3338653147220612
leaf_count=52 28 9 26 17 23 32 265 27 31 25
internal_value=2.99905e-05 -0.00497702 0.00310352 -0.0686008 0.0102358 0.0455848 -0.00169427 -0.0117562 0.0111204 -0.0488205
internal_weight=158.519 106.346 94.3613 11.9844 52.1734 20.0101 90.6778 32.1633 19.8881 12.2752
internal_count=535 345 300 45 190 55 291 135 83 52
is_linear=0
shrinkage=0.1


Tree=71
num_leaves=5
num_cat=0
split_feature=1 1 1 1
split_gain=0.842987 3.78332 1.99985 2.38494
threshold=3.2742637470575295 3.0760354685332665 2.9073313659980449 2.7431031854900176
decision_type=2 2 2 2
left_child=1 2 3 -1
right_child=-2 -3 -4 -5
leaf_value=-0.0034384485872543374 -0.037465821888148121 0.075125117374736983 -0.049923097313355508 0.040669635477483007
leaf_weight=123.62638951651752 5.7789823561906806 6.6638808697462073 8.193249970674513 13.607924252748488
leaf_count=426 20 18 32 39
internal_value=2.16914e-05 0.0014461 -0.00193007 0.000935235
internal_weight=157.87 152.091 145.428 137.234
internal_count=535 515 497 465
is_linear=0
shrinkage=0.1


Tree=72
num_leaves=8
num_cat=0
split_feature=9 9 6 5 3 8 6
split_gain=0.810681 3.18409 1.84552 4.96264 5.15957 3.55112 2.48464
threshold=40.467551595356419 42.021709862820167 26.013324594190173 25.704523249663982 1.3758779923404878 35.60166708792925 26.562172329557871
decision_type=2 2 2 2 2 2 2
left_child=2 -2 3 5 -5 -1 -4
right_child=1 -3 6 4 -6 -7 -8
leaf_value=-0.0081371267204048865 -0.071332178772846422 0.02407407044267432 0.067316633724891481 -0.10258410959420186 0.020751035915070909 0.030348683524678777 -0.00051203239212006314
leaf_weight=70.754696868360043 6.8978243172168714 7.0973981618881226 9.5421116612851637 9.2301827073097211 5.3624520152807227 36.263063231483102 12.44270685315132
leaf_count=263 29 22 25 37 16 104 39
internal_value=2.53876e-05 -0.0229488 0.00226452 -0.00255568 -0.0572613 0.00490382 0.0289278
internal_weight=157.59 13.9952 143.595 121.61 14.5926 107.018 21.9848
internal_count=535 51 484 420 53 367 64
is_linear=0
shrinkage=0.1


Tree=73
num_leaves=10
num_cat=0
split_feature=8 7 7 9 3 2 7 8 7
split_gain=0.809923 4.50596 4.57672 3.4559 3.31947 3.03375 2.36326 7.73228 5.85729
threshold=34.123736540979458 34.765033044153832 35.013681903204763 34.9121362314986 1.1532392775631537 2.8203952353497774 30.400730014541981 29.955447547328877 31.52112061157823
decision_type=2 2 2 2 2 2 2 2 2
left_child=3 4 -3 6 -2 -4 7 -1 -8
right_child=1 2 5 -5 -6 -7 8 -9 -10
leaf_value=0.0084844252039403892 -0.11485196881452536 0.11256200234459324 0.003597310207163645 0.080629951394150495 -0.0086101030996885656 -0.061225910860787242 0.090729729188886332 -0.13957115063263828 -0.012169060204022962
leaf_weight=15.78041195869446 6.0626194402575475 3.6204727292060843 81.949140110984445 6.1502291411161414 5.7113736271858215 7.9172059744596472 8.1873265653848666 4.5429140031337729 17.056377630680799
leaf_count=71 25 9 263 15 20 28 22 22 60
internal_value=1.97556e-05 -0.0050151 0.00232745 0.0102673 -0.0633158 -0.0021136 0.000770334 -0.0246107 0.0212043
internal_weight=156.978 105.261 93.4868 51.7173 11.774 89.8663 45.567 20.3233 25.2437
internal_count=535 345 300 190 45 291 175 93 82
is_linear=0
shrinkage=0.1


Tree=74
num_leaves=9
num_cat=0
split_feature=3 2 4 3 0 6 8 6
split_gain=0.892032 2.36802 2.17403 4.39037 3.19468 3.75083 2.02524 2.31296
threshold=0.87358028716469227 2.0435833983477458 28.749853610992435 1.3009260541948935 3.3768732811151954 27.062581014243964 38.464639534778172 22.691842329187399
decision_type=2 2 2 2 2 2 2 2
left_child=1 -1 4 -4 5 -2 7 -3
right_child=2 6 3 -5 -6 -7 -8 -9
leaf_value=0.056756610344487826 -0.000313325606625459 0.02433882751262758 -0.11023136229375963 0.0099925237889933738 -0.072336611873060813 0.082235599433043663 0.046795720210274339 -0.04230270796084204
leaf_weight=9.4450971260666829 94.628871103748679 8.6326678618788772 5.5224111676216108 6.7505876049399376 5.7210220992565146 5.8442702293395987 6.760232761502265 13.128446310758589
leaf_count=33 326 29 25 22 22 15 19 44
internal_value=1.91289e-05 0.0133582 -0.00425577 -0.0441039 0.00034953 0.00448834 -0.00101362 -0.0158659
internal_weight=156.434 37.9664 118.467 12.273 106.194 100.473 28.5213 21.7611
internal_count=535 125 410 47 363 341 92 73
is_linear=0
shrinkage=0.1


Tree=75
num_leaves=5
num_cat=0
split_feature=7 5 9 4
split_gain=0.862029 1.25736 4.53876 2.3208
threshold=46.04458847956267 28.987852814619732 40.418635989500324 27.566755294799808
decision_type=2 2 2 2
left_child=1 2 3 -1
right_child=-2 -3 -4 -5
leaf_value=0.0036093200174641665 0.037577275387881928 0.039445974905166312 -0.088614027723011135 -0.049785547590894326
leaf_weight=128.36175488680601 5.878609348088502 7.1568789035081855 6.0029419064521781 8.6914467290043813
leaf_count=434 20 20 27 34
internal_value=1.19003e-05 -0.00145823 -0.0035046 0.0002232
internal_weight=156.092 150.213 143.056 137.053
internal_count=535 515 495 468
is_linear=0
shrinkage=0.1


Tree=76
num_leaves=9
num_cat=0
split_feature=9 1 6 7 4 4 6 1
split_gain=0.836458 3.96051 6.76773 4.57501 3.42483 6.39417 3.57872 2.85666
threshold=36.685963602529021 2.7431031854900176 24.376902515019268 37.0241582425868 23.795481711626056 25.512728168739162 26.562172329557871 2.9073313659980449
decision_type=2 2 2 2 2 2 2 2
left_child=1 2 3 -1 -2 -6 -7 -3
right_child=4 7 -4 -5 5 6 -8 -9
leaf_value=-0.018309735547662003 0.059107781997754572 0.079080160411624606 -0.099967131334196435 0.047123348176235522 -0.080309258464659139 0.042906028585738165 -0.01557633334393534 -0.00031314014517377486
leaf_weight=54.029069364070892 11.191006213426588 8.3271278291940707 8.5193265080451948 13.319875409826635 8.6491758823394758 21.270658932626247 20.594380766153336 9.9440293461084348
leaf_count=208 30 22 33 41 32 61 72 36
internal_value=5.67531e-06 -0.00592564 -0.0159913 -0.00536877 0.00905468 -0.00203417 0.0141372 0.0358706
internal_weight=155.845 94.1394 75.8683 67.3489 61.7052 50.5142 41.865 18.2712
internal_count=535 340 282 249 195 165 133 58
is_linear=0
shrinkage=0.1


Tree=77
num_leaves=6
num_cat=0
split_feature=1 3 5 5 5
split_gain=0.76424 1.5306 1.82975 5.56819 4.2065
threshold=3.0760354685332665 1.7324029610907399 22.522183207041888 24.056784874495964 21.913226664030304
decision_type=2 2 2 2 2
left_child=1 2 4 -4 -1
right_child=-2 -3 3 -5 -6
leaf_value=0.0013424777960322869 0.024056233941668975 -0.046370981333792152 -0.050189644005045067 0.0065636474413132036 0.078238790154494087
leaf_weight=34.025301486253738 12.182617366313933 7.3845898080617181 23.004224859178066 69.565205544233322 8.9944804757833463
leaf_count=138 38 36 82 218 23
internal_value=1.3279e-05 -0.00203539 0.000379257 -0.00753999 0.0174198
internal_weight=155.156 142.974 135.589 92.5694 43.0198
internal_count=535 497 461 300 161
is_linear=0
shrinkage=0.1


Tree=78
num_leaves=5
num_cat=0
split_feature=4 5 3 6
split_gain=1.00584 2.66546 2.45967 1.49258
threshold=31.52486791647971 28.987852814619732 0.61906767680319497 26.562172329557871
decision_type=2 2 2 2
left_child=1 2 -1 -4
right_child=-2 -3 3 -5
leaf_value=-0.061688364592274336 -0.042712878041268297 0.071833638301571967 0.0052733639032770362 -0.029401740426968449
leaf_weight=6.3832187354564658 5.3203914687037459 5.2057375609874716 124.16956738382578 13.792651772499083
leaf_count=32 20 13 419 51
internal_value=1.41463e-05 0.00153419 -0.00100112 0.00180675
internal_weight=154.872 149.551 144.345 137.962
internal_count=535 515 502 470
is_linear=0
shrinkage=0.1


Tree=79
num_leaves=7
num_cat=0
split_feature=3 0 4 3 4 9
split_gain=0.833805 3.78716 2.28939 4.07063 3.29316 2.7956
threshold=0.69972750490411473 2.5264268562256054 28.824572399142202 1.3009260541948935 28.028889996421643 40.203086479277822
decision_type=2 2 2 2 2 2
left_child=1 -1 4 -4 5 -2
right_child=2 -3 3 -5 -6 -7
leaf_value=0.063619534702120353 0.0012959694371330582 -0.041775691366289114 -0.10707224295080163 0.010047573872042087 0.074979411330675566 -0.072524953773261333
leaf_weight=8.8332623038440925 117.08112965896726 5.5523835197091094 5.5309924930334073 6.4030155539512634 5.8312522545456877 5.3650624305009833
leaf_count=30 397 22 26 21 17 22
internal_value=1.28651e-05 0.0229405 -0.0023395 -0.0442333 0.001558 -0.00193854
internal_weight=154.597 14.3856 140.211 11.934 128.277 122.446
internal_count=535 52 483 47 436 419
is_linear=0
shrinkage=0.1


Tree=80
num_leaves=6
num_cat=0
split_feature=7 6 5 7 4
split_gain=0.844393 1.43953 5.37826 1.87568 1.15381
threshold=46.04458847956267 27.062581014243964 27.069198396340493 40.231664707114028 28.824572399142202
decision_type=2 2 2 2 2
left_child=1 2 3 -1 -3
right_child=-2 4 -4 -5 -6
leaf_value=0.0034715122802813541 0.03767100079660627 0.056204877385039126 -0.094470728946028093 -0.040316316535940498 -0.0014018041023808445
leaf_weight=117.55734079703689 5.7301865220069876 7.3947845697402936 6.3477007150650016 10.670476973056791 6.5623764991760254
leaf_count=404 20 21 29 39 22
internal_value=3.37843e-06 -0.00144979 -0.00462019 -0.000172292 0.0291194
internal_weight=154.263 148.533 134.576 128.228 13.9572
internal_count=535 515 472 443 43
is_linear=0
shrinkage=0.1


Tree=81
num_leaves=11
num_cat=0
split_feature=9 5 5 6 1 9 8 0 1 7
split_gain=0.825801 3.56513 7.15176 3.99974 3.29096 5.68946 5.1143 4.36722 2.52342 1.34975
threshold=36.736689000280286 24.905469190680183 25.883981321692598 26.562172329557871 2.7431031854900176 35.072037811036772 36.026733066996321 2.8312945596480863 2.9073313659980449 36.945861816406257
decision_type=2 2 2 2 2 2 2 2 2 2
left_child=4 9 -3 -4 5 7 -7 -1 -6 -2
right_child=1 2 3 -5 8 6 -8 -9 -10 -11
leaf_value=0.0094341633010894474 0.078455683472175672 -0.086897600319304505 0.053873755990188392 -0.013550729723547431 0.074106666136065424 -0.12158056182466453 -0.015773615883547774 -0.084430854515214135 -0.0012951688315698262 0.018345435384605532
leaf_weight=52.316586645320058 8.2518538236618024 8.6084844172000867 15.068786341696976 21.143165901303291 8.0858132690191287 8.2816132158041018 10.188597112894056 5.4755418822169295 9.8393186591565591 6.8253994137048712
leaf_count=193 21 32 42 76 22 34 33 25 36 21
internal_value=2.16213e-08 0.00918015 -0.00496983 0.0145064 -0.005838 -0.0149004 -0.063215 0.000540879 0.0327177 0.0512441
internal_weight=154.085 59.8977 44.8204 36.212 94.1875 76.2623 18.4702 57.7921 17.9251 15.0773
internal_count=535 192 150 118 343 285 67 218 58 42
is_linear=0
shrinkage=0.1


Tree=82
num_leaves=9
num_cat=0
split_feature=6 9 6 9 5 6 6 7
split_gain=0.824718 5.25781 3.2617 3.21677 4.10403 3.31832 3.03284 2.60355
threshold=26.013324594190173 38.408351974564006 26.562172329557871 36.736689000280286 24.905469190680183 24.742202569311903 27.062581014243964 42.851562500000007
decision_type=2 2 2 2 2 2 2 2
left_child=1 3 -2 5 -5 -1 -4 -8
right_child=2 -3 6 4 -6 -7 7 -9
leaf_value=-0.00088909286345254055 0.062500699162311477 -0.083829531932816212 -0.06604413630862932 0.069313757840359425 -0.024677917356465601 -0.071802407210957139 0.052060754753336005 -0.025266729768936444
leaf_weight=84.317261856049299 9.7692239470779878 7.696667179465293 6.2337290346622494 13.615095630288126 7.051455855369567 7.1590455919504157 9.1373962759971636 8.3174849078059179
leaf_count=309 27 29 27 36 23 27 26 31
internal_value=-5.62391e-07 -0.00387612 0.0138809 0.0016113 0.0372437 -0.00643885 -0.00616993 0.0152132
internal_weight=153.297 119.84 33.4578 112.143 20.6666 91.4763 23.6886 17.4549
internal_count=535 424 111 395 59 336 84 57
is_linear=0
shrinkage=0.1


Tree=83
num_leaves=11
num_cat=0
split_feature=4 9 4 6 6 5 8 7 2 0
split_gain=0.869411 6.90959 3.7675 4.51099 5.67268 4.03555 2.81198 6.9303 1.94815 1.46996
threshold=25.37888186874671 38.408351974564006 26.348619641329616 25.889477905240366 26.562172329557871 26.168450151292927 36.125382784457408 35.470276832580574 2.2857402098748221 2.4755266655640757
decision_type=2 2 2 2 2 2 2 2 2 2
left_child=1 6 9 5 -5 -4 7 -1 -8 -2
right_child=2 -3 3 4 -6 -7 8 -9 -10 -11
leaf_value=0.0026788426215379056 0.016770527577420868 -0.12294905504402896 -0.013989374130395882 0.084825752946935062 -0.013603368020981192 -0.12345827297324014 0.073916963400740429 -0.098836361520235311 0.0015136179505754171 0.073696181383368517
leaf_weight=64.938063593581319 8.4575399905443209 4.7979212403297415 9.9554240982979518 8.5234736651182192 18.703608646988869 5.0890878066420546 7.8971270322799665 7.5018533170223227 7.0195086300373077 9.7834715247154218
leaf_count=241 25 20 37 22 68 23 21 32 21 25
internal_value=5.36686e-06 -0.00610975 0.00931805 -0.00707289 0.01721 -0.0510193 0.000307469 -0.00783404 0.0398452 0.0473023
internal_weight=152.667 92.1545 60.5126 42.2716 27.2271 15.0445 87.3566 72.4399 14.9166 18.241
internal_count=535 335 200 150 90 60 315 273 42 50
is_linear=0
shrinkage=0.1


Tree=84
num_leaves=10
num_cat=0
split_feature=3 0 0 1 3 3 5 7 7
split_gain=0.831106 3.23208 1.79145 4.39857 5.82922 5.33582 2.18955 6.12071 4.72266
threshold=0.69972750490411473 2.5264268562256054 2.3776758786901584 2.2152898949031354 1.2520797182115346 1.3165966312758035 22.73017105393642 30.779116244739409 36.996338844299324
decision_type=2 2 2 2 2 2 2 2 2
left_child=1 -1 3 5 -5 -2 7 -4 -8
right_child=2 -3 6 4 -6 -7 8 -9 -10
leaf_value=0.060292908438176709 0.018554679441992999 -0.037531988316823008 -0.022071521915485462 -0.14318091552441248 -0.0022454053985352649 -0.084018378365940616 -0.03768283484652634 0.07272575042794166 0.017592484648772194
leaf_weight=8.8454494010657054 27.607666229829192 5.4635147750377646 12.565076194703581 5.7559814825654012 5.9875428006052971 6.2127426676452151 25.679573208093643 14.873003304004667 38.828530933707952
leaf_count=30 96 22 53 25 20 32 90 42 125
internal_value=4.40104e-06 0.022941 -0.00238232 -0.0185964 -0.0713237 -0.00028779 0.00565256 0.029314 -0.00441167
internal_weight=151.819 14.309 137.51 45.5639 11.7435 33.8204 91.9462 27.4381 64.5081
internal_count=535 52 483 173 45 128 310 95 215
is_linear=0
shrinkage=0.1


Tree=85
num_leaves=8
num_cat=0
split_feature=6 6 6 5 9 2 2
split_gain=0.753051 3.94068 2.98726 2.479 1.67129 2.27458 3.15254
threshold=22.057150293139138 22.505652262187869 22.981616763170802 22.522183207041888 28.034402383692029 1.8949004482148035 2.2629072633893355
decision_type=2 2 2 2 2 2 2
left_child=4 -2 -3 -4 -1 -6 -7
right_child=1 2 3 -5 5 6 -8
leaf_value=0.034525644525032879 0.071027435183451781 -0.057534526260607233 0.075238808980657698 0.00028405123596123596 0.016486365498978365 -0.07217923821841582 0.0095421812354628145
leaf_weight=6.2608036771416655 8.1436395198106748 8.6332044675946218 4.6310870796442023 93.452332027256489 10.107255950570108 12.630388427525761 7.5376582592725745
leaf_count=33 21 33 12 309 38 63 26
internal_value=-1.57659e-06 0.00397611 -0.00114063 0.0038231 -0.0125064 -0.0222325 -0.0416365
internal_weight=151.396 114.86 106.717 98.0834 36.5361 30.2753 20.168
internal_count=535 375 354 321 160 127 89
is_linear=0
shrinkage=0.1


Tree=86
num_leaves=7
num_cat=0
split_feature=2 3 3 0 3 1
split_gain=0.805109 1.88429 2.7512 2.44658 1.7931 1.34919
threshold=1.7966916676775386 1.5918995330602057 1.7324029610907399 3.3768732811151954 1.1479008569209281 2.2338058222831894
decision_type=2 2 2 2 2 2
left_child=4 3 -3 5 -1 -2
right_child=1 2 -4 -5 -6 -7
leaf_value=0.019525004918191646 0.015688089899524055 0.084929142866525642 -0.0049687490471216691 -0.064517557766508402 -0.06316716683868466 -0.0064836720202623536
leaf_weight=4.7073321491479856 42.239831198006868 6.423351123929022 7.2428616732358932 5.9286693632602683 5.920113755390048 78.36133511736989
leaf_count=16 150 16 30 22 31 270
internal_value=-2.74879e-06 0.00200884 0.0372848 -0.00180124 -0.0265394 0.00128185
internal_weight=150.823 140.196 13.6662 126.53 10.6274 120.601
internal_count=535 488 46 442 47 420
is_linear=0
shrinkage=0.1


Tree=87
num_leaves=7
num_cat=0
split_feature=3 0 4 3 6 5
split_gain=0.745128 2.65698 1.77836 3.47521 2.72968 1.55261
threshold=0.69972750490411473 2.5264268562256054 28.824572399142202 1.3009260541948935 27.062581014243964 26.846903067550066
decision_type=2 2 2 2 2 2
left_child=1 -1 4 -4 5 -2
right_child=2 -3 3 -5 -6 -7
leaf_value=0.055752118089645031 0.00013934702249516654 -0.033248984856644993 -0.099985322526258469 0.010468650759742784 0.06153331949863089 -0.053693607361554666
leaf_weight=8.7897261343896371 112.22015690617263 5.4242236837744704 5.2393500357866269 6.2423155531287193 7.0721451938152304 5.6261330693960181
leaf_count=30 394 22 26 21 20 22
internal_value=-6.03057e-07 0.0217882 -0.00227116 -0.0399341 0.00119056 -0.00243071
internal_weight=150.614 14.2139 136.4 11.4817 124.918 117.846
internal_count=535 52 483 47 436 416
is_linear=0
shrinkage=0.1


Tree=88
num_leaves=6
num_cat=0
split_feature=7 6 5 5 2
split_gain=0.793923 1.15615 4.01765 1.38789 1.08801
threshold=46.04458847956267 27.062581014243964 27.069198396340493 26.560554853531791 2.6652352202074741
decision_type=2 2 2 2 2
left_child=1 2 3 -1 -3
right_child=-2 4 -4 -5 -6
leaf_value=-0.0030551666386638338 0.037208408252373155 -0.00039729952182620735 -0.08477953975947812 0.042983890814493872 0.056059050177512317
leaf_weight=118.22396287322044 5.5220033507794133 7.2410991638898832 5.9247396849095812 6.9318027198314658 6.4579162299633026
leaf_count=423 20 25 29 20 18
internal_value=-6.1346e-06 -0.00142553 -0.00431441 -0.000505275 0.026217
internal_weight=150.302 144.78 131.081 125.156 13.699
internal_count=535 515 472 443 43
is_linear=0
shrinkage=0.1


Tree=89
num_leaves=9
num_cat=0
split_feature=5 8 8 5 7 5 9 9
split_gain=0.723705 3.26127 5.33735 8.82439 2.90144 2.79275 1.69662 2.89169
threshold=24.056784874495964 35.008812543304266 37.005875028869511 24.905469190680183 37.0241582425868 23.493663305863453 35.903961225853372 34.95948310486181
decision_type=2 2 2 2 2 2 2 2
left_child=5 -2 4 -4 -3 6 7 -1
right_child=1 2 3 -5 -6 -7 -8 -9
leaf_value=0.00078497194274590855 0.073261391377198393 -0.079760194467137627 0.1154852364497921 -0.00041602971297258228 0.0049329315187260627 -0.061583908756524523 0.043891007914017857 -0.081250948081618535
leaf_weight=50.003277566283941 6.7087115570902816 10.826694682240488 7.618098570033907 47.708554156124592 6.4576323032379142 8.3738958239555341 7.6929584741592398 4.7007112354040137
leaf_count=196 20 41 18 165 21 31 23 20
internal_value=-6.63962e-06 0.00655241 0.000388998 0.0155428 -0.0481178 -0.007358 -8.0683e-05 -0.00626437
internal_weight=150.091 79.3197 72.611 55.3267 17.2843 70.7708 62.3969 54.704
internal_count=535 265 245 183 62 270 239 216
is_linear=0
shrinkage=0.1


Tree=90
num_leaves=10
num_cat=0
split_feature=4 5 3 4 6 1 8 2 3
split_gain=0.700762 5.72379 3.06322 3.51503 3.27653 2.58101 2.09617 1.89178 1.18256
threshold=25.224476695060734 24.520375720736407 0.76059499033954037 26.348619641329616 25.889477905240366 2.7431031854900176 35.60166708792925 2.2647702532925522 1.2415449788188624
decision_type=2 2 2 2 2 2 2 2 2
left_child=1 5 -2 7 -5 6 -1 -4 -7
right_child=2 -3 3 4 -6 8 -8 -9 -10
leaf_value=-0.014271256140399742 0.061808023093830426 -0.081663859366381888 0.067650992811249255 -0.060037629465203683 0.0038505560154418399 0.0094184365283808361 0.028528203620807088 0.0004371323186360466 0.071009177466359305
leaf_weight=52.683814126998186 9.0930606573820096 8.9122006744146329 8.9959930926561373 12.595193445682524 22.134362056851387 5.519616484642027 14.618510141968725 7.8341724425554267 7.1629620790481567
leaf_count=207 25 35 24 54 78 20 44 25 23
internal_value=7.17961e-06 -0.00564706 0.00829444 -0.00114321 -0.0193195 0.00282301 -0.00497493 0.036364 0.0442041
internal_weight=149.55 88.8971 60.6528 51.5597 34.7296 79.9849 67.3023 16.8302 12.6826
internal_count=535 329 206 181 132 294 251 49 43
is_linear=0
shrinkage=0.1


Tree=91
num_leaves=5
num_cat=0
split_feature=7 0 1 7
split_gain=0.630544 1.38841 2.22906 0.918405
threshold=46.04458847956267 3.4388559519486965 3.0760354685332665 31.381896972656254
decision_type=2 2 2 2
left_child=1 2 3 -1
right_child=-2 -3 -4 -5
leaf_value=0.014572811999596955 0.033126925165090047 -0.047293228317465519 0.064725346715765908 -0.0059890771260790489
leaf_weight=27.434555254876614 5.5363564342260352 6.2672722190618506 5.2520111054182044 104.32945863157511
leaf_count=112 20 24 16 363
internal_value=1.27847e-05 -0.00126672 0.000838586 -0.00170789
internal_weight=148.82 143.283 137.016 131.764
internal_count=535 515 491 475
is_linear=0
shrinkage=0.1


Tree=92
num_leaves=8
num_cat=0
split_feature=2 3 8 1 1 1 1
split_gain=0.656558 1.59462 2.36466 1.80109 5.63316 3.52494 1.55205
threshold=1.7966916676775386 1.5269245010840158 35.769100127131793 2.1393310325611306 2.0904850711294491 2.2048433596825325 2.0746487403767646
decision_type=2 2 2 2 2 2 2
left_child=6 3 -3 4 -2 -5 -1
right_child=1 2 -4 5 -6 -7 -8
leaf_value=0.010613340875983616 -0.017196766595311115 0.057079934145744575 -0.013961308076965329 -0.074470906760936581 0.077782899933716759 -0.0032221518682358794 -0.066856408659900543
leaf_weight=5.7632480002939683 15.635471882298591 11.59678700193763 7.8617981150746337 7.560396544635295 10.396490454673765 85.14236156642437 4.6910245902836323
leaf_count=23 69 36 29 30 28 296 24
internal_value=1.44202e-05 0.00184236 0.0283773 -0.00250627 0.0207356 -0.00903286 -0.0241488
internal_weight=148.648 138.193 19.4586 118.735 26.032 92.7028 10.4543
internal_count=535 488 65 423 97 326 47
is_linear=0
shrinkage=0.1


Tree=93
num_leaves=8
num_cat=0
split_feature=4 8 8 7 4 3 8
split_gain=0.692002 4.90983 4.09265 4.81824 2.74459 2.7514 4.01016
threshold=25.479999919179495 37.767648255589357 36.125382784457408 35.470276832580574 25.792449951171879 0.76059499033954037 37.566507938183442
decision_type=2 2 2 2 2 2 2
left_child=1 2 3 -1 -2 -6 -7
right_child=4 -3 -4 -5 5 6 -8
leaf_value=0.001391681665046923 0.07220858981073229 -0.080268395758226613 0.055782520771242919 -0.085222440020648979 0.055786901625780316 -0.07480454496470168 0.005233145305470986
leaf_weight=63.649058813229203 6.068650171160697 7.9915346577763549 12.011156052350996 7.1434183269739142 7.7994774729013434 7.5807218551635733 35.930758457630873
leaf_count=242 16 31 33 32 22 31 128
internal_value=1.76843e-05 -0.005415 0.00180925 -0.00734824 0.00861414 0.00109269 -0.0087113
internal_weight=148.175 90.7952 82.8036 70.7925 57.3796 51.311 43.5115
internal_count=535 338 307 274 197 181 159
is_linear=0
shrinkage=0.1


Tree=94
num_leaves=9
num_cat=0
split_feature=5 6 5 9 9 5 7 9
split_gain=0.63335 2.54597 2.40929 1.93628 3.6909 2.6844 1.41927 4.67582
threshold=24.056784874495964 24.131011976111232 23.493663305863453 37.33018173217598 35.072037811036772 24.905469190680183 35.877399479554491 35.903961225853372
decision_type=2 2 2 2 2 2 2 2
left_child=2 -2 6 4 -3 -5 7 -1
right_child=1 3 -4 5 -6 -7 -8 -9
leaf_value=-0.0050627744054778006 0.050941971857059315 0.032911170900854499 -0.057815950564404132 0.080836393513077809 -0.057118887445572836 0.001996822985516017 -0.045338198145095522 0.088940496606620331
leaf_weight=49.656096192076802 10.94366182386875 6.8679137751460102 8.198420897126196 4.8211473971605292 13.513438642024992 41.445226326584816 6.2413807511329642 5.9225246906280509
leaf_count=197 36 22 31 12 52 143 27 15
internal_value=1.70408e-05 0.00623952 -0.00687844 -0.00110069 -0.0267814 0.0102122 -0.000123233 0.00495433
internal_weight=147.61 77.5914 70.0184 66.6477 20.3814 46.2664 61.82 55.5786
internal_count=535 265 270 229 74 155 239 212
is_linear=0
shrinkage=0.1


Tree=95
num_leaves=8
num_cat=0
split_feature=5 5 3 6 2 1 8
split_gain=0.622457 5.41511 2.71787 2.76508 3.16235 1.79218 2.42832
threshold=25.904019258989198 25.588386724430581 1.4132588166690758 26.013324594190173 2.4880435155953515 2.0362984790409477 35.60166708792925
decision_type=2 2 2 2 2 2 2
left_child=1 5 3 -2 -5 -1 -7
right_child=2 -3 -4 4 -6 6 -8
leaf_value=-0.053770766730567056 -0.062987037403967008 -0.095269446913792827 0.052203551595694231 0.039092477856176325 -0.040028913275437061 -0.0065184249828209931 0.027276231033015283
leaf_weight=5.5282402057200661 6.5117591992020634 6.1221849620342246 11.301617864519356 14.305005751550199 7.809179261326789 63.532941352576017 31.957298055291176
leaf_count=36 28 27 34 47 30 238 95
internal_value=2.36514e-05 -0.00394785 0.0106807 -0.00571269 0.0111524 0.00158666 0.00479148
internal_weight=147.068 107.141 39.9276 28.6259 22.1142 101.018 95.4902
internal_count=535 396 139 105 77 369 333
is_linear=0
shrinkage=0.1


Tree=96
num_leaves=7
num_cat=0
split_feature=9 7 7 0 7 3
split_gain=0.659009 2.24674 5.08281 3.70228 3.68603 1.66138
threshold=28.034402383692029 30.400730014541981 31.52112061157823 2.2076706784578284 32.262329101562507 1.3543380996765841
decision_type=2 2 2 2 2 2
left_child=-1 3 -3 -2 -4 -5
right_child=1 2 4 5 -6 -7
leaf_value=0.031486459376771261 0.025127498831027734 0.077720055817014619 -0.088223800489661414 -0.12476915747773075 0.0011754728648802283 -0.038669839623938634
leaf_weight=6.3647992573678485 5.6376547515392295 8.4701480939984304 4.8098330274224272 4.1401693597435933 112.13643217273057 4.8860170729458332
leaf_count=34 23 23 20 20 393 22
internal_value=1.59117e-05 -0.00141401 0.00291646 -0.0384515 -0.00250139 -0.0781622
internal_weight=146.445 140.08 125.416 14.6638 116.946 9.02619
internal_count=535 501 436 65 413 42
is_linear=0
shrinkage=0.1


Tree=97
num_leaves=10
num_cat=0
split_feature=8 7 9 2 2 2 7 2 9
split_gain=0.588875 4.12877 2.83984 2.55356 3.97658 2.46651 3.92471 2.93568 2.31561
threshold=34.123736540979458 34.765033044153832 34.9121362314986 2.8203952353497774 2.3460415659126865 1.8949004482148035 32.761977024576431 1.7966916676775386 36.554707677563307
decision_type=2 2 2 2 2 2 2 2 2
left_child=2 8 5 4 -3 7 -7 -1 -2
right_child=1 3 -4 -5 -6 6 -8 -9 -10
leaf_value=-0.011662017525648953 -0.10967272475313053 -0.010234400141785081 0.074905490260790186 -0.049699305125761185 0.035894858467188484 0.0031086981019133484 -0.085067768865459512 0.08694552717018178 -0.016729087378100586
leaf_weight=5.9230479374527913 5.3424803465604764 46.175244661048055 5.7573769539594641 8.3713469654321653 31.392807021737099 25.222963962703947 6.3107446655631056 6.158222820609808 5.3798936754465103
leaf_count=26 27 171 15 31 98 103 27 19 18
internal_value=1.00882e-05 -0.00452827 0.00889534 0.00277189 0.00843472 0.0001817 -0.0145378 0.0386015 -0.0630388
internal_weight=146.034 96.6618 49.3724 85.9394 77.5681 43.615 31.5337 12.0813 10.7224
internal_count=535 345 190 300 269 175 130 45 45
is_linear=0
shrinkage=0.1


Tree=98
num_leaves=9
num_cat=0
split_feature=2 1 3 8 3 3 0 2
split_gain=0.598354 3.44414 3.04665 2.79822 2.54951 2.13576 2.62771 3.79532
threshold=2.5767099716940653 2.6891446775556891 1.6316982421584603 36.513732610037685 1.5269245010840158 1.0324596410366083 2.8646804555319254 2.7936630214323861
decision_type=2 2 2 2 2 2 2 2
left_child=1 2 4 -3 -1 -2 -7 -8
right_child=5 3 -4 -5 -6 6 7 -9
leaf_value=0.0019465397149075799 -0.026169687179323393 -0.0089664806635560319 -0.063574822718037202 -0.11010081418464773 0.061298203086839011 -0.019117189118408925 0.10509994271474621 0.0024345179214254006
leaf_weight=88.492951421067119 9.9597180821001547 5.8074769005179387 6.5708852838724843 5.1724585890769958 7.882188417017459 7.2996909692883518 7.3100816458463651 7.0963201969861984
leaf_count=323 37 23 35 22 23 27 20 25
internal_value=1.01972e-05 -0.00336963 0.00230875 -0.0566091 0.00680071 0.01217 0.029762 0.0545289
internal_weight=145.592 113.926 102.946 10.9799 96.3751 31.6658 21.7061 14.4064
internal_count=535 426 381 45 346 109 72 45
is_linear=0
shrinkage=0.1


Tree=99
num_leaves=7
num_cat=0
split_feature=3 3 4 2 4 0
split_gain=0.623913 2.56177 1.80048 2.79596 2.19562 1.88874
threshold=0.69972750490411473 0.61906767680319497 28.824572399142202 2.4597819916074033 28.028889996421643 3.3768732811151954
decision_type=2 2 2 2 2 2
left_child=1 -1 4 -4 5 -2
right_child=2 -3 3 -5 -6 -7
leaf_value=-0.015693066353002539 0.0014970681510865194 0.072434962615647358 -0.093371607014929428 0.0071889951499383084 0.064000589799212262 -0.056919183487505125
leaf_weight=8.0608744993805868 109.24959708191454 5.5830119252204886 5.2749968059360963 5.8103312700986862 5.3622018918395034 5.8301980569958678
leaf_count=37 395 15 27 20 17 24
internal_value=1.39766e-05 0.0203685 -0.00209748 -0.0406632 0.00145205 -0.00146243
internal_weight=145.171 13.6439 131.527 11.0853 120.442 115.08
internal_count=535 52 483 47 436 419
is_linear=0
shrinkage=0.1


end of trees

feature_importances:
pass_tds_std_L5=82
completions_L10=76
pass_tds_L5=72
attempts_L10=72
pass_tds_L3=61
pass_tds_L10=59
completions_L3=57
completions_L5=55
attempts_L3=53
attempts_L5=38

parameters:
[boosting: gbdt]
[objective: binary]
[metric: binary_logloss]
[tree_learner: serial]
[device_type: cpu]
[data_sample_strategy: bagging]
[data: ]
[valid: ]
[num_iterations: 100]
[learning_rate: 0.1]
[num_leaves: 31]
[num_threads: 2]
[seed: 42]
[deterministic: 0]
[force_col_wise: 0]
[force_row_wise: 0]
[histogram_pool_size: -1]
[max_depth: 4]
[min_data_in_leaf: 20]
[min_sum_hessian_in_leaf: 0.001]
[bagging_fraction: 1]
[pos_bagging_fraction: 1]
[neg_bagging_fraction: 1]
[bagging_freq: 0]
[bagging_seed: 400]
[bagging_by_query: 0]
[feature_fraction: 1]
[feature_fraction_bynode: 1]
[feature_fraction_seed: 30056]
[extra_trees: 0]
[extra_seed: 12879]
[early_stopping_round: 0]
[early_stopping_min_delta: 0]
[first_metric_only: 0]
[max_delta_step: 0]
[lambda_l1: 0]
[lambda_l2: 0]
[linear_lambda: 0]
[min_gain_to_split: 0]
[drop_rate: 0.1]
[max_drop: 50]
[skip_drop: 0.5]
[xgboost_dart_mode: 0]
[uniform_drop: 0]
[drop_seed: 17869]
[top_rate: 0.2]
[other_rate: 0.1]
[min_data_per_group: 100]
[max_cat_threshold: 32]
[cat_l2: 10]
[cat_smooth: 10]
[max_cat_to_onehot: 4]
[top_k: 20]
[monotone_constraints: ]
[monotone_constraints_method: basic]
[monotone_penalty: 0]
[feature_contri: ]
[forcedsplits_filename: ]
[refit_decay_rate: 0.9]
[cegb_tradeoff: 1]
[cegb_penalty_split: 0]
[cegb_penalty_feature_lazy: ]
[cegb_penalty_feature_coupled: ]
[path_smooth: 0]
[interaction_constraints: ]
[verbosity: -1]
[saved_feature_importance_type: 0]
[use_quantized_grad: 0]
[num_grad_quant_bins: 4]
[quant_train_renew_leaf: 0]
[stochastic_rounding: 1]
[linear_tree: 0]
[max_bin: 255]
[max_bin_by_feature: ]
[min_data_in_bin: 3]
[bin_construct_sample_cnt: 200000]
[data_random_seed: 175]
[is_enable_sparse: 1]
[enable_bundle: 1]
[use_missing: 1]
[zero_as_missing: 0]
[feature_pre_filter: 1]
[pre_partition: 0]
[two_round: 0]
[header: 0]
[label_column: ]
[weight_column: ]
[group_column: ]
[ignore_column: ]
[categorical_feature: ]
[forcedbins_filename: ]
[precise_float_parser: 0]
[parser_config_file: ]
[objective_seed: 16083]
[num_class: 1]
[is_unbalance: 0]
[scale_pos_weight: 2.40764]
[sigmoid: 1]
[boost_from_average: 1]
[reg_sqrt: 0]
[alpha: 0.9]
[fair_c: 1]
[poisson_max_delta_step: 0.7]
[tweedie_variance_power: 1.5]
[lambdarank_truncation_level: 30]
[lambdarank_norm: 1]
[label_gain: ]
[lambdarank_position_bias_regularization: 0]
[eval_at: ]
[multi_error_top_k: 1]
[auc_mu_weights: ]
[num_machines: 1]
[local_listen_port: 12400]
[time_out: 120]
[machine_list_filename: ]
[machines: ]
[gpu_platform_id: -1]
[gpu_device_id: -1]
[gpu_use_dp: 0]
[num_gpu: 1]

end of parameters

pandas_categorical:[]
