tree
version=v4
num_class=1
num_tree_per_iteration=1
label_index=0
max_feature_idx=9
objective=binary sigmoid:1
feature_names=passing_yards_L3 passing_yards_L5 passing_yards_L10 passing_yards_std_L5 pass_tds_L3 pass_tds_L5 completions_L3 completions_L5 attempts_L3 attempts_L5
feature_infos=[252.75:458.5] [280.06225194522028:450] [228.82696410293789:450] [0:168.08847917446738] [0.32957226344888108:4.75] [0.63690677867137846:4.5555555555555562] [17.704352498054504:37.8641357421875] [18.35102455892984:37] [26.148143768310547:58.024261474609375] [26.580073287108281:55]
tree_sizes=1053 957 1159 1061 1062 959 1166 959 866 960 1166 865 1168 764 1070 765 864 765 1068 867 1167 1167 765 972 1172 768 768 667 966 768 1267 1068 670 768 1065 870 870 767 774 869 972 871 771 667 771 770 773 967 867 971 670 770 669 669 864 772 871 1176 972 668 671 867 1172 874 669 1172 771 772 767 667 1175 669 775 667 766 671 667 673 967 670 774 767 875 673 874 772 769 1073 873 768 672 876 870 771 671 769 674 768 872 1073

Tree=0
num_leaves=9
num_cat=0
split_feature=9 4 2 5 8 6 3 0
split_gain=12.1831 10.7134 8.50488 9.39663 10.3744 5.54306 5.52024 1.92038
threshold=35.010288065843632 2.5528059005737309 289.78011413855592 1.6333161806627585 41.647900112497169 30.716647808894098 66.900074250496161 302.45868242310831
decision_type=2 2 2 2 2 2 2 2
left_child=1 7 3 -2 -5 6 -4 -1
right_child=2 -3 5 4 -6 -7 -8 -9
leaf_value=-0.29263454679173495 -0.41704633837652849 -0.11464697866251389 -0.28788167049427066 -0.32855460390439084 -0.17676546912179031 -0.33782102163819616 -0.21556052129978498 -0.21453716932810007
leaf_weight=6.869252413511278 7.8358109295368186 9.1017594635486585 17.092584490776062 18.226315081119541 5.9802009463310233 7.1914385855197898 27.590990632772446 5.813028872013092
leaf_count=25 31 29 62 68 20 27 95 20
internal_value=-0.264062 -0.197428 -0.281359 -0.321866 -0.291055 -0.256339 -0.243225 -0.256838
internal_weight=105.701 21.784 83.9173 32.0423 24.2065 51.875 44.6836 12.6823
internal_count=377 74 303 119 88 184 157 45
is_linear=0
shrinkage=1


Tree=1
num_leaves=8
num_cat=0
split_feature=9 5 9 4 1 6 5
split_gain=9.79713 7.52667 9.8294 7.07155 6.69929 4.81883 1.44473
threshold=34.760891509018784 3.074609670450231 38.108355922718886 2.5528059005737309 308.70839534831254 30.716647808894098 1.8739043174040744
decision_type=2 2 2 2 2 2 2
left_child=3 2 4 6 -2 -4 -1
right_child=1 -3 5 -5 -6 -7 -8
leaf_value=0.0054865730533802254 -0.074547975752719459 0.1076390751545773 0.04193622067984544 0.16225443484942714 0.04570193551552261 -0.038475713323468948 0.074237027961139415
leaf_weight=5.8420264124870318 20.279398277401928 7.4976749867200843 42.916325032711029 8.0171053111553174 6.0048041492700568 9.0185673683881742 6.4106387943029404
leaf_count=21 78 25 151 25 21 34 22
internal_value=0.0267129 0.0119281 0.00275375 0.0892349 -0.0470761 0.0279726 0.0414571
internal_weight=105.987 85.7168 78.2191 20.2698 26.2842 51.9349 12.2527
internal_count=377 309 284 68 99 185 43
is_linear=0
shrinkage=0.1


Tree=2
num_leaves=10
num_cat=0
split_feature=5 2 3 3 3 7 1 2 5
split_gain=8.34868 11.3652 8.62108 8.26268 8.57612 6.14759 7.51117 5.08844 0.272674
threshold=1.6245604056151774 291.67351681776319 75.541420150484655 54.167430397116178 60.805906501098782 24.216049382716061 290.69584873617492 307.82930713092327 1.3477366255144039
decision_type=2 2 2 2 2 2 2 2 2
left_child=1 8 3 7 -5 -4 -7 -2 -1
right_child=2 -3 5 4 -6 6 -8 -9 -10
leaf_value=-0.08830412316514398 0.092563699648673226 0.05623274926803426 0.14653098057360614 -0.11859115519799222 0.0064485369292348986 -0.053524450391314642 0.076517974391169918 -0.018790007628797161 -0.12052492438967562
leaf_weight=5.0548493117094058 14.232481658458711 7.4725288748741141 8.80545426905155 7.0858758985996273 24.2825847864151 5.5419731140136745 22.369311451911926 5.7663108706474295 5.4671418368816376
leaf_count=20 48 26 28 28 87 21 76 21 22
internal_value=0.0239967 -0.0380721 0.0366766 0.0102269 -0.0217969 0.0736802 0.0506972 0.0604568 -0.105046
internal_weight=106.079 17.9945 88.084 51.3673 31.3685 36.7167 27.9113 19.9988 10.522
internal_count=377 68 309 184 115 125 97 69 42
is_linear=0
shrinkage=0.1


Tree=3
num_leaves=9
num_cat=0
split_feature=4 9 3 2 0 1 2 7
split_gain=7.4998 9.0223 8.10066 6.88945 6.71329 7.04233 5.42743 3.22522
threshold=2.6241228990256791 35.448471614734061 93.087057952579002 292.99890167298798 326.80185222625738 308.70839534831254 312.48131277802059 26.149590661673031
decision_type=2 2 2 2 2 2 2 2
left_child=2 -2 4 -3 5 -1 -5 -4
right_child=1 3 7 6 -6 -7 -8 -9
leaf_value=-0.017709517567673694 0.13368978068210532 -0.074368776832803005 0.11062087960887168 0.094956816604042815 -0.11176830908885445 0.091518304362819589 -0.012268368566057583 0.014768307328414871
leaf_weight=42.196017578244209 11.072580844163893 5.4306365251541164 8.1669394820928556 12.003204375505449 6.3413942307233802 6.8626937270164481 7.7805960774421683 6.1566599607467642
leaf_count=156 35 21 27 40 25 23 28 22
internal_value=0.0215745 0.0584438 0.0023863 0.0254006 -0.0149454 -0.00242993 0.0527872 0.0694209
internal_weight=106.011 36.287 69.7237 25.2144 55.4001 49.0587 19.7838 14.3236
internal_count=377 124 253 89 204 179 68 49
is_linear=0
shrinkage=0.1


Tree=4
num_leaves=9
num_cat=0
split_feature=9 9 1 7 6 8 4 8
split_gain=6.58774 5.71545 7.37558 8.0595 4.71508 4.51349 4.20925 1.16735
threshold=34.760891509018784 38.108355922718886 308.70839534831254 25.248595300022028 30.716647808894098 42.156250000000007 2.5528059005737309 33.228609700250679
decision_type=2 2 2 2 2 2 2 2
left_child=6 2 3 -2 5 -3 7 -1
right_child=1 4 -4 -5 -6 -7 -8 -9
leaf_value=0.0047313243227860586 -0.017341886216350081 0.017169948121334929 0.052288624864329572 -0.14922651083448679 -0.039379662141193428 0.083215101569018762 0.12769790562930464 0.066422025853293695
leaf_weight=6.4243135154247302 14.630439966917043 31.32944343984127 8.2268468588590604 6.7813273668289176 9.1861841827630979 15.450215861201285 7.9110179245471945 5.8700455576181412
leaf_count=23 55 111 28 28 35 52 25 20
internal_value=0.0194394 0.00731696 -0.0281897 -0.0591111 0.0261207 0.0389831 0.0707988 0.0341861
internal_weight=105.81 85.6045 29.6386 21.4118 55.9658 46.7797 20.2054 12.2944
internal_count=377 309 111 83 198 163 68 43
is_linear=0
shrinkage=0.1


Tree=5
num_leaves=8
num_cat=0
split_feature=3 5 7 2 9 8 1
split_gain=6.46804 8.53125 6.30409 7.52077 5.92627 4.75191 2.01236
threshold=122.02532013631024 2.4469263666438663 24.893085955489195 294.20682902920265 43.266751328959323 34.786728161387153 295.01190612425131
decision_type=2 2 2 2 2 2 2
left_child=1 4 6 -4 5 -1 -3
right_child=-2 2 3 -5 -6 -7 -8
leaf_value=0.028932233932857307 0.11456899726258224 0.065386063191328905 -0.089317538356970039 0.049258043603047842 0.062280602932943935 -0.040382534146963883 0.14463090627817074
leaf_weight=13.048275530338286 6.4495524019002906 6.1905790418386442 5.0186003595590618 17.832743376493454 9.4403013139963132 40.867893859744072 6.6435222029685974
leaf_count=46 21 21 20 61 33 154 21
internal_value=0.0175353 0.0112165 0.0503228 0.0188241 -0.01081 -0.0236076 0.106407
internal_weight=105.491 99.0419 35.6854 22.8513 63.3565 53.9162 12.8341
internal_count=377 356 123 81 233 200 42
is_linear=0
shrinkage=0.1


Tree=6
num_leaves=10
num_cat=0
split_feature=5 2 3 3 4 3 6 2 3
split_gain=5.76083 8.95022 5.90399 6.10048 7.66802 5.71625 3.84641 2.85634 0.274384
threshold=1.6245604056151774 291.67351681776319 75.541420150484655 49.195231156152666 2.6758280209901035 41.396337005744392 28.008807480335239 285.25273702986209 69.163664885084629
decision_type=2 2 2 2 2 2 2 2 2
left_child=1 8 3 5 -5 -2 7 -4 -1
right_child=2 -3 6 4 -6 -7 -8 -9 -10
leaf_value=-0.080010213601071675 0.0075285447235925538 0.046734404545522738 0.1222321512817109 -0.053045648535917457 0.044012468120733249 0.13201141985220305 0.007472238158304033 0.052865663821617198 -0.11279535286208464
leaf_weight=4.9198804050683993 9.3044427484273893 7.5131452679634085 9.3716621696949023 22.842235893011093 12.646541327238081 6.1120500266551963 10.954854115843771 16.193710267543793 5.3055717349052429
leaf_count=20 33 26 31 87 44 20 39 55 22
internal_value=0.0158261 -0.0361338 0.0263687 0.00435777 -0.0184587 0.0568812 0.0570497 0.0782938 -0.0970211
internal_weight=105.164 17.7386 87.4255 50.9053 35.4888 15.4165 36.5202 25.5654 10.2255
internal_count=377 68 309 184 131 53 125 86 42
is_linear=0
shrinkage=0.1


Tree=7
num_leaves=8
num_cat=0
split_feature=3 5 0 1 2 9 9
split_gain=4.95215 6.44338 6.0669 7.15377 4.98431 4.63847 3.35502
threshold=122.02532013631024 1.7692877374028486 326.80185222625738 333.42899717826782 295.83720804302089 34.760891509018784 39.910729363877302
decision_type=2 2 2 2 2 2 2
left_child=1 4 5 -4 6 -3 -1
right_child=-2 2 3 -5 -6 -7 -8
leaf_value=-0.12278809100330355 0.099375084196307903 0.09145127508619276 -0.081943784626482094 0.050999459214871729 0.021380267040578639 0.023372475559160513 -0.026652292514128453
leaf_weight=7.0246593356132525 6.420545056462287 12.880228862166403 10.259889855980875 6.6849307119846335 9.063569247722624 44.881540879607201 7.512300506234169
leaf_count=30 21 43 39 23 32 160 29
internal_value=0.0142862 0.00872894 0.0231184 -0.0294961 -0.0368205 0.0385533 -0.0731078
internal_weight=104.728 98.3071 74.7066 16.9448 23.6005 57.7618 14.537
internal_count=377 356 265 62 91 203 59
is_linear=0
shrinkage=0.1


Tree=8
num_leaves=7
num_cat=0
split_feature=3 4 0 0 7 2
split_gain=4.04943 5.44536 4.55417 7.63836 4.40791 4.38035
threshold=122.02532013631024 2.6758280209901035 326.80185222625738 306.32595205342147 24.893085955489195 294.61292009171945
decision_type=2 2 2 2 2 2
left_child=1 2 3 -1 -3 -6
right_child=-2 4 -4 -5 5 -7
leaf_value=-0.024309673220959008 0.090135609834642139 0.092357511903048334 -0.073644132684995395 0.052401542049093967 -0.065787200181090896 0.041454887517496743
leaf_weight=37.612536370754242 6.3731611222028723 11.252412244677545 9.1931528151035291 19.820290580391884 5.1080212891101864 14.973346590995787
leaf_count=142 21 38 36 69 20 51
internal_value=0.0128973 0.00787226 -0.00829641 0.00216366 0.0422522 0.0141761
internal_weight=104.333 97.9598 66.626 57.4328 31.3338 20.0814
internal_count=377 356 247 211 109 71
is_linear=0
shrinkage=0.1


Tree=9
num_leaves=8
num_cat=0
split_feature=4 2 0 7 6 3 1
split_gain=3.65126 4.47037 3.98911 7.33676 7.98158 6.03225 4.25119
threshold=1.4870869137812408 295.83720804302089 326.80185222625738 27.893202422440236 27.501316070556644 71.82734023371917 333.42899717826782
decision_type=2 2 2 2 2 2 2
left_child=1 -1 3 4 -2 -4 -7
right_child=2 -3 5 -5 -6 6 -8
leaf_value=-0.081186617428672725 0.029957244996306139 0.028204305239811874 -0.10860784957538688 0.11578317374184727 -0.10124945783420923 -0.033345677238417602 0.070189593330856809
leaf_weight=8.5892331749200803 53.041092559695244 6.6112558245658866 5.4791860729455975 8.9429446160793287 5.0804429948329917 8.874854117631914 7.1696904748678199
leaf_count=36 190 23 22 29 20 33 24
internal_value=0.0116715 -0.0336085 0.0194409 0.0314625 0.0184884 -0.0180165 0.0129203
internal_weight=103.789 15.2005 88.5882 67.0645 58.1215 21.5237 16.0445
internal_count=377 59 318 239 210 79 57
is_linear=0
shrinkage=0.1


Tree=10
num_leaves=10
num_cat=0
split_feature=9 9 6 1 1 2 2 8 0
split_gain=3.43612 4.63222 5.76655 6.01883 3.93477 8.66277 4.50343 3.12484 2.21499
threshold=34.760891509018784 38.108355922718886 23.749578600738136 308.70839534831254 303.73144337753399 275.12212440361583 325.66091797008409 33.708090469484887 296.45348039641436
decision_type=2 2 2 2 2 2 2 2 2
left_child=7 2 -2 -4 5 -3 -6 8 -1
right_child=1 4 3 -5 6 -7 -8 -9 -10
leaf_value=-0.029118942045299204 0.059054902832982842 -0.061252215238352836 -0.085984781488104969 0.025638631143516291 -0.034547756618054197 0.073912145137198959 0.055173410501972255 0.10519591321649849 0.055307562241697451
leaf_weight=5.3483272939920443 5.7440426051616695 6.0347749888896969 16.288195565342907 6.8672220110893241 19.213429838418964 22.129061698913574 7.8924522399902335 6.4810643196105948 7.4169865697622299
leaf_count=20 20 24 67 24 71 76 27 22 26
internal_value=0.0105268 0.00181039 -0.0306323 -0.0528805 0.018774 0.04495 -0.00842354 0.048646 0.0199351
internal_weight=103.416 84.1692 28.8995 23.1554 55.2697 28.1638 27.1059 19.2464 12.7653
internal_count=377 309 111 91 198 100 98 68 46
is_linear=0
shrinkage=0.1


Tree=11
num_leaves=7
num_cat=0
split_feature=5 7 9 7 6 7
split_gain=3.20984 3.66813 4.95059 8.04436 4.68463 4.31694
threshold=3.074609670450231 23.131851181752918 40.149180041108728 26.436115195676667 30.716647808894098 21.715240600848386
decision_type=2 2 2 2 2 2
left_child=1 5 3 -3 -4 -1
right_child=-2 2 4 -5 -6 -7
leaf_value=-0.015807663198378372 0.068064881156659249 -0.0045028556435715121 0.050012586374246527 -0.1089136688318136 -0.036384282877729615 0.10021032845308862
leaf_weight=5.4157623797655088 8.5805493295192701 40.048871353268623 23.38676351308823 9.0457446128129941 8.5778649747371656 7.8645524978637695
leaf_count=20 29 151 81 36 33 27
internal_value=0.00950763 0.00418162 -0.00379977 -0.0237407 0.0268276 0.0528978
internal_weight=102.92 94.3396 81.0592 49.0946 31.9646 13.2803
internal_count=377 348 301 187 114 47
is_linear=0
shrinkage=0.1


Tree=12
num_leaves=10
num_cat=0
split_feature=4 6 3 0 0 0 6 3 3
split_gain=3.0575 4.5171 3.65512 4.37455 4.67317 4.12648 2.85186 4.35556 3.90573
threshold=1.4870869137812408 27.501316070556644 75.541420150484655 297.18761134575942 302.32695451990259 289.42530837286512 27.551406860351566 91.074222632265801 95.299516506785764
decision_type=2 2 2 2 2 2 2 2 2
left_child=1 -1 3 5 -5 -2 7 -4 -8
right_child=2 -3 6 4 -6 -7 8 -9 -10
leaf_value=-0.079472879564050761 -0.0061673940210468861 0.03186922742502598 0.020561643063807922 -0.10705929398856662 -0.0066463921529996486 0.087059008585373215 0.051600446944319804 0.10482055297814151 -0.061778487823618278
leaf_weight=8.7564631551504117 10.516401901841165 6.2404045760631552 13.38173593580723 5.6491641402244595 25.812512248754501 8.6557854861021024 6.7015969455242139 11.328687235713003 5.5583945512771606
leaf_count=36 39 23 48 23 95 30 24 38 21
internal_value=0.00858052 -0.0331419 0.0157229 -0.00173106 -0.0246762 0.0359221 0.0396275 0.0591908 0.000197079
internal_weight=102.601 14.9969 87.6043 50.6339 31.4617 19.1722 36.9704 24.7104 12.26
internal_count=377 59 318 187 118 69 131 86 45
is_linear=0
shrinkage=0.1


Tree=13
num_leaves=6
num_cat=0
split_feature=0 3 4 6 5
split_gain=3.00592 3.26088 3.20198 6.97895 4.37234
threshold=278.9722541093318 122.02532013631024 2.0380499867102349 27.501316070556644 2.2399313527271922
decision_type=2 2 2 2 2
left_child=-1 2 3 -2 -4
right_child=1 -3 4 -5 -6
leaf_value=0.073170439029402179 -0.063933174025571776 0.07381149431036782 0.058546374101220183 0.030006264143791147 -0.0040599035173873171
leaf_weight=6.5707795470952979 19.773167476058006 6.129673331975936 15.283514335751532 13.179969593882559 41.29811093211174
leaf_count=23 79 21 53 48 153
internal_value=0.00774367 0.00324978 -0.00158097 -0.0263611 0.012851
internal_weight=102.235 95.6644 89.5348 32.9531 56.5816
internal_count=377 354 333 127 206
is_linear=0
shrinkage=0.1


Tree=14
num_leaves=9
num_cat=0
split_feature=9 9 1 7 6 8 8 0
split_gain=2.67357 3.55983 4.25951 5.97444 3.47314 2.89487 2.49086 2.00475
threshold=34.760891509018784 38.108355922718886 308.70839534831254 25.248595300022028 30.716647808894098 42.156250000000007 33.708090469484887 296.45348039641436
decision_type=2 2 2 2 2 2 2 2
left_child=6 2 3 -2 5 -3 7 -1
right_child=1 4 -4 -5 -6 -7 -8 -9
leaf_value=-0.031352222448602689 -0.017834365127318196 0.0076856787070234099 0.032228342572258331 -0.13551216260130727 -0.042571411817463406 0.061157380901433737 0.092339298455806074 0.049469139122858788
leaf_weight=5.3211738467216509 14.076225161552435 30.754780575633049 8.0068303495645505 6.2209652066230765 9.0270135849714261 15.093551293015478 6.2906789481639853 7.2515238970518112
leaf_count=20 55 111 28 28 35 52 22 26
internal_value=0.00697672 -0.000731544 -0.0295368 -0.0539019 0.0141258 0.0252889 0.0409668 0.0152629
internal_weight=102.043 83.1794 28.304 20.2972 54.8753 45.8483 18.8634 12.5727
internal_count=377 309 111 83 198 163 68 46
is_linear=0
shrinkage=0.1


Tree=15
num_leaves=6
num_cat=0
split_feature=5 4 4 5 3
split_gain=2.53597 2.78136 3.48774 4.45796 1.64956
threshold=3.074609670450231 3.0039062500000004 2.6241228990256791 2.2399313527271922 80.263370797673261
decision_type=2 2 2 2 2
left_child=1 2 3 -1 -4
right_child=-2 -3 4 -5 -6
leaf_value=0.0074137234307374809 0.058834834497153848 -0.06379486465501881 0.063227803135301505 -0.059362474866705241 0.0014782114134978704
leaf_weight=55.020708322525024 8.4269758462905866 6.0881642401218405 13.287382721900942 12.217498600482939 6.4145929068326941
leaf_count=205 29 24 47 48 24
internal_value=0.00630492 0.0015465 0.00612216 -0.00471983 0.0431233
internal_weight=101.455 93.0283 86.9402 67.2382 19.702
internal_count=377 348 324 253 71
is_linear=0
shrinkage=0.1


Tree=16
num_leaves=7
num_cat=0
split_feature=4 4 3 4 2 3
split_gain=2.52864 4.53076 4.35871 6.17199 3.87084 2.93277
threshold=1.4870869137812408 1.6283310373637507 75.541420150484655 2.0206927153799374 295.83720804302089 80.263370797673261
decision_type=2 2 2 2 2 2
left_child=4 -2 3 -3 -1 -4
right_child=1 2 5 -5 -6 -7
leaf_value=-0.077913373275551381 0.09356439863721 -0.088712930543307825 0.09563335041944511 0.0037334735464536438 0.024996293528905811 0.019194851059395938
leaf_weight=8.2776439934968931 6.3462704420089713 8.9626456946134549 6.1243261396884909 37.180919244885445 6.5450639724731436 27.821768790483475
leaf_count=36 22 36 21 138 23 101
internal_value=0.00568726 0.0122313 0.00578646 -0.0142228 -0.0324729 0.0329854
internal_weight=101.259 86.4359 80.0897 46.1436 14.8227 33.9461
internal_count=377 318 296 174 59 122
is_linear=0
shrinkage=0.1


Tree=17
num_leaves=6
num_cat=0
split_feature=0 3 5 2 3
split_gain=2.4711 2.59657 2.52283 5.20657 2.82697
threshold=278.9722541093318 122.02532013631024 1.6333161806627585 291.67351681776319 75.541420150484655
decision_type=2 2 2 2 2
left_child=-1 2 3 -2 -4
right_child=1 -3 4 -5 -6
leaf_value=0.064665909330634971 -0.095844571898325417 0.065061346612237184 -0.011098631679620524 0.026850698328303665 0.02914472732910145
leaf_weight=6.520638331770896 7.9018059968948346 5.9317681640386573 46.339614570140839 6.1506792455911636 28.004331529140472
leaf_count=23 37 21 174 22 100
internal_value=0.00512915 0.00101355 -0.00328433 -0.0421417 0.00406048
internal_weight=100.849 94.3282 88.3964 14.0525 74.3439
internal_count=377 354 333 59 274
is_linear=0
shrinkage=0.1


Tree=18
num_leaves=9
num_cat=0
split_feature=0 2 3 5 3 4 1 2
split_gain=2.24777 4.48809 4.21978 4.76057 3.1016 2.98821 2.69394 1.57932
threshold=326.80185222625738 300.23318909268693 87.529950659572151 1.7692877374028486 71.82734023371917 2.2449035644531254 333.42899717826782 283.05955685287034
decision_type=2 2 2 2 2 2 2 2
left_child=1 2 3 -1 -2 -3 -6 -4
right_child=4 5 7 -5 6 -7 -8 -9
leaf_value=-0.067690045711391977 -0.085979016672488875 0.015905492427975867 0.088886717222593781 0.0044255026719955039 -0.037270594956338388 0.091815639406897021 0.044545308272412119 0.015614381149331908
leaf_weight=12.664968907833098 5.8466520011425045 10.778679862618448 5.7774888128042203 33.018042400479317 9.1011290550231951 9.9939862340688688 7.2149618566036215 5.9930121749639511
leaf_count=55 24 38 21 123 35 34 25 22
internal_value=0.00462692 0.0125916 -0.00181106 -0.0155675 -0.0234854 0.0524268 -0.00109167 0.0515797
internal_weight=100.389 78.2262 57.4535 45.683 22.1627 20.7727 16.3161 11.7705
internal_count=377 293 221 178 84 72 60 43
is_linear=0
shrinkage=0.1


Tree=19
num_leaves=7
num_cat=0
split_feature=7 7 5 9 7 8
split_gain=2.26574 4.10404 2.3394 3.83355 7.9866 2.75639
threshold=23.131851181752918 21.715240600848386 3.074609670450231 39.47158256872553 26.436115195676667 45.655465509571975
decision_type=2 2 2 2 2 2
left_child=1 -1 3 4 -2 -5
right_child=2 -3 -4 5 -6 -7
leaf_value=-0.024631297730869521 -0.0093292920320505093 0.090935562298234698 0.049207162956066051 0.032529048877592545 -0.13208712034886708 -0.032238993349553297
leaf_weight=5.2025505900382978 36.515469565987587 7.5066756457090378 8.2176628112792951 27.562834888696671 6.1996662318706504 8.6275714784860593
leaf_count=20 142 27 29 100 26 33
internal_value=0.00418436 0.043628 -0.00156954 -0.00685771 -0.0271463 0.0170887
internal_weight=99.8324 12.7092 87.1232 78.9055 42.7151 36.1904
internal_count=377 47 330 301 168 133
is_linear=0
shrinkage=0.1


Tree=20
num_leaves=10
num_cat=0
split_feature=9 9 6 6 1 2 2 7 4
split_gain=2.01737 2.93981 3.61183 4.25161 3.46315 6.4911 3.39562 2.12155 3.5668
threshold=34.760891509018784 38.108355922718886 23.749578600738136 25.261137872934345 303.73144337753399 275.12212440361583 325.66091797008409 21.983812158422015 2.1053395019920971
decision_type=2 2 2 2 2 2 2 2 2
left_child=7 2 -2 -4 5 -3 -6 -1 -9
right_child=1 4 3 -5 6 -7 -8 8 -10
leaf_value=-0.014834380984103843 0.042512686847986141 -0.058393581873506878 -0.10311118480946711 -0.012719860797138272 -0.038017622096268203 0.060823341266862278 0.041068881793603809 -0.0028756628688674686 0.10589277968187022
leaf_weight=6.0038059204816845 5.5419987589120892 5.7948949038982418 8.5124304741621035 13.386662527918814 18.808279559016231 21.556089341640472 7.6318275183439246 5.4083088934421522 6.8126764446496964
leaf_count=23 20 24 36 55 71 76 27 20 25
internal_value=0.00377564 -0.00297031 -0.0296052 -0.047856 0.0106172 0.0355647 -0.0151896 0.0338439 0.0577581
internal_weight=99.457 81.2322 27.4411 21.8991 53.7911 27.351 26.4401 18.2248 12.221
internal_count=377 309 111 91 198 100 98 68 45
is_linear=0
shrinkage=0.1


Tree=21
num_leaves=10
num_cat=0
split_feature=7 4 9 1 6 7 4 3 7
split_gain=1.75846 6.5063 3.1415 3.87681 2.85101 2.74288 2.32241 2.30893 3.46004
threshold=24.893085955489195 2.8727874755859379 39.633246314804786 308.70839534831254 30.716647808894098 27.893202422440236 2.0380499867102349 94.686685606669357 24.259086656167977
decision_type=2 2 2 2 2 2 2 2 2
left_child=1 7 3 6 5 -4 -2 8 -1
right_child=2 -3 4 -5 -6 -7 -8 -9 -10
leaf_value=-0.040524932295086233 -0.1110521496861169 0.10930275429485806 -0.0013424933263287942 0.017938187076445008 -0.036333061067718567 0.063507295135633024 -0.03446171869284452 0.058285516332724802 0.041390764834843871
leaf_weight=15.55985943973065 5.8099785745143953 6.7845720052719107 13.469664439558985 10.276602998375891 8.5975179523229581 12.644900500774382 12.427238866686819 5.5722500532865515 7.7121467590332022
leaf_count=62 27 25 50 37 34 44 50 20 28
internal_value=0.0034238 0.0211908 -0.0065882 -0.0311825 0.0136145 0.0300583 -0.0588618 0.000465634 -0.0133788
internal_weight=98.8547 35.6288 63.2259 28.5138 34.7121 26.1146 18.2372 28.8443 23.272
internal_count=377 135 242 114 128 94 77 110 90
is_linear=0
shrinkage=0.1


Tree=22
num_leaves=6
num_cat=0
split_feature=7 7 8 5 4
split_gain=1.77414 3.49421 1.92761 2.30303 2.969
threshold=23.131851181752918 21.983812158422015 33.820962222293026 3.074609670450231 3.0039062500000004
decision_type=2 2 2 2 2
left_child=1 -1 -2 4 -4
right_child=2 -3 3 -5 -6
leaf_value=-0.010305555200176012 -0.064436741943160056 0.096166535928244534 0.0018787957663101273 0.056339706903222313 -0.07684455599234874
leaf_weight=6.7333029359579069 4.6763360202312461 5.684541329741478 68.850884787738323 7.0184030830860129 5.1490130573511115
leaf_count=26 19 21 265 25 21
internal_value=0.00310911 0.0384344 -0.00200981 0.00159344 -0.00359888
internal_weight=98.1125 12.4178 85.6946 81.0183 73.9999
internal_count=377 47 330 311 286
is_linear=0
shrinkage=0.1


Tree=23
num_leaves=8
num_cat=0
split_feature=3 4 5 4 7 0 8
split_gain=1.73207 2.42148 3.60154 4.73434 2.50331 4.15947 1.84739
threshold=122.02532013631024 2.6758280209901035 2.2399313527271922 2.0380499867102349 24.893085955489195 302.72087301059202 39.953547335576054
decision_type=2 2 2 2 2 2 2
left_child=1 2 3 -1 -3 -6 -4
right_child=-2 4 6 -5 5 -7 -8
leaf_value=-0.019754196165720928 0.056491956843618053 0.064540262108592816 -0.088163076793448009 0.046705614590685368 0.072116254855755735 -0.028874109905316865 -0.012580813804538094
leaf_weight=34.456632420420647 5.6626590788364402 9.8172237724065798 7.9575384557247144 15.558597967028616 5.9073831439018276 13.171614497900007 5.4477074444293976
leaf_count=138 21 38 33 55 22 49 21
internal_value=0.00280787 -0.00048508 -0.0114172 0.000919936 0.0235085 0.00239529 -0.0574475
internal_weight=97.9794 92.3167 63.4205 50.0152 28.8962 19.079 13.4052
internal_count=377 356 247 193 109 71 54
is_linear=0
shrinkage=0.1


Tree=24
num_leaves=10
num_cat=0
split_feature=0 0 9 5 9 1 3 3 1
split_gain=1.61634 3.94947 3.61712 3.59296 3.30652 3.05723 2.62269 2.41542 2.23362
threshold=326.80185222625738 306.32595205342147 35.448471614734061 1.7692877374028486 40.229751907660329 286.57260206643463 72.065491694683487 71.82734023371917 333.42899717826782
decision_type=2 2 2 2 2 2 2 2 2
left_child=1 3 -3 6 -4 -5 -1 -2 -9
right_child=7 2 4 5 -6 -7 -8 8 -10
leaf_value=-0.015137251658517592 -0.077953215170113069 0.10123906897996214 -0.016629969411061814 0.047609863531138136 0.064010726803423623 -0.013890349404963927 -0.10422049824785876 -0.035157940234501701 0.040166303031909975
leaf_weight=8.166219159960745 5.6243725717067745 7.0631456375122097 11.717685677111151 12.99019533395767 8.9824239909648878 21.397376239299774 5.5516255944967261 8.8725508749484998 7.0767057240009299
leaf_count=35 24 26 45 48 31 84 24 35 25
internal_value=0.00254588 0.00941377 0.0394469 -0.00791933 0.0183625 0.00934187 -0.0511893 -0.0216066 -0.00173648
internal_weight=97.4423 75.8687 27.7633 48.1054 20.7001 34.3876 13.7178 21.5736 15.9493
internal_count=377 293 102 191 76 132 59 84 60
is_linear=0
shrinkage=0.1


Tree=25
num_leaves=6
num_cat=0
split_feature=0 0 9 9 4
split_gain=1.77329 2.02896 2.77176 5.43449 3.99843
threshold=278.9722541093318 286.50138798306324 35.448471614734061 37.451760402377701 2.7134921438992028
decision_type=2 2 2 2 2
left_child=-1 -2 4 -4 -3
right_child=1 2 3 -5 -6
leaf_value=0.053440823030487805 -0.055408785074323397 0.0046956364927574655 -0.066656196878845539 0.0069865763107237848 0.099031536847672297
leaf_weight=6.3384229540824881 6.4312209486961356 14.184476658701898 12.480604015290735 50.841641038656235 6.5759472250938407
leaf_count=23 27 55 54 192 26
internal_value=0.00230779 -0.0012729 0.00286778 -0.00752817 0.0345769
internal_weight=96.8523 90.5139 84.0827 63.3222 20.7604
internal_count=377 354 327 246 81
is_linear=0
shrinkage=0.1


Tree=26
num_leaves=6
num_cat=0
split_feature=0 0 9 9 4
split_gain=1.43745 1.65508 2.2521 4.50837 3.45519
threshold=278.9722541093318 286.77598957894617 35.448471614734061 37.451760402377701 2.7134921438992028
decision_type=2 2 2 2 2
left_child=-1 -2 4 -4 -3
right_child=1 2 3 -5 -6
leaf_value=0.048150477423906178 -0.047371343617982349 0.0042267704799466644 -0.060791889446708491 0.0067189490055527858 0.093214834839815283
leaf_weight=6.3316573351621619 7.1314392685890189 14.182253479957582 12.324492789804934 50.111864343285561 6.3021127432584754
leaf_count=23 30 55 54 189 26
internal_value=0.00209487 -0.00114334 0.00283241 -0.00660721 0.0316044
internal_weight=96.3838 90.0522 82.9207 62.4364 20.4844
internal_count=377 354 324 243 81
is_linear=0
shrinkage=0.1


Tree=27
num_leaves=5
num_cat=0
split_feature=3 3 3 2
split_gain=1.41583 2.27479 2.87236 3.28213
threshold=122.02532013631024 105.81307902186491 91.866046602603873 281.67814904099748
decision_type=2 2 2 2
left_child=1 2 3 -1
right_child=-2 -3 -4 -5
leaf_value=-0.038933526659858123 0.051111199152415333 -0.064782034604775038 0.058907646805904795 0.008771627434564137
leaf_weight=19.235712885856628 5.5108430385589591 5.2812203019857398 8.255039915442465 57.630440689623356
leaf_count=82 21 21 30 223
internal_value=0.00190194 -0.00109781 0.00285339 -0.00316656
internal_weight=95.9133 90.4024 85.1212 76.8662
internal_count=377 356 335 305
is_linear=0
shrinkage=0.1


Tree=28
num_leaves=8
num_cat=0
split_feature=0 9 4 1 3 3 1
split_gain=1.51953 3.33801 3.34066 6.3275 3.49418 2.04378 1.88052
threshold=326.80185222625738 43.266751328959323 2.0206927153799374 289.37486663618358 85.489070352893222 71.82734023371917 333.42899717826782
decision_type=2 2 2 2 2 2 2
left_child=1 2 3 -1 -4 -2 -7
right_child=5 -3 4 -5 -6 6 -8
leaf_value=-0.091217359852852231 -0.074413110031742155 0.07087677179252283 0.0044571087593940203 0.011126894212610143 0.077551327277881693 -0.034383395572959059 0.03511867217693139
leaf_weight=9.6048439145088214 5.4899873137474087 7.681142419576644 32.753353908658028 16.280599571764469 8.1717171967029554 8.781750336289404 6.9930304884910575
leaf_count=44 24 27 128 63 31 35 25
internal_value=0.00171543 0.00844593 0.00126832 -0.0268481 0.0190522 -0.0218619 -0.00357282
internal_weight=95.7564 74.4917 66.8105 25.8854 40.9251 21.2648 15.7748
internal_count=377 293 266 107 159 84 60
is_linear=0
shrinkage=0.1


Tree=29
num_leaves=6
num_cat=0
split_feature=7 7 8 0 0
split_gain=1.31154 3.42266 1.7902 1.84803 1.71367
threshold=23.131851181752918 21.983812158422015 33.820962222293026 285.27912320464486 306.32595205342147
decision_type=2 2 2 2 2
left_child=1 -1 -2 -4 -5
right_child=2 -3 3 4 -6
leaf_value=-0.017049536538904057 -0.064077012837641542 0.090747242418302981 0.045850163229954062 -0.023814858674633468 0.0080277014397566859
leaf_weight=6.3863667845725995 4.5213159024715415 5.4667930752038956 8.1067433655261976 27.946864493191242 42.76065643876791
leaf_count=26 19 21 31 116 164
internal_value=0.0015434 0.0326674 -0.0028835 0.000626976 -0.00455794
internal_weight=95.1887 11.8532 83.3356 78.8143 70.7075
internal_count=377 47 330 311 280
is_linear=0
shrinkage=0.1


Tree=30
num_leaves=11
num_cat=0
split_feature=0 0 0 2 4 3 4 5 0 7
split_gain=1.35261 4.11452 3.2513 2.92484 2.8309 2.81077 3.64679 3.85477 1.975 1.82565
threshold=319.15647554397589 306.32595205342147 300.00433249244821 282.81370343960424 1.4870869137812408 71.42092518843792 2.9697859304096479 2.156552342279451 302.45868242310831 25.810699588477373
decision_type=2 2 2 2 2 2 2 2 2 2
left_child=1 2 4 -3 -1 -2 7 -7 -4 -5
right_child=5 3 8 9 -6 6 -8 -9 -10 -11
leaf_value=-0.047663373912582706 -0.062165542981584658 -0.015577683330884273 -0.10087909208578152 0.1162917276531039 0.021333524493896677 -0.023133493309386199 -0.068372441905681897 0.079615441539745549 -0.013201062198749627 0.042604998071809314
leaf_weight=7.4712345153093329 9.2336277142167109 5.2347684055566814 5.0638588368892652 5.5965591222047797 29.139339074492455 7.0551321581006068 5.0708833783864966 7.5679075568914413 5.2148682475090027 8.4223420619964582
leaf_count=33 39 21 24 21 113 28 20 27 21 30
internal_value=0.00139447 0.00928267 -0.00669958 0.0482049 0.00725311 -0.0166419 0.00470215 0.0300425 -0.056396 0.0720219
internal_weight=95.0705 66.143 46.8893 19.2537 36.6106 28.9276 19.6939 14.623 10.2787 14.0189
internal_count=377 263 191 72 146 114 75 55 45 51
is_linear=0
shrinkage=0.1


Tree=31
num_leaves=9
num_cat=0
split_feature=0 2 3 1 1 4 4 4
split_gain=1.14583 2.8751 2.90997 2.89467 2.38998 2.04032 4.03411 2.02845
threshold=326.80185222625738 300.23318909268693 83.882151387233804 286.57260206643463 290.4704397349613 2.1810302734375004 2.8037747740254422 2.2449035644531254
decision_type=2 2 2 2 2 2 2 2
left_child=1 2 3 -1 -4 -2 -7 -3
right_child=5 7 4 -5 -6 6 -8 -9
leaf_value=0.015363851829241751 0.031759421162131263 0.0097360292356327167 -0.012903577742680035 -0.039653847405798165 0.071672082796318981 -0.10456563019861503 0.0014619329419457102 0.07410292028084299
leaf_weight=15.623851418495176 5.6938884183764484 10.456775054335596 5.8793219774961454 24.651810742914677 7.7395868003368378 5.7469267621636382 9.5543982535600644 9.2065910100936872
leaf_count=65 23 38 24 102 30 25 36 34
internal_value=0.00126136 0.00714259 -0.00479916 -0.0183112 0.0351605 -0.0193439 -0.0383603 0.0398733
internal_weight=94.5532 73.5579 53.8946 40.2757 13.6189 20.9952 15.3013 19.6634
internal_count=377 293 221 167 54 84 61 72
is_linear=0
shrinkage=0.1


Tree=32
num_leaves=5
num_cat=0
split_feature=8 2 2 2
split_gain=1.13096 3.23611 3.54225 3.68239
threshold=45.893671937638928 328.55917734091321 315.70972402595334 300.23318909268693
decision_type=2 2 2 2
left_child=1 2 3 -1
right_child=-2 -3 -4 -5
leaf_value=-0.0066409283501259603 -0.035928331221113961 0.079455026292500619 -0.071046771097132394 0.045922610680112615
leaf_weight=57.233543887734413 7.5672799795866004 5.3851522952318183 6.5598929226398459 17.373650461435318
leaf_count=237 30 19 26 65
internal_value=0.00114427 0.00438553 -0.000595065 0.00559945
internal_weight=94.1195 86.5522 81.1671 74.6072
internal_count=377 347 328 302
is_linear=0
shrinkage=0.1


Tree=33
num_leaves=6
num_cat=0
split_feature=3 3 4 7 9
split_gain=1.15931 2.13477 2.06995 3.24837 2.26495
threshold=122.02532013631024 105.81307902186491 2.8727874755859379 24.783526260102718 43.266751328959323
decision_type=2 2 2 2 2
left_child=1 2 4 -4 -1
right_child=-2 -3 3 -5 -6
leaf_value=-0.013603227396206133 0.046264590470210913 -0.063915645403522806 0.10404334516938048 0.0067893022176779318 0.039070582888681024
leaf_weight=56.284637667238712 5.3449158817529669 5.1906563341617575 4.6783282160758999 12.916515797376631 9.5482272803783399
leaf_count=229 21 21 20 50 36
internal_value=0.00103616 -0.00169174 0.00217967 0.0326484 -0.00596356
internal_weight=93.9633 88.6184 83.4277 17.5948 65.8329
internal_count=377 356 335 70 265
is_linear=0
shrinkage=0.1


Tree=34
num_leaves=9
num_cat=0
split_feature=7 3 3 7 1 6 9 0
split_gain=1.13984 4.46633 5.50233 3.20125 4.49409 3.675 2.78084 2.74109
threshold=26.391836578790542 91.866046602603873 80.844093398161334 27.893202422440236 305.79836111442154 27.617858886718754 43.764826770679569 297.32718658447271
decision_type=2 2 2 2 2 2 2 2
left_child=1 2 7 5 -5 -2 -6 -1
right_child=3 -3 -4 4 6 -7 -8 -9
leaf_value=0.03992204880000249 -0.01303220250668278 0.068855701226353594 -0.085834373326821645 0.068840858381616521 0.012351821514543298 -0.11877031693383056 -0.077185960284784097 -0.01349594363908287
leaf_weight=17.81910964101553 9.6398792713880521 10.477528780698774 6.8969943001866332 8.4322859495878237 8.8005477637052518 4.9876183271408072 5.7252182513475409 20.841665424406528
leaf_count=72 38 39 31 31 33 22 24 87
internal_value=0.000948593 0.00998542 -0.00355377 -0.0125242 0.010771 -0.0490863 -0.0229388 0.0111249
internal_weight=93.6208 56.0353 45.5578 37.5855 22.9581 14.6275 14.5258 38.6608
internal_count=377 229 190 148 88 60 57 159
is_linear=0
shrinkage=0.1


Tree=35
num_leaves=7
num_cat=0
split_feature=9 8 2 7 6 3
split_gain=1.05563 2.27979 2.46923 2.48454 2.15482 0.306552
threshold=34.760891509018784 35.563339008479495 269.51606849711055 26.370270467290656 23.465209960937504 69.74913998331364
decision_type=2 2 2 2 2 2
left_child=4 -2 -3 -4 5 -1
right_child=1 2 3 -5 -6 -7
leaf_value=0.011304681680649672 -0.05711155035547081 -0.057300824550796339 0.030051880432444885 -0.0099610715586874593 0.066241572693028536 -0.024678993710622286
leaf_weight=4.6235845834016818 7.3288231045007697 6.4704771488904944 27.6156857162714 35.424957871437073 6.9332102686166754 4.8519806563854218
leaf_count=20 31 29 109 140 28 20
internal_value=0.000852575 -0.00406418 0.00152881 0.00756707 0.023877 -0.00712083
internal_weight=93.2487 76.8399 69.5111 63.0406 16.4088 9.47557
internal_count=377 309 278 249 68 40
is_linear=0
shrinkage=0.1


Tree=36
num_leaves=7
num_cat=0
split_feature=4 4 6 3 4 3
split_gain=0.98366 3.99179 3.27336 2.08662 3.77698 2.54668
threshold=1.4870869137812408 1.6283310373637507 27.501316070556644 75.541420150484655 2.0206927153799374 80.844093398161334
decision_type=2 2 2 2 2 2
left_child=2 -2 -1 4 -3 -5
right_child=1 3 -4 5 -6 -7
leaf_value=-0.066389208790262846 0.084254840481109983 -0.076244954623625155 0.032848964025267484 0.075841284511616036 -0.0010406592840070184 0.0041071505035444036
leaf_weight=7.798226632177828 5.8873176872730246 8.2907663732767087 5.7928950637578964 6.1856876462698009 34.335014030337334 24.755433216691017
leaf_count=36 22 36 23 23 138 99
internal_value=0.000769003 0.0050215 -0.0240913 -0.00131928 -0.015668 0.0184481
internal_weight=93.0453 79.4542 13.5911 73.5669 42.6258 30.9411
internal_count=377 318 59 296 174 122
is_linear=0
shrinkage=0.1


Tree=37
num_leaves=6
num_cat=0
split_feature=0 0 9 9 4
split_gain=1.04999 1.57328 1.88356 3.66186 2.73232
threshold=278.9722541093318 286.77598957894617 35.448471614734061 37.451760402377701 2.7134921438992028
decision_type=2 2 2 2 2
left_child=-1 -2 4 -4 -3
right_child=1 2 3 -5 -6
leaf_value=0.040930066567058387 -0.047877164761666875 0.0044749404256105739 -0.05711305738078537 0.0052126320334452969 0.086450035028418831
leaf_weight=6.0599502176046363 6.9162978008389464 13.635452613234522 11.697594225406645 48.562183395028114 5.7936356067657462
leaf_count=23 30 55 54 189 26
internal_value=0.000688832 -0.00212693 0.00184379 -0.006886 0.0289194
internal_weight=92.6651 86.6052 79.6889 60.2598 19.4291
internal_count=377 354 324 243 81
is_linear=0
shrinkage=0.1


Tree=38
num_leaves=6
num_cat=0
split_feature=2 2 3 3 0
split_gain=0.980185 3.08366 2.16137 4.37037 3.36089
threshold=328.55917734091321 315.70972402595334 50.556204468970471 58.673146368434274 306.32595205342147
decision_type=2 2 2 2 2
left_child=1 2 4 -4 -1
right_child=-2 -3 3 -5 -6
leaf_value=-2.4752999793724382e-05 0.035744897066367395 -0.067411671021922748 -0.080906762665494847 0.0039954881346857957 0.093356436835905762
leaf_weight=10.123765803873541 7.3180823028087607 6.7181695848703376 6.8137053549289694 55.021207816898823 6.2235788553953162
leaf_count=41 27 27 32 227 23
internal_value=0.000629194 -0.00239764 0.00318899 -0.00536005 0.0355263
internal_weight=92.2185 84.9004 78.1823 61.8349 16.3473
internal_count=377 350 323 259 64
is_linear=0
shrinkage=0.1


Tree=39
num_leaves=7
num_cat=0
split_feature=6 8 7 0 3 8
split_gain=0.984409 3.00842 3.17704 3.41938 2.95833 1.69756
threshold=30.716647808894098 42.156250000000007 26.370270467290656 299.71875000000006 91.866046602603873 44.031250000000007
decision_type=2 2 2 2 2 2
left_child=1 2 4 -4 -1 -3
right_child=-2 5 3 -5 -6 -7
leaf_value=-0.0031911961239259549 -0.031534255345335181 0.091212090865408227 -0.11091197988292623 -0.013322455337883217 0.059423343338126849 0.019040395884273961
leaf_weight=42.838725239038467 8.6534851342439634 5.2611684501171103 5.040679112076762 12.478862434625624 9.1589024141430837 8.5641500651836378
leaf_count=182 36 19 23 49 35 33
internal_value=0.000568403 0.00390164 -0.00457117 -0.0414007 0.00783778 0.046505
internal_weight=91.996 83.3425 69.5172 17.5195 51.9976 13.8253
internal_count=377 341 289 72 217 52
is_linear=0
shrinkage=0.1


Tree=40
num_leaves=8
num_cat=0
split_feature=0 6 6 9 8 6 0
split_gain=1.01147 2.74241 2.13853 2.82328 3.18916 1.95819 2.76047
threshold=322.12718916235946 29.480919538444144 30.302371379824649 40.342963904265801 38.056205749511726 27.701416015625004 306.32595205342147
decision_type=2 2 2 2 2 2 2
left_child=1 5 3 4 -2 6 -1
right_child=2 -3 -4 -5 -6 -7 -8
leaf_value=-0.0076406680203129629 0.028338578013067384 0.073196749401790759 -0.066295962400920089 0.060002761677034555 -0.074559567158673054 -0.04765228865147024 0.041326643922447698
leaf_weight=37.911872915923595 5.6880286857485824 5.6946304589509955 6.4602014273405066 5.5497938990592948 6.4023542702198029 7.3830031752586356 16.532997146248817
leaf_count=161 25 21 28 20 26 31 65
internal_value=0.000514547 0.0067917 -0.0170723 0.00095446 -0.0261502 0.000675492 0.00722899
internal_weight=91.6229 67.5225 24.1004 17.6402 12.0904 61.8279 54.4449
internal_count=377 278 99 71 51 257 226
is_linear=0
shrinkage=0.1


Tree=41
num_leaves=7
num_cat=0
split_feature=0 9 1 4 0 9
split_gain=0.942356 1.15255 3.68481 3.26139 3.02508 2.37149
threshold=278.9722541093318 40.229751907660329 292.93428889509175 1.4870869137812408 289.42530837286512 43.764826770679569
decision_type=2 2 2 2 2 2
left_child=-1 3 -3 -2 -5 -4
right_child=1 2 5 4 -6 -7
leaf_value=0.038697839559075631 -0.085929365229443597 0.079177314580251526 0.019652135500346873 -0.061949567774077043 0.0068799078807947793 -0.051143503064075085
leaf_weight=6.0208827704191199 5.1766266301274291 6.6939499080181148 12.884367004036905 7.4263586476445189 45.553935118019581 7.4776634722948065
leaf_count=23 27 25 49 32 190 31
internal_value=0.000463627 -0.00223788 0.014813 -0.0101704 -0.00276806 -0.00634655
internal_weight=91.2338 85.2129 27.056 58.1569 52.9803 20.362
internal_count=377 354 105 249 222 80
is_linear=0
shrinkage=0.1


Tree=42
num_leaves=6
num_cat=0
split_feature=2 2 3 3 0
split_gain=0.943053 2.34141 1.88178 3.47614 2.60946
threshold=328.55917734091321 315.70972402595334 50.556204468970471 58.673146368434274 306.99501006807543
decision_type=2 2 2 2 2
left_child=1 2 4 -4 -1
right_child=-2 -3 3 -5 -6
leaf_value=0.0033362705723620325 0.035169674975989274 -0.059532827160206518 -0.074106397308009719 0.0026357414588493236 0.087806692777353854
leaf_weight=10.513815306127073 7.1881183087825766 6.6443101018667212 6.6215464025735846 54.347872979938984 5.6077321693301192
leaf_count=43 27 27 32 227 21
internal_value=0.000409912 -0.00257398 0.00233518 -0.00569879 0.0327185
internal_weight=90.9234 83.7353 77.091 60.9694 16.1215
internal_count=377 350 323 259 64
is_linear=0
shrinkage=0.1


Tree=43
num_leaves=5
num_cat=0
split_feature=5 4 4 9
split_gain=0.937139 2.47211 1.31674 2.70698
threshold=3.074609670450231 3.0039062500000004 2.8727874755859379 43.266751328959323
decision_type=2 2 2 2
left_child=1 2 3 -1
right_child=-2 -3 -4 -5
leaf_value=-0.010118431346002462 0.034723068257508316 -0.068046392547026033 0.046197770464244108 0.04405087166076195
leaf_weight=60.92608405649662 7.3019298315048209 5.4037393480539313 6.1773469001054755 10.871388167142866
leaf_count=256 29 24 26 42
internal_value=0.000370949 -0.00263746 0.00189545 -0.00191626
internal_weight=90.6805 83.3786 77.9748 71.7975
internal_count=377 348 324 298
is_linear=0
shrinkage=0.1


Tree=44
num_leaves=6
num_cat=0
split_feature=8 9 5 5 0
split_gain=0.944568 2.29611 2.62893 4.0016 2.69659
threshold=45.893671937638928 43.266751328959323 2.4469263666438663 2.2399313527271922 289.42530837286512
decision_type=2 2 2 2 2
left_child=1 2 3 -1 -4
right_child=-2 -3 4 -5 -6
leaf_value=-0.0018773488782589717 -0.033819060106416207 0.065579556035155986 -0.046050605369663669 -0.076950670049563366 0.037311499367239813
leaf_weight=40.953513979911804 7.4318418204784384 5.5412496179342261 4.6544868797063854 8.5891512185335142 23.332476079463959
leaf_count=171 30 21 20 40 95
internal_value=0.000336537 0.00339223 -0.00105247 -0.0148927 0.0234476
internal_weight=90.5027 83.0709 77.5296 49.5427 27.987
internal_count=377 347 326 211 115
is_linear=0
shrinkage=0.1


Tree=45
num_leaves=6
num_cat=0
split_feature=7 7 8 0 9
split_gain=1.00442 3.20482 1.95517 1.55082 1.16259
threshold=23.131851181752918 21.983812158422015 33.820962222293026 285.27912320464486 35.448471614734061
decision_type=2 2 2 2 2
left_child=1 -1 -2 -4 -5
right_child=2 -3 3 4 -6
leaf_value=-0.020786573440224897 -0.068994576299622662 0.086980569199863966 0.042599772113951932 0.032124460280786436 -0.0094553978193959668
leaf_weight=6.0405834466218931 4.3285868763923636 5.0803439989686012 7.7116824463009825 7.5819348394870749 59.463974863290787
leaf_count=26 19 21 31 33 247
internal_value=0.000304911 0.0284444 -0.003652 0.000131437 -0.00475331
internal_weight=90.2071 11.1209 79.0862 74.7576 67.0459
internal_count=377 47 330 311 280
is_linear=0
shrinkage=0.1


Tree=46
num_leaves=6
num_cat=0
split_feature=3 3 5 3 3
split_gain=0.927449 1.92097 1.80013 3.69185 2.67593
threshold=122.02532013631024 105.81307902186491 1.7692877374028486 74.923709336915508 74.923709336915508
decision_type=2 2 2 2 2
left_child=1 2 3 -1 -4
right_child=-2 -3 4 -5 -6
leaf_value=0.0089999140090478089 0.042008931306537704 -0.063012742467921226 -0.0053661922334456696 -0.081592649243247217 0.038600467830211364
leaf_weight=11.902861692011358 5.0290385335683814 4.8933560252189627 39.829172216355801 7.2313173264265052 21.217058293521404
leaf_count=53 21 21 165 34 83
internal_value=0.000280574 -0.00218615 0.00152606 -0.0252374 0.00991474
internal_weight=90.1028 85.0738 80.1804 19.1342 61.0462
internal_count=377 356 335 87 248
is_linear=0
shrinkage=0.1


Tree=47
num_leaves=8
num_cat=0
split_feature=0 6 3 4 3 6 0
split_gain=0.972543 1.98004 1.91084 1.97167 2.27521 1.68992 1.97287
threshold=322.12718916235946 29.480919538444144 71.42092518843792 2.0865856460258629 86.737345178871891 27.701416015625004 306.32595205342147
decision_type=2 2 2 2 2 2 2
left_child=1 5 -2 -4 -5 6 -1
right_child=2 -3 3 4 -6 -7 -8
leaf_value=-0.0052943147662865113 -0.062013716425733445 0.063463291861962576 0.054161915977277125 0.022000246865551437 -0.065785787336943 -0.043993862101386741 0.036545519871571258
leaf_weight=37.229970335960388 6.7784197404980686 5.5787901058793059 4.9133826866745975 5.9970301985740644 5.8152380660176277 7.2783736735582343 16.162364132702351
leaf_count=161 31 21 20 23 25 31 65
internal_value=0.000251119 0.00645136 -0.0172251 0.000926383 -0.0212173 0.001209 0.007371
internal_weight=89.7536 66.2495 23.5041 16.7257 11.8123 60.6707 53.3923
internal_count=377 278 99 68 48 257 226
is_linear=0
shrinkage=0.1


Tree=48
num_leaves=7
num_cat=0
split_feature=6 8 7 3 0 8
split_gain=0.90269 2.03656 2.42235 2.54813 2.54783 1.35271
threshold=30.716647808894098 42.156250000000007 26.370270467290656 91.866046602603873 299.71875000000006 44.031250000000007
decision_type=2 2 2 2 2 2
left_child=1 2 3 -1 -4 -3
right_child=-2 5 4 -5 -6 -7
leaf_value=-0.0030245670883223552 -0.031042629501539284 0.080017909286689629 -0.098241251010828701 0.055767497561710067 -0.012018726840862966 0.014380268839605227
leaf_weight=41.903736405074596 8.3685543239116651 5.039422318339347 4.7761631757020977 8.945760175585745 12.133359484374521 8.329342305660246
leaf_count=182 36 19 23 35 49 33
internal_value=0.000227255 0.00345283 -0.00358479 0.0073185 -0.0363726 0.0391227
internal_weight=89.4963 81.1278 67.759 50.8495 16.9095 13.3688
internal_count=377 341 289 217 72 52
is_linear=0
shrinkage=0.1


Tree=49
num_leaves=8
num_cat=0
split_feature=0 0 9 7 3 3 5
split_gain=0.872099 2.01947 1.67558 2.71055 1.64313 1.7109 1.15382
threshold=319.15647554397589 313.51093124970799 43.266751328959323 24.893085955489195 71.42092518843792 83.882151387233804 2.4018747544059278
decision_type=2 2 2 2 2 2 2
left_child=1 2 3 -1 -2 -6 -7
right_child=4 -3 -4 -5 5 6 -8
leaf_value=0.018893586457456368 -0.050887460601045036 0.055042835126834555 0.051373327896440807 -0.028313435533189969 0.040453301047682938 0.0068601253034428454 -0.057282672029265284
leaf_weight=23.078602030873299 8.597261995077135 7.5949751809239379 5.6863246113061896 25.716464437544346 7.1209792494773891 6.2104276046156865 5.1135009750723839
leaf_count=98 39 30 21 114 27 26 22
internal_value=0.000205951 0.0067351 7.62161e-07 -0.00598593 -0.014782 0.00204698 -0.0221046
internal_weight=89.1185 62.0764 54.4814 48.7951 27.0422 18.4449 11.3239
internal_count=377 263 233 212 114 75 48
is_linear=0
shrinkage=0.1


Tree=50
num_leaves=5
num_cat=0
split_feature=4 4 4 9
split_gain=0.897716 2.17859 1.76934 1.97388
threshold=3.4174218177795415 3.0039062500000004 2.8727874755859379 43.266751328959323
decision_type=2 2 2 2
left_child=1 2 3 -1
right_child=-2 -3 -4 -5
leaf_value=-0.0090132304912747731 0.042089666243169191 -0.055096261674962357 0.052284728444517418 0.03787393209317283
leaf_weight=59.693142786622047 4.8343619108200064 7.1318296268582335 6.5756340250372878 10.568325310945509
leaf_count=256 19 32 28 42
internal_value=0.000186713 -0.00222577 0.00268153 -0.00196073
internal_weight=88.8033 83.9689 76.8371 70.2615
internal_count=377 358 326 298
is_linear=0
shrinkage=0.1


Tree=51
num_leaves=6
num_cat=0
split_feature=7 3 7 7 0
split_gain=0.931574 2.37319 2.25793 2.55553 2.53662
threshold=29.009692631953662 73.823556014893526 27.893202422440236 27.064656039655155 278.9722541093318
decision_type=2 2 2 2 2
left_child=2 -2 3 4 -1
right_child=1 -3 -4 -5 -6
leaf_value=0.074065704889159104 0.018359841897451223 -0.070203143492761771 0.049534275033473532 -0.059766872764733942 -0.0016907130940706863
leaf_weight=4.8046631813049308 6.0946708321571332 6.0088152438402176 9.6255437061190587 6.9286964312195769 55.199152603745461
leaf_count=18 25 25 38 30 241
internal_value=0.000172365 -0.0256075 0.00424805 -0.00226454 0.0043753
internal_weight=88.6615 12.1035 76.5581 66.9325 60.0038
internal_count=377 50 327 289 259
is_linear=0
shrinkage=0.1


Tree=52
num_leaves=5
num_cat=0
split_feature=3 3 2 3
split_gain=0.834334 1.7655 1.57789 1.75217
threshold=122.02532013631024 105.81307902186491 328.55917734091321 53.699558000440142
decision_type=2 2 2 2
left_child=1 2 3 -1
right_child=-2 -3 -4 -5
leaf_value=0.023172985628955756 0.040569281618741515 -0.061429047815960626 0.052024987476877393 -0.011859805639288585
leaf_weight=19.434530019760132 4.8299387395381919 4.7434697374701491 5.7080895602703086 53.794183358550072
leaf_count=80 21 21 22 233
internal_value=0.000156944 -0.00217561 0.00138504 -0.00256228
internal_weight=88.5102 83.6803 78.9368 73.2287
internal_count=377 356 335 313
is_linear=0
shrinkage=0.1


Tree=53
num_leaves=5
num_cat=0
split_feature=8 2 2 2
split_gain=0.833186 2.04944 1.58636 2.41225
threshold=45.893671937638928 328.55917734091321 315.70972402595334 300.23318909268693
decision_type=2 2 2 2
left_child=1 2 3 -1
right_child=-2 -3 -4 -5
leaf_value=-0.0069124566967479224 -0.032332663926438646 0.065680504872149645 -0.049271658135535031 0.037013291612390538
leaf_weight=53.64442290365696 7.251371130347251 4.908090502023696 6.2465573698282233 16.301206707954407
leaf_count=237 30 19 26 65
internal_value=0.000143495 0.00304727 -0.000987394 0.00332468
internal_weight=88.3516 81.1003 76.1922 69.9456
internal_count=377 347 328 302
is_linear=0
shrinkage=0.1


Tree=54
num_leaves=7
num_cat=0
split_feature=1 1 4 0 0 3
split_gain=0.87703 5.67142 2.50026 2.39127 2.67622 1.26203
threshold=286.57260206643463 289.74550978008443 2.0206927153799374 293.54399099401923 302.01454544067388 65.980994413004353
decision_type=2 2 2 2 2 2
left_child=2 -2 -1 -3 -5 -4
right_child=1 3 5 4 -6 -7
leaf_value=-0.028124140324280497 -0.10212947606369643 0.05109308938213112 0.085980759248653449 -0.05487170665431032 0.005162583680374401 0.018185735386728553
leaf_weight=6.7230291441082981 5.526057854294776 9.048026002943514 5.0610607564449293 8.8196887820959073 46.972672142088413 6.0023774057626724
leaf_count=33 27 36 20 41 196 24
internal_value=0.000132716 -0.00488205 0.019972 0.00340591 -0.00432767 0.0491991
internal_weight=88.1529 70.3664 17.7865 64.8404 55.7924 11.0634
internal_count=377 300 77 273 237 44
is_linear=0
shrinkage=0.1


Tree=55
num_leaves=6
num_cat=0
split_feature=9 2 1 9 1
split_gain=0.870511 1.18334 1.45141 3.88669 3.88328
threshold=33.257419148261924 269.51606849711055 303.14162217099755 38.108355922718886 308.70839534831254
decision_type=2 2 2 2 2
left_child=-1 -2 3 -3 -4
right_child=1 2 4 -5 -6
leaf_value=0.033159189706483801 -0.041256012528953979 -0.021212239094204211 -0.080245616134003772 0.042915803411871713 0.0029685841825221756
leaf_weight=7.3069788515567771 7.3087675124406806 17.02572875469923 7.0267173051834098 21.243735618889332 27.774217337369919
leaf_count=32 34 82 31 85 113
internal_value=0.000112765 -0.00289137 0.000946005 0.0143858 -0.0138333
internal_weight=87.6861 80.3792 73.0704 38.2695 34.8009
internal_count=377 345 311 167 144
is_linear=0
shrinkage=0.1


Tree=56
num_leaves=7
num_cat=0
split_feature=7 8 9 3 3 2
split_gain=0.867977 1.98362 2.32356 1.86755 1.73106 1.38291
threshold=29.009692631953662 42.156250000000007 40.378811149787211 73.823556014893526 75.788780233666088 300.23318909268693
decision_type=2 2 2 2 2 2
left_child=1 2 5 -2 -3 -1
right_child=3 4 -4 -5 -6 -7
leaf_value=-0.0065982549713912084 0.014126326085852826 0.0035620969255178575 -0.064501504890941114 -0.064917543887354143 0.084839062870168194 0.02675440465708484
leaf_weight=41.826727710664272 6.0490892827510816 5.2109791785478574 5.5209040492773047 5.9088058173656464 5.2712177485227585 17.689514622092247
leaf_count=190 25 21 23 25 22 71
internal_value=0.000100779 0.00406452 -0.00244195 -0.024932 0.0444341 0.00331488
internal_weight=87.4772 75.5193 65.0371 11.9579 10.4822 59.5162
internal_count=377 327 284 50 43 261
is_linear=0
shrinkage=0.1


Tree=57
num_leaves=10
num_cat=0
split_feature=7 4 0 6 9 0 5 0 4
split_gain=0.797751 2.84316 2.28992 2.63512 1.49985 2.55822 1.65654 2.72239 2.43765
threshold=24.893085955489195 2.8727874755859379 316.56811729073905 24.332535128691237 37.377919780961484 315.78125000000006 2.0011785927072205 310.82310230284935 2.6241228990256791
decision_type=2 2 2 2 2 2 2 2 2
left_child=1 2 3 -1 5 -2 7 -6 -8
right_child=4 -3 -4 -5 6 -7 8 -9 -10
leaf_value=-0.0086321291650322939 -0.090002585978883887 0.081248522771463674 -0.058639868771723169 0.069304939988788769 -0.007705403857897003 0.014089812992035025 -0.050074072792324981 0.067960881370399059 0.010870027362063411
leaf_weight=14.515558220446119 5.2460179552435857 5.0947190001606932 5.3666959106922141 6.1874600052833548 12.02781266719103 4.2932229712605476 11.71520656347275 7.8637066036462775 14.923552960157393
leaf_count=60 28 25 24 26 53 19 51 31 60
internal_value=9.66315e-05 0.0129236 -0.000428887 0.0146607 -0.00703284 -0.0431548 0.000372588 0.0222077 -0.015932
internal_weight=87.234 31.1644 26.0697 20.703 56.0695 9.53924 46.5303 19.8915 26.6388
internal_count=377 135 110 86 242 47 195 84 111
is_linear=0
shrinkage=0.1


Tree=58
num_leaves=8
num_cat=0
split_feature=0 4 4 4 2 4 6
split_gain=0.846781 1.70502 2.57677 2.42503 2.19292 1.52308 2.58866
threshold=326.80185222625738 1.4870869137812408 1.6283310373637507 2.0206927153799374 297.78562537568308 2.1810302734375004 28.799207290867347
decision_type=2 2 2 2 2 2 2
left_child=1 4 -3 -4 -1 -2 -7
right_child=5 2 3 -5 -6 6 -8
leaf_value=-0.064780078644886621 0.027883405748012225 0.079133447297466297 -0.033765992169655416 0.017813418433087824 0.023646620961543935 0.00018379526154435057 -0.087351377226491778
leaf_weight=7.0085049197077733 5.1730878204107311 5.2731408923864356 11.918326288461683 38.755289979279041 4.6753907352685928 8.2571262717246992 5.7178435549139968
leaf_count=36 23 21 53 165 18 35 26
internal_value=9.28455e-05 0.00534902 0.0126051 0.00568205 -0.0293955 -0.0184719 -0.0356311
internal_weight=86.7787 67.6307 55.9468 50.6736 11.6839 19.1481 13.975
internal_count=377 293 239 218 54 84 61
is_linear=0
shrinkage=0.1


Tree=59
num_leaves=5
num_cat=0
split_feature=3 3 3 2
split_gain=0.763482 1.55443 1.60649 1.92765
threshold=122.02532013631024 105.81307902186491 91.866046602603873 269.9532164266696
decision_type=2 2 2 2
left_child=1 2 3 -1
right_child=-2 -3 -4 -5
leaf_value=-0.056259368257916643 0.039336216234035361 -0.058821147575142667 0.045038545735139157 0.0016917761798090584
leaf_weight=6.3126334324479094 4.684777006506919 4.5730720832943907 7.5368564352393141 63.264240495860577
leaf_count=31 21 21 30 274
internal_value=7.66603e-05 -0.00217489 0.0011844 -0.00356607
internal_weight=86.3716 81.6868 77.1137 69.5769
internal_count=377 356 335 305
is_linear=0
shrinkage=0.1


Tree=60
num_leaves=5
num_cat=0
split_feature=9 9 6 8
split_gain=0.786465 1.13619 1.62849 1.5625
threshold=33.257419148261924 34.406935073254225 23.816601514816288 36.706165492910714
decision_type=2 2 2 2
left_child=-1 -2 -3 -4
right_child=1 2 3 -5
leaf_value=0.031757355898139127 -0.047663314430270602 0.045174895313628824 -0.042956929259719771 0.0015846812558707403
leaf_weight=7.1801247373223296 5.2707443907856932 7.3160455077886573 9.1297238245606405 57.335816018283367
leaf_count=32 24 31 42 248
internal_value=6.93047e-05 -0.00280884 0.000395433 -0.00453357
internal_weight=86.2325 79.0523 73.7816 66.4655
internal_count=377 345 321 290
is_linear=0
shrinkage=0.1


Tree=61
num_leaves=7
num_cat=0
split_feature=1 1 0 6 0 5
split_gain=0.748008 4.70899 2.23403 2.41947 1.70346 1.55793
threshold=286.57260206643463 289.37486663618358 295.4584519609071 26.126716136932377 288.75898190028971 3.074609670450231
decision_type=2 2 2 2 2 2
left_child=2 -2 3 -1 -3 -6
right_child=1 4 -4 -5 5 -7
leaf_value=0.028856325686485548 -0.1013006532679762 0.054703305245071825 0.06578058797831389 -0.067288831983032121 -0.0076361295418186162 0.050527769784904419
leaf_weight=6.7062165886163729 4.6937502995133391 5.6881183683872214 6.3620471954345694 4.2928035333752632 53.418010324239731 5.0395814329385749
leaf_count=27 24 23 28 22 233 20
internal_value=6.46064e-05 -0.00461348 0.018614 -0.00866813 0.00246144 -0.00262187
internal_weight=86.2005 68.8395 17.3611 10.999 64.1457 58.4576
internal_count=377 300 77 49 276 253
is_linear=0
shrinkage=0.1


Tree=62
num_leaves=10
num_cat=0
split_feature=0 3 3 3 8 2 2 1 2
split_gain=0.733237 1.58694 2.82196 2.47402 2.35093 1.5698 3.9955 3.99118 0.959455
threshold=322.12718916235946 48.23856494816642 58.673146368434274 69.74913998331364 37.30356221808325 308.81142977431011 295.35610559226444 340.39604483986898 285.25273702986209
decision_type=2 2 2 2 2 2 2 2 2
left_child=1 4 8 -4 -1 6 -2 -7 -3
right_child=5 2 3 -5 -6 7 -8 -9 -10
leaf_value=-0.020850446697407252 -0.059134537450375481 -0.016759265576445349 0.044997080759479502 -0.0076231985120155639 0.069911900278312886 -0.099818223116242763 0.062334141479834154 0.018401531977466634 -0.08426475910098713
leaf_weight=4.4333505257964125 4.6689990758895892 3.7498827427625638 12.820425450801848 29.482640355825424 8.0100557059049589 5.7859107106924039 6.447320818901062 5.6390013694763184 4.8011994808912277
leaf_count=21 24 19 54 129 30 27 26 22 25
internal_value=4.99707e-05 0.00556536 -0.00226702 0.00832398 0.037575 -0.0154377 0.0113157 -0.0414684 -0.0546618
internal_weight=85.8388 63.2976 50.8541 42.3031 12.4434 22.5412 11.1163 11.4249 8.55108
internal_count=377 278 227 183 51 99 50 49 44
is_linear=0
shrinkage=0.1


Tree=63
num_leaves=7
num_cat=0
split_feature=4 6 4 3 4 3
split_gain=0.703906 2.11363 2.03384 1.38419 2.55078 1.97171
threshold=1.4870869137812408 27.501316070556644 1.6283310373637507 75.541420150484655 2.0206927153799374 80.844093398161334
decision_type=2 2 2 2 2 2
left_child=1 -1 -2 4 -4 -5
right_child=2 -3 3 5 -6 -7
leaf_value=-0.058282294432262793 0.062648689574630267 0.024703248127803685 -0.065839624419802165 0.068215556458609952 -0.00078603244003598929 0.0026048802732409975
leaf_weight=7.0051904022693616 5.4332420825958243 5.4624569341540337 7.4349272474646559 5.7430640906095531 31.838694728910923 22.62297335267067
leaf_count=36 22 23 36 23 138 99
internal_value=3.74646e-05 -0.0219238 0.00378448 -0.000943864 -0.0131014 0.0158886
internal_weight=85.5405 12.4676 73.0729 67.6397 39.2736 28.366
internal_count=377 59 318 296 174 122
is_linear=0
shrinkage=0.1


Tree=64
num_leaves=5
num_cat=0
split_feature=9 9 9 7
split_gain=0.703224 1.02358 1.31325 1.76315
threshold=33.257419148261924 34.406935073254225 35.134955074667381 24.198343748412345
decision_type=2 2 2 2
left_child=-1 -2 -3 -4
right_child=1 2 3 -5
leaf_value=0.030361293462871131 -0.04522002443360526 0.051506784445379573 -0.05514784315281171 0.0018346255682109955
leaf_weight=7.0142556726932517 5.2773735150694838 4.7012652531266204 5.9492171704769126 62.226839601993561
leaf_count=32 24 21 29 271
internal_value=2.98516e-05 -0.00269235 0.000387274 -0.00313781
internal_weight=85.169 78.1547 72.8773 68.1761
internal_count=377 345 321 300
is_linear=0
shrinkage=0.1


Tree=65
num_leaves=10
num_cat=0
split_feature=0 1 2 2 2 4 3 3 5
split_gain=0.703608 1.52047 3.13515 1.41269 2.18395 1.89814 1.79025 2.17479 1.57239
threshold=327.72659090906387 333.42899717826782 301.23375699106504 300.23318909268693 293.67708180739811 2.3974609375000004 83.882151387233804 60.805906501098782 1.6333161806627585
decision_type=2 2 2 2 2 2 2 2 2
left_child=3 2 -2 4 8 -6 7 -5 -1
right_child=1 -3 -4 6 5 -7 -8 -9 -10
leaf_value=-0.035432750868725375 0.0030009247175426241 0.01446616768076385 -0.11123685542998195 0.010369549644732537 -0.091880775219557828 -0.0020666613205435631 -0.023964788264135228 0.091284560320456939 0.015830682773533649
leaf_weight=7.3597077354788771 5.8718195259571093 8.1847731471061689 4.0658353343605995 7.2735546976327914 4.7487034201621992 4.664426177740097 4.780989557504653 6.1137119457125664 31.99452055990696
leaf_count=42 27 34 20 31 21 20 20 23 139
internal_value=2.88523e-05 -0.0174506 -0.0437377 0.00476132 -0.0041059 -0.0473758 0.0285628 0.0473219 0.00624381
internal_weight=85.058 18.1224 9.93765 66.9356 48.7674 9.41313 18.1683 13.3873 39.3542
internal_count=377 81 47 296 222 41 74 54 181
is_linear=0
shrinkage=0.1


Tree=66
num_leaves=6
num_cat=0
split_feature=0 0 9 8 6
split_gain=0.708878 0.975431 1.40765 3.63659 2.00453
threshold=278.9722541093318 286.77598957894617 34.760891509018784 35.563339008479495 23.465209960937504
decision_type=2 2 2 2 2
left_child=-1 -2 4 -4 -3
right_child=1 2 3 -5 -6
leaf_value=0.03489662141017319 -0.040440900869042749 -0.0057562000323726015 -0.092808130944572784 0.0013201181310195165 0.072565086316322414
leaf_weight=5.4519257321953765 6.2065427750349036 7.0620398074388486 4.4330983683466902 55.362920336425304 6.0821593478322029
leaf_count=23 30 33 23 241 27
internal_value=1.90964e-05 -0.0023834 0.000854946 -0.00565827 0.0304851
internal_weight=84.5987 79.1468 72.9402 59.796 13.1442
internal_count=377 354 324 264 60
is_linear=0
shrinkage=0.1


Tree=67
num_leaves=6
num_cat=0
split_feature=7 7 7 7 8
split_gain=0.676058 2.85504 1.45901 2.04031 2.01408
threshold=23.131851181752918 21.715240600848386 23.925673392273456 24.368484055772381 36.706165492910714
decision_type=2 2 2 2 2
left_child=1 -1 -2 -4 -5
right_child=2 -3 3 4 -6
leaf_value=-0.037610674624239705 -0.054315664702451805 0.068848169806466297 0.057806203963529784 -0.047278062116296954 0.0028454777095099173
leaf_weight=4.3542438149452192 5.2164454683661452 5.9771873205900192 5.7053920105099669 9.4238051921129209 53.688336603343487
leaf_count=20 27 27 25 43 235
internal_value=1.72396e-05 0.0239804 -0.00332682 0.000538188 -0.00463889
internal_weight=84.3654 10.3314 74.034 68.8175 63.1121
internal_count=377 47 330 303 278
is_linear=0
shrinkage=0.1


Tree=68
num_leaves=6
num_cat=0
split_feature=4 4 4 5 2
split_gain=0.638983 2.19928 1.17028 3.15676 1.48723
threshold=3.4174218177795415 3.0039062500000004 2.5528059005737309 2.3251411989723123 312.48131277802059
decision_type=2 2 2 2 2
left_child=1 2 3 -1 -4
right_child=-2 -3 4 -5 -6
leaf_value=0.0028406407340725126 0.035987278154965698 -0.056935136477430884 0.041057726825419777 -0.08456446835724582 -0.025725967447916522
leaf_weight=50.139014914631844 4.6656640470027915 6.6959442123770705 13.797872439026834 4.50319480895996 4.3972347825765601
leaf_count=221 19 32 63 23 19
internal_value=1.9868e-05 -0.00209009 0.00295182 -0.00436262 0.024918
internal_weight=84.1989 79.5333 72.8373 54.6422 18.1951
internal_count=377 358 326 244 82
is_linear=0
shrinkage=0.1


Tree=69
num_leaves=5
num_cat=0
split_feature=6 5 5 5
split_gain=0.608304 1.9397 2.66578 1.75919
threshold=30.716647808894098 1.1225832657366741 1.495345181653519 1.6803926489500658
decision_type=2 2 2 2
left_child=1 -1 -3 -4
right_child=-2 2 3 -5
leaf_value=0.064924768823888201 -0.026231266467180853 -0.071583233616881445 0.060723609697098273 -0.00068577694000824575
leaf_weight=4.71084240078926 7.9887505918741217 5.0207656770944586 5.0496018379926673 61.232790224254131
leaf_count=22 36 27 22 270
internal_value=1.82218e-05 0.00277693 -0.00132904 0.00399258
internal_weight=84.0028 76.014 71.3032 66.2824
internal_count=377 341 319 292
is_linear=0
shrinkage=0.1


Tree=70
num_leaves=10
num_cat=0
split_feature=2 3 1 8 1 9 7 5 8
split_gain=0.577088 1.79015 0.838872 3.10276 5.19465 2.7985 4.68982 2.94487 1.29045
threshold=269.51606849711055 78.888386182384608 303.14162217099755 37.372421264648445 311.26573912563526 38.108355922718886 24.480553760252537 2.156552342279451 35.563339008479495
decision_type=2 2 2 2 2 2 2 2 2
left_child=1 -1 5 8 -5 6 -2 -7 -4
right_child=2 -3 3 4 -6 7 -8 -9 -10
leaf_value=-0.069253071116996481 0.026108471937492751 0.019592334579418613 -0.0048818520715756177 -0.11766593449719676 -0.004169878715014153 0.0058102789733114222 -0.073011435543874875 0.082652885588738234 0.066294244534372077
leaf_weight=4.4330211877822858 11.788986317813398 4.6433591842651367 4.3438620790839177 5.1196774691343334 18.993765458464622 11.628471344709398 8.0214126482605916 8.7324614301323873 6.1587745994329453
leaf_count=23 55 21 20 22 82 50 44 35 25
internal_value=1.08648e-05 -0.0238009 0.00290072 -0.00850842 -0.0282669 0.0127321 -0.0140261 0.0387668 0.036856
internal_weight=83.8638 9.07638 74.7874 34.6161 24.1134 40.1713 19.8104 20.3609 10.5026
internal_count=377 44 333 149 104 184 99 85 45
is_linear=0
shrinkage=0.1


Tree=71
num_leaves=5
num_cat=0
split_feature=1 1 1 1
split_gain=0.606223 1.55825 2.31549 3.09247
threshold=282.1194234167105 285.53052322164535 286.78365707576205 289.74550978008443
decision_type=2 2 2 2
left_child=-1 -2 -3 -4
right_child=1 2 3 -5
leaf_value=0.027563391999451181 -0.05206449630036341 0.074253159476221894 -0.082496247816665202 0.0028682214259526471
leaf_weight=7.2843941152095786 5.8841393217444411 4.1190147399902335 4.5585962906479827 61.447074994444847
leaf_count=32 30 18 24 273
internal_value=5.45599e-06 -0.00263559 0.00151197 -0.00302737
internal_weight=83.2932 76.0088 70.1247 66.0057
internal_count=377 345 315 297
is_linear=0
shrinkage=0.1


Tree=72
num_leaves=6
num_cat=0
split_feature=3 3 2 2 6
split_gain=0.577713 3.12284 2.11657 1.61997 0.360736
threshold=41.396337005744392 48.23856494816642 330.77685950413223 309.46927116416435 26.450179244420728
decision_type=2 2 2 2 2
left_child=4 -2 3 -3 -1
right_child=1 2 -4 -5 -6
leaf_value=-0.042805297605428956 0.079786778540704026 -0.00083332332588454826 0.059508628683528755 -0.045783042048219272 -0.0040051727526423603
leaf_weight=4.7156506851315481 4.94159922748804 54.077011361718178 5.0922126322984687 9.4134293869137746 4.8716826587915421
leaf_count=21 21 252 20 43 20
internal_value=-1.21471e-06 0.00300943 -0.00252263 -0.00749781 -0.0230895
internal_weight=83.1116 73.5243 68.5827 63.4904 9.58733
internal_count=377 336 315 295 41
is_linear=0
shrinkage=0.1


Tree=73
num_leaves=5
num_cat=0
split_feature=8 8 8 8
split_gain=0.569149 2.08574 1.77804 2.74399
threshold=45.893671937638928 44.781232256245254 43.413330078125007 42.156250000000007
decision_type=2 2 2 2
left_child=1 2 3 -1
right_child=-2 -3 -4 -5
leaf_value=-0.0028273992549198604 -0.02725673350944597 0.070361794299171748 -0.063287853311584194 0.07919525846611894
leaf_weight=62.932122960686684 7.0119134709238997 4.2765093371272078 4.376935511827468 4.3612827435135832
leaf_count=290 30 18 21 18
internal_value=2.80666e-06 0.00251959 -0.0015285 0.00248849
internal_weight=82.9588 75.9469 71.6703 67.2934
internal_count=377 347 329 308
is_linear=0
shrinkage=0.1


Tree=74
num_leaves=6
num_cat=0
split_feature=4 1 1 1 4
split_gain=0.59692 1.14017 1.46166 3.58141 2.55604
threshold=1.1327449987916085 282.1194234167105 289.74550978008443 286.57260206643463 1.9224796494104341
decision_type=2 2 2 2 2
left_child=-1 -2 3 -3 -4
right_child=1 2 4 -5 -6
leaf_value=-0.028610727786450296 0.042411418647032212 0.0057292201997840003 0.044423388492547448 -0.1049456166267341 -0.0059543869179903
leaf_weight=6.6986824199557296 6.5503718927502623 8.7463343665003759 13.125029914081095 4.3921270519495001 43.288799345493317
leaf_count=32 28 40 59 24 194
internal_value=7.62815e-06 0.00252666 -0.00122965 -0.0312689 0.00576632
internal_weight=82.8013 76.1027 69.5523 13.1385 56.4138
internal_count=377 345 317 64 253
is_linear=0
shrinkage=0.1


Tree=75
num_leaves=5
num_cat=0
split_feature=0 0 5 4
split_gain=0.582516 0.779854 1.36288 1.5748
threshold=278.9722541093318 286.77598957894617 3.074609670450231 2.9869558081406642
decision_type=2 2 2 2
left_child=-1 -2 3 -3
right_child=1 2 -4 -5
leaf_value=0.032326163352969249 -0.036499893990348468 0.0018636003708260677 0.048928601886339837 -0.050284168269065732
leaf_weight=5.2210382670164099 6.1006090007722369 59.451100051403046 5.4251483529806128 6.4159506782889357
leaf_count=23 30 271 23 30
internal_value=-3.36715e-06 -0.00218437 0.000752078 -0.00321599
internal_weight=82.6138 77.3928 71.2922 65.8671
internal_count=377 354 324 301
is_linear=0
shrinkage=0.1


Tree=76
num_leaves=5
num_cat=0
split_feature=3 3 3 2
split_gain=0.590221 1.23757 1.50093 1.76908
threshold=122.02532013631024 105.81307902186491 91.866046602603873 281.67814904099748
decision_type=2 2 2 2
left_child=1 2 3 -1
right_child=-2 -3 -4 -5
leaf_value=-0.032007347023247729 0.035295217671870327 -0.05379842639840704 0.04412609601602252 0.0057206232012461554
leaf_weight=16.560867339372635 4.4802079722285262 4.3595246076583853 7.284107267856597 49.809519123286009
leaf_count=82 21 21 30 223
internal_value=-1.38638e-06 -0.00202841 0.0010358 -0.00369333
internal_weight=82.4942 78.014 73.6545 66.3704
internal_count=377 356 335 305
is_linear=0
shrinkage=0.1


Tree=77
num_leaves=5
num_cat=0
split_feature=9 9 6 9
split_gain=0.621085 0.810818 1.28731 1.30599
threshold=33.257419148261924 34.406935073254225 23.816601514816288 35.448471614734061
decision_type=2 2 2 2
left_child=-1 -2 -3 -4
right_child=1 2 3 -5
leaf_value=0.029136078109615424 -0.040538604934583222 0.041312089142521324 0.039104460840816195 -0.0089646011518048907
leaf_weight=6.7188203409314147 5.2400836572051039 6.8833674639463416 6.2714912146329871 57.227750658988953
leaf_count=32 24 31 29 261
internal_value=-9.71485e-07 -0.0025897 0.000235649 -0.00421707
internal_weight=82.3415 75.6227 70.3826 63.4992
internal_count=377 345 321 290
is_linear=0
shrinkage=0.1


Tree=78
num_leaves=8
num_cat=0
split_feature=0 1 1 4 6 6 5
split_gain=0.559647 1.268 2.05182 1.17837 2.65918 1.75573 1.59398
threshold=327.72659090906387 333.42899717826782 320.29188973997799 1.4870869137812408 29.480919538444144 27.617858886718754 1.0937357110196622
decision_type=2 2 2 2 2 2 2
left_child=3 2 -2 6 5 -5 -1
right_child=1 -3 -4 4 -6 -7 -8
leaf_value=0.019888542592497043 0.00091208239623992806 0.013517944364039806 -0.092291234771700273 0.010272159940894528 0.083827776112944549 -0.050510937181900341 -0.057319870484334602
leaf_weight=4.5527568981051427 5.3305101245641726 8.0201140940189344 4.2413551136851311 43.76494975015521 4.5198749452829352 5.3310296237468711 6.4795413240790367
leaf_count=21 25 34 22 199 17 26 33
internal_value=1.88443e-06 -0.0158119 -0.0403869 0.00430511 0.0104293 0.0036721 -0.0254579
internal_weight=82.2401 17.592 9.57187 64.6482 53.6159 49.096 11.0323
internal_count=377 81 47 296 242 225 54
is_linear=0
shrinkage=0.1


Tree=79
num_leaves=5
num_cat=0
split_feature=6 5 5 5
split_gain=0.633524 1.55431 2.10338 1.3938
threshold=30.716647808894098 1.1225832657366741 1.495345181653519 1.6803926489500658
decision_type=2 2 2 2
left_child=1 -1 -3 -4
right_child=-2 2 3 -5
leaf_value=0.058776531191947014 -0.027160116616208152 -0.064977386105145182 0.055152369886854451 -0.00037599572987578612
leaf_weight=4.6563696190714827 7.7748052328824988 4.7715327702462664 4.890053115785121 59.788112670183182
leaf_count=22 36 27 22 270
internal_value=-3.70229e-06 0.0028454 -0.000904594 0.00382228
internal_weight=81.8809 74.1061 69.4497 64.6782
internal_count=377 341 319 292
is_linear=0
shrinkage=0.1


Tree=80
num_leaves=6
num_cat=0
split_feature=4 1 1 1 4
split_gain=0.589011 0.964346 1.13872 3.15386 2.06321
threshold=1.1327449987916085 282.1194234167105 289.74550978008443 286.57260206643463 1.9224796494104341
decision_type=2 2 2 2 2
left_child=-1 -2 3 -3 -4
right_child=1 2 4 -5 -6
leaf_value=-0.028670280516709702 0.039419153484158566 0.0067959524461614065 0.040116561781793542 -0.098736063825557899 -0.0053792124099223803
leaf_weight=6.5914122387766829 6.468294881284236 8.6357808485627157 12.990708149969576 4.2136095203459254 42.836374968290329
leaf_count=32 28 40 59 24 194
internal_value=-7.74694e-06 0.00250642 -0.000970205 -0.0278104 0.00520745
internal_weight=81.7362 75.1448 68.6765 12.8494 55.8271
internal_count=377 345 317 64 253
is_linear=0
shrinkage=0.1


Tree=81
num_leaves=6
num_cat=0
split_feature=6 8 1 8 4
split_gain=0.534453 1.38941 1.51057 1.3605 1.41461
threshold=30.716647808894098 42.156250000000007 292.79175158699479 41.290107756853111 1.4870869137812408
decision_type=2 2 2 2 2
left_child=1 3 -3 4 -1
right_child=-2 2 -4 -5 -6
leaf_value=-0.045539814209889548 -0.025004832169221992 0.07740183352941854 0.0049834602959584612 -0.053001477529725775 0.0063581226292306146
leaf_weight=5.8575424067676058 7.7460119500756255 4.7712963894009572 7.2676849216222763 5.0850311517715445 50.81782978028059
leaf_count=32 36 21 31 21 236
internal_value=-1.62116e-05 0.0026066 0.0336844 -0.0034514 0.00099434
internal_weight=81.5454 73.7994 12.039 61.7604 56.6754
internal_count=377 341 52 289 268
is_linear=0
shrinkage=0.1


Tree=82
num_leaves=7
num_cat=0
split_feature=9 8 8 7 7 7
split_gain=0.527752 0.769873 2.71861 1.97501 1.55105 1.52925
threshold=33.257419148261924 36.706165492910714 37.249425411224372 24.480553760252537 24.582889759565898 23.452888746160252
decision_type=2 2 2 2 2 2
left_child=-1 3 -3 5 -4 -2
right_child=1 2 4 -5 -6 -7
leaf_value=0.027163178240068142 -0.030722479966258948 0.073537752313160121 -0.061352686364941914 -0.058635053579865926 0.0017413746872992229 0.044959043406216703
leaf_weight=6.5677276328206053 5.2572011947631854 5.0326037667691699 4.2476897016167632 7.735289864242076 47.095516368746758 5.4251495823264122
leaf_count=32 24 24 21 37 213 26
internal_value=-1.56508e-05 -0.00240227 0.00339667 -0.0201526 -0.00347848 0.00771322
internal_weight=81.3612 74.7935 56.3758 18.4176 51.3432 10.6824
internal_count=377 345 258 87 234 50
is_linear=0
shrinkage=0.1


Tree=83
num_leaves=5
num_cat=0
split_feature=3 3 3 2
split_gain=0.524107 0.963385 1.36449 1.71856
threshold=122.02532013631024 105.81307902186491 91.866046602603873 281.67814904099748
decision_type=2 2 2 2
left_child=1 2 3 -1
right_child=-2 -3 -4 -5
leaf_value=-0.031864417074093175 0.033586529235302573 -0.04825829963035385 0.042299360456852397 0.0055819829804483554
leaf_weight=16.324823778122663 4.3915576487779608 4.2414188832044593 7.1351440921425811 49.171434357762337
leaf_count=82 21 21 30 223
internal_value=-1.33064e-05 -0.00193278 0.000772464 -0.00375146
internal_weight=81.2644 76.8728 72.6314 65.4963
internal_count=377 356 335 305
is_linear=0
shrinkage=0.1


Tree=84
num_leaves=7
num_cat=0
split_feature=9 7 6 6 6 3
split_gain=0.532826 1.66962 2.86848 1.96093 1.44051 0.476307
threshold=34.760891509018784 24.198343748412345 24.797123319019402 25.261137872934345 23.465209960937504 69.74913998331364
decision_type=2 2 2 2 2 2
left_child=4 -2 -3 -4 5 -1
right_child=1 2 3 -5 -6 -7
leaf_value=0.015745355684723329 -0.05225263016031844 0.069378249074105405 -0.060306748744829552 0.00095211936050114019 0.054818869406619009 -0.032399863303532034
leaf_weight=3.9053014665842039 6.4167878963053218 5.6287376731634131 5.8495810255408278 48.974575966596603 6.0012078806757918 4.3366878777742386
leaf_count=20 33 24 28 224 28 20
internal_value=-1.18348e-05 -0.0037524 0.00139567 -0.00558403 0.0175495 -0.00958722
internal_weight=81.1129 66.8697 60.4529 54.8242 14.2432 8.24199
internal_count=377 309 276 252 68 40
is_linear=0
shrinkage=0.1


Tree=85
num_leaves=6
num_cat=0
split_feature=7 7 7 6 8
split_gain=0.568896 2.24407 1.1222 1.77665 1.44496
threshold=23.131851181752918 21.983812158422015 23.925673392273456 23.945503957569603 35.563339008479495
decision_type=2 2 2 2 2
left_child=1 -1 -2 -4 -5
right_child=2 -3 3 4 -6
leaf_value=-0.020013866119034805 -0.048648284158158847 0.075947353044763133 0.06381113495617087 -0.048670127716054244 0.0013125120776967571
leaf_weight=5.5032913908362371 5.0334787368774405 4.3736755326390266 4.1334483698010436 6.4578505270183078 55.417860493063927
leaf_count=26 27 21 18 33 252
internal_value=-8.04413e-06 0.0224793 -0.00313443 0.000336199 -0.00390408
internal_weight=80.9196 9.87697 71.0426 66.0092 61.8757
internal_count=377 47 330 303 285
is_linear=0
shrinkage=0.1


Tree=86
num_leaves=6
num_cat=0
split_feature=4 4 4 5 3
split_gain=0.514702 1.4066 1.09795 2.38223 1.53698
threshold=3.4174218177795415 3.0039062500000004 2.5528059005737309 2.3063471348047 80.263370797673261
decision_type=2 2 2 2 2
left_child=1 2 3 -1 -4
right_child=-2 -3 4 -5 -6
leaf_value=0.0018256339855775225 0.032920231723436208 -0.046711380332121605 0.045704893574608781 -0.071173920907697322 -0.016626585624806744
leaf_weight=47.512772712856531 4.4848280400037757 6.4257331117987624 11.329825066030027 4.9346487671136847 6.0783127285540095
leaf_count=218 19 32 53 26 29
internal_value=-2.77086e-06 -0.00193842 0.00218006 -0.00504271 0.0239409
internal_weight=80.7661 76.2813 69.8556 52.4474 17.4081
internal_count=377 358 326 244 82
is_linear=0
shrinkage=0.1


Tree=87
num_leaves=9
num_cat=0
split_feature=7 7 6 9 9 8 9 9
split_gain=0.495459 1.82551 0.929692 3.70331 3.4287 2.8141 2.56859 1.02544
threshold=23.131851181752918 21.983812158422015 25.261137872934345 36.153939060786485 36.178218827977268 37.910483071482005 38.146179068586576 34.760891509018784
decision_type=2 2 2 2 2 2 2 2
left_child=1 -1 4 -4 7 -6 -5 -2
right_child=2 -3 3 6 5 -7 -8 -9
leaf_value=-0.017059812137709466 -0.028189663791555894 0.069968640412372399 0.074025088631984967 -0.066775305905522331 0.078513873457540032 -0.027805108214042064 0.0033622348168800193 -0.093457539520009417
leaf_weight=5.4992911219596845 4.4194346815347689 4.2908733487129211 6.6143889240920535 6.0433508642017832 4.4875805675983411 5.5914553180336952 38.394139014184475 5.2868448086082935
leaf_count=26 23 21 30 33 20 25 171 28
internal_value=-2.82332e-06 0.0210834 -0.00291707 0.00421482 -0.0213194 0.0195323 -0.00617624 -0.06374
internal_weight=80.6274 9.79016 70.8372 51.0519 19.7853 10.079 44.4375 9.70628
internal_count=377 47 330 234 96 45 204 51
is_linear=0
shrinkage=0.1


Tree=88
num_leaves=7
num_cat=0
split_feature=6 9 5 5 5 0
split_gain=0.515875 1.85012 1.6181 2.71063 1.79161 1.47292
threshold=30.302371379824649 43.266751328959323 2.4469263666438663 2.2399313527271922 2.6160750668237065 333.73843994971725
decision_type=2 2 2 2 2 2
left_child=1 2 3 -1 -4 -2
right_child=5 -3 4 -5 -6 -7
leaf_value=-0.0015004764984840331 0.017488943132406683 0.063608824356021762 0.060439079177140399 -0.068567590571658135 0.00077577218146456222 -0.060656755324013392
leaf_weight=35.586064107716084 4.8101293891668302 4.6949033662676802 7.4263582378625896 7.2548791877925387 15.6170547157526 4.8377646282315254
leaf_count=167 21 19 32 39 75 24
internal_value=-7.10297e-06 0.00295766 -0.00136433 -0.0128579 0.0200039 -0.0216958
internal_weight=80.2272 70.5793 65.8844 42.8409 23.0434 9.64789
internal_count=377 332 313 206 107 45
is_linear=0
shrinkage=0.1


Tree=89
num_leaves=6
num_cat=0
split_feature=4 1 1 1 0
split_gain=0.542656 0.856782 1.02205 2.61762 1.65146
threshold=1.1327449987916085 282.1194234167105 289.74550978008443 286.57260206643463 296.5319111843217
decision_type=2 2 2 2 2
left_child=-1 -2 3 -3 -4
right_child=1 2 4 -5 -6
leaf_value=-0.027755757854341596 0.037463637044480455 0.0049895436933092806 0.042927021297394535 -0.093005722496070753 -0.0029710981383287405
leaf_weight=6.4758075401186934 6.3785147927701464 8.4164330437779409 9.48815208673477 4.0314823091030112 45.111047647893429
leaf_count=32 28 40 44 24 209
internal_value=-5.83957e-06 0.00244158 -0.00089024 -0.026748 0.005005
internal_weight=79.9014 73.4256 67.0471 12.4479 54.5992
internal_count=377 345 317 64 253
is_linear=0
shrinkage=0.1


Tree=90
num_leaves=5
num_cat=0
split_feature=3 1 1 3
split_gain=0.522241 1.01669 1.5963 1.12588
threshold=122.02532013631024 340.39604483986898 325.71688766956265 38.827440316308213
decision_type=2 2 2 2
left_child=1 2 3 -1
right_child=-2 -3 -4 -5
leaf_value=0.040052203378349589 0.033686129601362434 0.044524689660472204 -0.062360264876317323 -0.0050834436091967503
leaf_weight=6.0843212679028502 4.3478131517767897 4.428839609026908 4.5205085426568976 60.283266201615334
leaf_count=27 21 18 24 287
internal_value=-1.25842e-05 -0.00195791 -0.00486198 -0.000945584
internal_weight=79.6647 75.3169 70.8881 66.3676
internal_count=377 356 338 314
is_linear=0
shrinkage=0.1


Tree=91
num_leaves=7
num_cat=0
split_feature=3 3 3 2 3 8
split_gain=0.505227 2.32034 1.77522 2.35758 1.53956 0.3491
threshold=41.396337005744392 48.23856494816642 58.673146368434274 328.55917734091321 53.699558000440142 39.953547335576054
decision_type=2 2 2 2 2 2
left_child=5 -2 4 -4 -3 -1
right_child=1 2 3 -5 -6 -7
leaf_value=-0.041719361919165421 0.070521618284138138 -0.0071186630959324017 -0.0020821327160331338 0.068560226368541297 -0.092803137596317697 -0.0027923944322003555
leaf_weight=4.5539166927337629 4.7293705046176902 4.7969591021537763 51.843658450990915 5.1979471594095221 3.7255891226232052 4.6626372784376144
leaf_count=22 21 24 246 21 24 19
internal_value=-1.19582e-05 0.00287446 -0.00200517 0.00435519 -0.0445752 -0.0220263
internal_weight=79.5101 70.2935 65.5642 57.0416 8.52255 9.21655
internal_count=377 336 315 267 48 41
is_linear=0
shrinkage=0.1


Tree=92
num_leaves=7
num_cat=0
split_feature=7 8 9 3 3 3
split_gain=0.558167 1.63645 1.74142 1.37849 1.10492 0.945655
threshold=29.009692631953662 42.156250000000007 40.378811149787211 73.823556014893526 67.482706601654755 75.788780233666088
decision_type=2 2 2 2 2 2
left_child=1 2 4 -2 -1 -3
right_child=3 5 -4 -5 -6 -7
leaf_value=-0.013668929663057461 0.013654086831266305 0.010593635889853629 -0.059120705206503268 -0.056890733149396439 0.015233523967948732 0.073608873842677877
leaf_weight=23.778877574950457 5.667869605123995 4.806813180446623 5.0318297743797293 5.4175827354192734 29.807058148086071 4.7197814881801605
leaf_count=122 25 21 23 25 139 22
internal_value=-1.17612e-05 0.00337356 -0.00287371 -0.0208219 0.002408 0.0418134
internal_weight=79.2298 68.1444 58.6178 11.0855 53.5859 9.52659
internal_count=377 327 284 50 261 43
is_linear=0
shrinkage=0.1


Tree=93
num_leaves=6
num_cat=0
split_feature=4 5 2 4 3
split_gain=0.479567 0.747699 2.57967 1.71502 2.08316
threshold=1.1327449987916085 1.6803926489500658 295.83720804302089 1.8183593750000002 108.85030858826293
decision_type=2 2 2 2 2
left_child=-1 2 -2 -3 -5
right_child=1 3 -4 4 -6
leaf_value=-0.026218257508905381 -0.01177151871063936 -0.054314796792936798 0.092365840959470244 0.0091017703325414583 -0.061398429261464604
leaf_weight=6.4137038663029662 6.3050473369657976 5.6512722596526137 3.8199375197291374 52.26500840857625 4.5566366426646701
leaf_count=32 36 29 16 239 25
internal_value=-7.06624e-06 0.00230858 0.0275173 -0.00177699 0.00344822
internal_weight=79.0116 72.5979 10.125 62.4729 56.8216
internal_count=377 345 52 293 264
is_linear=0
shrinkage=0.1


Tree=94
num_leaves=5
num_cat=0
split_feature=4 4 4 9
split_gain=0.572741 1.12322 0.894642 1.46157
threshold=3.465483814477921 3.0039062500000004 2.8727874755859379 43.266751328959323
decision_type=2 2 2 2
left_child=1 2 3 -1
right_child=-2 -3 -4 -5
leaf_value=-0.0081254874349171464 0.036580290845616495 -0.041261736967893148 0.039991078216138121 0.034230494599330079
leaf_weight=52.920682523399591 4.0590175986289969 6.6365326009690753 5.6365901231765738 9.629260301589964
leaf_count=256 17 34 28 42
internal_value=-4.22783e-06 -0.00198887 0.00183352 -0.00160499
internal_weight=78.8821 74.8231 68.1865 62.5499
internal_count=377 360 326 298
is_linear=0
shrinkage=0.1


Tree=95
num_leaves=6
num_cat=0
split_feature=7 7 7 0 3
split_gain=0.575632 1.48536 2.06267 1.40436 1.07824
threshold=29.009692631953662 27.893202422440236 27.064656039655155 278.9722541093318 73.823556014893526
decision_type=2 2 2 2 2
left_child=1 2 3 -1 -2
right_child=4 -3 -4 -5 -6
leaf_value=0.061818453811940843 0.0091997019997975289 0.04250645866067021 -0.05711938110854603 -0.00041605190316214416 -0.053344699339826988
leaf_weight=3.914632834494113 5.6745883449912053 8.5133152306079847 6.1238285899162284 49.15925120189786 5.3598656952381134
leaf_count=18 25 38 30 241 25
internal_value=-1.15017e-06 0.00345033 -0.00216639 0.00417425 -0.0211806
internal_weight=78.7455 67.711 59.1977 53.0739 11.0345
internal_count=377 327 289 259 50
is_linear=0
shrinkage=0.1


Tree=96
num_leaves=5
num_cat=0
split_feature=3 1 0 4
split_gain=0.526474 0.712687 1.41408 1.04266
threshold=122.02532013631024 340.39604483986898 340.60986253544615 2.0206927153799374
decision_type=2 2 2 2
left_child=1 2 3 -1
right_child=-2 -3 -4 -5
leaf_value=-0.016242680371943773 0.034254625510270663 0.037291576804886782 -0.061411468424778418 0.0094291362567777738
leaf_weight=26.39341277256608 4.2444907426834098 4.3556898534297934 4.0957597568631163 39.495240837335587
leaf_count=132 21 18 22 184
internal_value=4.58405e-08 -0.00195574 -0.00439841 -0.000854377
internal_weight=78.5846 74.3401 69.9844 65.8887
internal_count=377 356 338 316
is_linear=0
shrinkage=0.1


Tree=97
num_leaves=6
num_cat=0
split_feature=8 2 3 0 3
split_gain=0.48301 1.13739 1.2859 1.92099 1.11064
threshold=45.893671937638928 328.55917734091321 91.866046602603873 322.12718916235946 108.09609295013259
decision_type=2 2 2 2 2
left_child=1 2 3 -1 -4
right_child=-2 -3 4 -5 -6
leaf_value=0.0013497276397036687 -0.025681226597241799 0.051478340128913946 0.057072569769123983 -0.047494017943011481 -0.003462220651529332
leaf_weight=45.309150949120522 6.6982495635747901 4.429988518357276 6.4417592138051969 9.792260713875292 5.72392787784338
leaf_count=222 30 19 27 48 31
internal_value=-7.57072e-07 0.00239842 -0.000833818 -0.00733046 0.0285911
internal_weight=78.3953 71.6971 67.2671 55.1014 12.1657
internal_count=377 347 328 270 58
is_linear=0
shrinkage=0.1


Tree=98
num_leaves=7
num_cat=0
split_feature=2 3 4 0 0 4
split_gain=0.481298 1.31898 0.76691 0.868409 1.94378 1.63765
threshold=269.51606849711055 78.888386182384608 3.4174218177795415 327.72659090906387 306.32595205342147 2.1810302734375004
decision_type=2 2 2 2 2 2
left_child=1 -1 3 4 -2 -5
right_child=2 -3 -4 5 -6 -7
leaf_value=-0.063876490733029298 -0.0084949816089900845 0.015554777868520501 0.045327171936161183 0.026855651655005305 0.031879843884469281 -0.045169746382752035
leaf_weight=4.0280876792967302 32.760413303971291 4.3460688292980194 3.9831542372703543 4.6904615238308898 18.74801479279995 9.6547282040119153
leaf_count=23 162 21 17 22 82 50
internal_value=1.22233e-06 -0.0226528 0.00271767 0.00014044 0.00620063 -0.0216195
internal_weight=78.2109 8.37416 69.8368 65.8536 51.5084 14.3452
internal_count=377 44 333 316 244 72
is_linear=0
shrinkage=0.1


Tree=99
num_leaves=9
num_cat=0
split_feature=7 3 8 9 8 7 2 9
split_gain=0.497618 1.74893 1.64948 1.59658 1.49977 1.38021 1.37143 1.34825
threshold=24.368484055772381 87.529950659572151 36.706165492910714 35.242401655537073 33.395954743959017 25.248595300022028 296.93137993834665 38.108355922718886
decision_type=2 2 2 2 2 2 2 2
left_child=1 3 6 4 -1 -4 -2 -7
right_child=2 -3 5 -5 -6 7 -8 -9
leaf_value=-0.015699187848553214 -0.089613884663288804 0.067508100026063889 0.044428682965850529 -0.046801672042545081 0.062956136455535522 -0.054906747221814003 -0.0093663695246299916 0.001963576227814675
leaf_weight=5.1520927622914332 3.830954894423483 4.6284467428922644 6.743093565106391 5.3247204907238475 4.5784930214285851 4.6790479309856883 4.795531801879406 38.218554317951202
leaf_count=25 21 22 32 29 23 28 22 175
internal_value=1.40369e-06 0.013748 -0.00464246 -0.00277944 0.0213102 0.00237145 -0.0450037 -0.00423954
internal_weight=77.9509 19.6838 58.2672 15.0553 9.73059 49.6407 8.62649 42.8976
internal_count=377 99 278 77 48 235 43 203
is_linear=0
shrinkage=0.1


end of trees

feature_importances:
passing_yards_std_L5=100
pass_tds_L3=74
passing_yards_L3=69
attempts_L5=63
completions_L5=58
passing_yards_L10=55
passing_yards_L5=50
completions_L3=43
attempts_L3=43
pass_tds_L5=42

parameters:
[boosting: gbdt]
[objective: binary]
[metric: binary_logloss]
[tree_learner: serial]
[device_type: cpu]
[data_sample_strategy: bagging]
[data: ]
[valid: ]
[num_iterations: 100]
[learning_rate: 0.1]
[num_leaves: 31]
[num_threads: 2]
[seed: 42]
[deterministic: 0]
[force_col_wise: 0]
[force_row_wise: 0]
[histogram_pool_size: -1]
[max_depth: 4]
[min_data_in_leaf: 20]
[min_sum_hessian_in_leaf: 0.001]
[bagging_fraction: 1]
[pos_bagging_fraction: 1]
[neg_bagging_fraction: 1]
[bagging_freq: 0]
[bagging_seed: 400]
[bagging_by_query: 0]
[feature_fraction: 1]
[feature_fraction_bynode: 1]
[feature_fraction_seed: 30056]
[extra_trees: 0]
[extra_seed: 12879]
[early_stopping_round: 0]
[early_stopping_min_delta: 0]
[first_metric_only: 0]
[max_delta_step: 0]
[lambda_l1: 0]
[lambda_l2: 0]
[linear_lambda: 0]
[min_gain_to_split: 0]
[drop_rate: 0.1]
[max_drop: 50]
[skip_drop: 0.5]
[xgboost_dart_mode: 0]
[uniform_drop: 0]
[drop_seed: 17869]
[top_rate: 0.2]
[other_rate: 0.1]
[min_data_per_group: 100]
[max_cat_threshold: 32]
[cat_l2: 10]
[cat_smooth: 10]
[max_cat_to_onehot: 4]
[top_k: 20]
[monotone_constraints: ]
[monotone_constraints_method: basic]
[monotone_penalty: 0]
[feature_contri: ]
[forcedsplits_filename: ]
[refit_decay_rate: 0.9]
[cegb_tradeoff: 1]
[cegb_penalty_split: 0]
[cegb_penalty_feature_lazy: ]
[cegb_penalty_feature_coupled: ]
[path_smooth: 0]
[interaction_constraints: ]
[verbosity: -1]
[saved_feature_importance_type: 0]
[use_quantized_grad: 0]
[num_grad_quant_bins: 4]
[quant_train_renew_leaf: 0]
[stochastic_rounding: 1]
[linear_tree: 0]
[max_bin: 255]
[max_bin_by_feature: ]
[min_data_in_bin: 3]
[bin_construct_sample_cnt: 200000]
[data_random_seed: 175]
[is_enable_sparse: 1]
[enable_bundle: 1]
[use_missing: 1]
[zero_as_missing: 0]
[feature_pre_filter: 1]
[pre_partition: 0]
[two_round: 0]
[header: 0]
[label_column: ]
[weight_column: ]
[group_column: ]
[ignore_column: ]
[categorical_feature: ]
[forcedbins_filename: ]
[precise_float_parser: 0]
[parser_config_file: ]
[objective_seed: 16083]
[num_class: 1]
[is_unbalance: 0]
[scale_pos_weight: 1.34161]
[sigmoid: 1]
[boost_from_average: 1]
[reg_sqrt: 0]
[alpha: 0.9]
[fair_c: 1]
[poisson_max_delta_step: 0.7]
[tweedie_variance_power: 1.5]
[lambdarank_truncation_level: 30]
[lambdarank_norm: 1]
[label_gain: ]
[lambdarank_position_bias_regularization: 0]
[eval_at: ]
[multi_error_top_k: 1]
[auc_mu_weights: ]
[num_machines: 1]
[local_listen_port: 12400]
[time_out: 120]
[machine_list_filename: ]
[machines: ]
[gpu_platform_id: -1]
[gpu_device_id: -1]
[gpu_use_dp: 0]
[num_gpu: 1]

end of parameters

pandas_categorical:[]
