tree
version=v4
num_class=1
num_tree_per_iteration=1
label_index=0
max_feature_idx=9
objective=binary sigmoid:1
feature_names=pass_tds_L3 pass_tds_L5 pass_tds_L10 pass_tds_std_L5 completions_L3 completions_L5 completions_L10 attempts_L3 attempts_L5 attempts_L10
feature_infos=[1:2.75] [1.5003759157056409:1.9979088018754736] [0.96468820435762581:2.6776859504132227] [0.45407660918649961:2.6143042030653998] [8.125:33.84431017560928] [6.0740740740740744:31.721806828032697] [3.9722013523666408:30.863289304071891] [11.625:50.5] [8.6666666666666661:48.786697613197227] [5.5499624342599549:46.989611405298191]
tree_sizes=1276 1375 1271 1477 1169 1063 1372 867 865 868 968 865 970 1382 860 1068 764 1275 1069 969 868 869 868 1074 971 866 971 971 969 770 870 767 769 971 769 968 667 771 770 666 773 767 771 665 767 768 772 876 869 873 668 770 671 873 968 971 1070 664 666 866 669 668 979 775 976 1065 870 1070 1280 772 874 1276 1182 1377 671 1074 668 777 770 1180 1077 1075 1272 1075 1280 869 873 773 1279 1074 976 1075 777 968 1280 1279 1375 1283 972 769

Tree=0
num_leaves=11
num_cat=0
split_feature=2 3 3 8 8 6 0 3 7 3
split_gain=20.4975 10.6561 8.63205 5.92269 5.0815 5.75711 4.54707 4.76266 5.36105 4.88515
threshold=1.8305730028647427 1.2931019957732144 1.3787477931838961 35.419075849086376 40.958743476988353 22.490493868936532 1.9045173395951165 1.2381620086749858 36.844763527798435 0.93504653204760546
decision_type=2 2 2 2 2 2 2 2 2 2
left_child=1 4 -3 -4 5 -1 7 9 -9 -2
right_child=6 2 3 -5 -6 -7 -8 8 -10 -11
leaf_value=-0.076842665429912332 -0.0026580654305213211 -0.22710509453461761 -0.13567319619148493 -0.013767467370807834 -0.15642838086149119 -0.022402400780329894 -0.072225519865040333 0.019893438458917584 -0.10493954627399778 0.091088349703917354
leaf_weight=49.804017841815948 10.908016204833986 7.2751152813434627 13.228636711835863 5.7037647664546958 5.3253200054168692 31.846090525388718 6.9364620745182028 8.8617048561573011 5.6233347058296195 11.334719002246855
leaf_count=194 42 29 52 22 21 123 27 34 22 43
internal_value=-0.0561718 -0.0786253 -0.134523 -0.0989467 -0.0617822 -0.0556093 0.00203042 0.0160545 -0.0285688 0.0451144
internal_weight=156.847 113.183 26.2075 18.9324 86.9754 81.6501 43.6642 36.7278 14.485 22.2427
internal_count=609 441 103 74 338 317 168 141 56 85
is_linear=0
shrinkage=1


Tree=1
num_leaves=12
num_cat=0
split_feature=2 3 3 7 1 7 1 0 3 7 3
split_gain=16.6097 8.68953 7.16449 7.72728 4.20921 13.0858 8.27166 3.68258 3.85763 4.33927 3.97571
threshold=1.8305730028647427 1.2931019957732144 1.3540175426703152 36.012079121293404 1.6034393299225016 36.513480433117373 1.6443361995440651 1.9045173395951165 1.2381620086749858 36.844763527798435 0.93504653204760546
decision_type=2 2 2 2 2 2 2 2 2 2 2
left_child=1 4 -3 -4 5 -1 -6 8 10 -10 -2
right_child=7 2 3 -5 6 -7 -8 -9 9 -11 -12
leaf_value=0.080058381784778559 0.053727559210523038 -0.16176195786858955 -0.073351095100803607 0.068134594802572959 -0.097427485355476226 -0.077881760691505889 0.0024491351118196966 -0.0088301756264686261 0.074009256726548955 -0.038341288554229587 0.13830075100225042
leaf_weight=18.237667381763462 10.918624341487886 5.93919110298157 14.934058383107187 5.2056858688592902 9.884794816374777 7.3639786541461936 51.463731944561005 6.9341733008623114 8.8694614768028242 5.6133453845977774 11.322261214256285
leaf_count=70 42 24 59 20 39 29 200 27 34 22 43
internal_value=0.0056198 -0.0146151 -0.0652434 -0.0367801 0.00056986 0.034629 -0.0136435 0.0580074 0.0706276 0.0304637 0.0967816
internal_weight=156.687 113.029 26.0789 20.1397 86.9502 25.6016 61.3485 43.6579 36.7237 14.4828 22.2409
internal_count=609 441 103 79 338 99 239 168 141 56 85
is_linear=0
shrinkage=0.1


Tree=2
num_leaves=11
num_cat=0
split_feature=2 3 3 9 8 6 0 3 7 3
split_gain=13.5173 7.12861 6.14824 4.29676 3.87279 4.87161 3.00569 3.16447 3.52301 3.47591
threshold=1.8305730028647427 1.2931019957732144 1.3787477931838961 30.150877476481096 40.958743476988353 22.490493868936532 1.9045173395951165 1.2381620086749858 36.844763527798435 1.0030288536150842
decision_type=2 2 2 2 2 2 2 2 2 2
left_child=1 4 -3 -4 5 -1 7 9 -9 -2
right_child=6 2 3 -5 -6 -7 -8 8 -10 -11
leaf_value=-0.013667907024838985 0.058290793969735369 -0.13905747723468445 -0.1037833571543221 0.0012767690182753826 -0.082464686854058861 0.036419586957109763 -0.0079499927193817568 0.06675478476242884 -0.034593579864194465 0.14119395983086089
leaf_weight=49.754493430256844 14.278064429759981 7.0364726632833507 5.504067778587344 13.298089519143103 5.2832717299461356 31.848338067531586 6.9318286031484595 8.8508136272430402 5.6000229418277732 7.831274449825286
leaf_count=194 55 29 22 52 21 123 27 34 22 30
internal_value=0.00506645 -0.0132051 -0.0593192 -0.0294781 0.000508484 0.00588048 0.0524237 0.0638705 0.02748 0.0876556
internal_weight=156.217 112.725 25.8386 18.8022 86.8861 81.6028 43.492 36.5602 14.4508 22.1093
internal_count=609 441 103 74 338 317 168 141 56 85
is_linear=0
shrinkage=0.1


Tree=3
num_leaves=13
num_cat=0
split_feature=2 3 3 7 2 9 6 4 7 9 2 0
split_gain=11.0304 5.86393 5.32144 5.92724 3.67923 6.41264 5.18819 2.47565 5.4016 4.75352 4.46374 3.62182
threshold=1.8305730028647427 1.2931019957732144 1.3540175426703152 36.012079121293404 1.6271597861048177 36.718667006328516 22.490493868936532 20.821223617948704 36.725174853521359 36.397074746576727 1.9168261746155502 1.7182282928074415
decision_type=2 2 2 2 2 2 2 2 2 2 2 2
left_child=1 4 -3 -4 6 -6 -1 11 10 -10 -9 -2
right_child=7 2 3 -5 5 -7 -8 8 9 -11 -12 -13
leaf_value=-0.0030605145371709881 0.067580023876667436 -0.1400285068676618 -0.062202800733142008 0.061972696340568845 0.0031511693349590233 -0.086496332514222327 0.068337770136100609 0.041200730071207975 -0.059358402871070408 0.057263218367838292 0.14868195936278503 -0.047270630488300769
leaf_weight=32.600296437740326 5.1718490123748762 5.615652576088908 14.743267565965654 5.1996750831603995 28.307617768645287 11.111200079321859 14.796942129731177 6.7021498233079901 5.0573559701442745 11.314201489090918 9.1244735568761808 5.8532367497682571
leaf_count=127 20 24 59 20 110 44 57 26 20 44 35 23
internal_value=0.00457365 -0.011939 -0.05404 -0.0298268 0.00045545 -0.0221183 0.0192293 0.0475044 0.0615087 0.0212375 0.103167 0.00660562
internal_weight=155.598 112.375 25.5586 19.9429 86.8161 39.4188 47.3972 43.2233 32.1982 16.3716 15.8266 11.0251
internal_count=609 441 103 79 338 154 184 168 125 64 61 43
is_linear=0
shrinkage=0.1


Tree=4
num_leaves=10
num_cat=0
split_feature=2 3 3 3 3 9 9 9 8
split_gain=9.00343 4.84609 4.63041 3.45292 6.46759 3.25192 2.41777 3.3092 3.64521
threshold=1.8305730028647427 1.2931019957732144 1.3787477931838961 1.2084845969359088 1.1778234027482941 30.150877476481096 39.073493566568935 36.99722355839053 36.05710568123353
decision_type=2 2 2 2 2 2 2 2 2
left_child=1 3 -3 4 -1 -4 7 8 -2
right_child=6 2 5 -5 -6 -7 -8 -9 -10
leaf_value=0.0018172405928222166 0.055056231056644291 -0.12141548732428253 -0.089491009137980373 0.063917219496954655 -0.11255572186259144 0.0027617921050256565 -0.021755087217011804 0.10902719941438584 -0.029092906434088951
leaf_weight=73.654732152819633 23.32513397932053 6.5940301567316082 5.373267829418185 7.7916521131992331 5.2999675720930091 13.227019175887106 5.0779120773077002 7.9609359800815573 6.605681672692298
leaf_count=287 91 29 22 30 21 52 20 31 26
internal_value=0.00413068 -0.0108059 -0.0494138 0.00040725 -0.00586024 -0.0238883 0.0430421 0.0517256 0.0364847
internal_weight=154.91 111.941 25.1943 86.7464 78.9547 18.6003 42.9697 37.8918 29.9308
internal_count=609 441 103 338 308 74 168 148 117
is_linear=0
shrinkage=0.1


Tree=5
num_leaves=9
num_cat=0
split_feature=2 8 5 1 7 8 7 4
split_gain=7.50747 5.61685 4.967 5.09057 4.53846 4.01592 6.48275 3.6142
threshold=1.9297583891811831 41.374574775768522 25.412892456005583 1.6020651905686589 39.305787142949804 31.586647236481856 36.725174853521359 25.72313899385836
decision_type=2 2 2 2 2 2 2 2
left_child=1 2 3 -1 -4 -2 -7 -8
right_child=5 -3 4 -5 -6 6 7 -9
leaf_value=0.028014110794401931 -0.021311198291015909 -0.097444698909765273 0.09848225888822626 -0.021338093137707976 -0.018412960749530177 0.13662382921688962 -0.039440643142400839 0.078284981859956512
leaf_weight=28.243602097034454 5.5525051504373577 6.3853719830512992 8.8237176984548551 80.386536702513695 5.3261902183294287 9.1243437528610247 5.0594436377286893 5.3815981447696686
leaf_count=111 22 26 34 318 21 36 20 21
internal_value=0.00372454 -0.00600306 -0.00124749 -0.00850663 0.0544815 0.0537475 0.0750485 0.0212384
internal_weight=154.283 129.165 122.78 108.63 14.1499 25.1179 19.5654 10.441
internal_count=609 510 484 429 55 99 77 41
is_linear=0
shrinkage=0.1


Tree=6
num_leaves=12
num_cat=0
split_feature=2 3 3 7 2 8 6 0 3 6 2
split_gain=6.30681 4.04406 4.11587 4.60883 2.93408 9.94568 8.70377 2.21089 2.6816 2.82431 1.53001
threshold=1.8305730028647427 1.2931019957732144 1.3540175426703152 36.012079121293404 1.7235507356723632 37.487865968263002 25.25394266554774 1.9045173395951165 1.2500549218101191 21.714423401939666 1.9661860866632999
decision_type=2 2 2 2 2 2 2 2 2 2 2
left_child=1 4 -3 -4 6 -6 -1 8 9 -2 -10
right_child=7 2 3 -5 5 -7 -8 -9 10 -11 -12
leaf_value=-0.00096895150402810876 0.0010629531140090456 -0.12433223526605031 -0.052857466425882654 0.05703529190421186 0.011690537114498014 -0.14470500905141093 0.11886136974167866 -0.015520551155213098 0.03734013458669385 0.085964839108865612 -0.03327132624273154
leaf_weight=59.750661686062813 5.0434706956148174 5.1471943706274059 14.474312216043474 5.1829577237367621 14.412770077586176 5.6641597151756278 6.7457363307476035 6.9237804859876624 7.8968085497617704 17.5596554428339 5.018914207816124
leaf_count=233 20 24 59 20 56 23 26 27 31 70 20
internal_value=0.00337173 -0.00912797 -0.0447269 -0.0238825 0.00107161 -0.0324322 0.0111873 0.0361734 0.0462503 0.0670205 0.00990126
internal_weight=153.82 111.378 24.8045 19.6573 86.5733 20.0769 66.4964 42.4426 35.5188 22.6031 12.9157
internal_count=609 441 103 79 338 79 259 168 141 90 51
is_linear=0
shrinkage=0.1


Tree=7
num_leaves=7
num_cat=0
split_feature=6 9 2 1 4 6
split_gain=5.77828 7.21871 5.53461 5.50967 3.82471 2.61147
threshold=17.41003934112695 28.083045553090052 1.9297583891811831 1.5938789423179849 15.562210083007814 22.414035491803201
decision_type=2 2 2 2 2 2
left_child=4 -2 3 -3 -1 -4
right_child=1 2 5 -5 -6 -7
leaf_value=-0.13288747047874055 0.11163971139263469 0.035215899877845715 -0.0086725130956951824 -0.017562487714747495 -0.014698895597641327 0.068460822284289749
leaf_weight=4.8630694001913053 6.4743841439485541 25.60444475710392 5.9282508045434978 86.942046120762825 6.2661866545677185 16.908904239535332
leaf_count=20 25 101 24 346 25 68
internal_value=0.00304209 0.00848558 0.00355249 -0.00555535 -0.0663429 0.0484379
internal_weight=152.987 141.858 135.384 112.546 11.1293 22.8372
internal_count=609 564 539 447 45 92
is_linear=0
shrinkage=0.1


Tree=8
num_leaves=7
num_cat=0
split_feature=6 9 2 2 4 9
split_gain=4.7345 5.86018 4.7207 4.62327 3.22633 2.32138
threshold=17.41003934112695 28.083045553090052 1.8305730028647427 1.6271597861048177 15.562210083007814 39.073493566568935
decision_type=2 2 2 2 2 2
left_child=4 -2 3 -3 -1 -4
right_child=1 2 5 -5 -6 -7
leaf_value=-0.12254594876765504 0.10069838058594471 0.012523343527822976 0.042228088951170167 -0.031277714623320248 -0.013248966758990352 -0.030665364270586359
leaf_weight=4.751810207962988 6.4604815840721121 49.929442942142487 33.604030787944794 46.578775063157082 6.2572369873523712 5.0217583030462256
leaf_count=20 25 197 135 187 25 20
internal_value=0.00274429 0.00765571 0.00320753 -0.00861682 -0.0604246 0.0327512
internal_weight=152.604 141.594 135.134 96.5082 11.009 38.6258
internal_count=609 564 539 384 45 155
is_linear=0
shrinkage=0.1


Tree=9
num_leaves=7
num_cat=0
split_feature=6 9 2 1 3 2
split_gain=3.88869 4.78614 4.01318 4.45496 2.98827 2.34066
threshold=17.41003934112695 28.083045553090052 1.9297583891811831 1.5938789423179849 1.1978342987362012 2.1114778226831068
decision_type=2 2 2 2 2 2
left_child=4 -2 3 -3 -1 -4
right_child=1 2 5 -5 -6 -7
leaf_value=-0.0086125489815631184 0.091303992443723406 0.031830238662870818 0.059002617497184495 -0.015645320110019425 -0.11423618341505651 -0.017870419280537831
leaf_weight=6.0769501626491529 6.414916217327117 25.600284710526466 17.354335114359859 86.717631414532661 4.7896736115217209 5.1322322487831107
leaf_count=24 25 101 71 346 21 21
internal_value=0.00247616 0.00691181 0.00289585 -0.00482436 -0.0551682 0.0414575
internal_weight=152.086 141.219 134.804 112.318 10.8666 22.4866
internal_count=609 564 539 447 45 92
is_linear=0
shrinkage=0.1


Tree=10
num_leaves=8
num_cat=0
split_feature=5 6 8 3 6 3 0
split_gain=3.81001 4.65251 6.77549 5.91152 4.08306 3.56019 3.22901
threshold=28.392655025532232 24.368483763122732 36.581050844461963 1.1778234027482941 24.696049928454652 0.90507352452736967 1.7232370658384755
decision_type=2 2 2 2 2 2 2
left_child=1 2 3 -1 -3 -6 -4
right_child=-2 4 6 -5 5 -7 -8
leaf_value=0.022952389608408383 -0.086052782475520187 0.1126538758490848 -0.11321036719065086 -0.027411086163578138 -0.043001870664678012 0.04188406287064747 -0.014249068939360135
leaf_weight=63.370394080877304 4.735128089785575 6.0079334676265708 7.7429833412170392 36.863457292318344 6.4984452575445202 20.613715171813965 5.7424070537090302
leaf_count=249 20 24 31 153 26 83 23
internal_value=0.00223594 0.00508299 -0.0045232 0.00442999 0.0380663 0.021538 -0.0710702
internal_weight=151.574 146.839 113.719 100.234 33.1201 27.1122 13.4854
internal_count=609 589 456 402 133 109 54
is_linear=0
shrinkage=0.1


Tree=11
num_leaves=7
num_cat=0
split_feature=6 9 5 0 8 4
split_gain=3.19875 3.84564 3.66995 11.216 5.20389 2.72694
threshold=17.41003934112695 28.083045553090052 21.36202873158906 1.8519897460937502 33.752776910934436 15.562210083007814
decision_type=2 2 2 2 2 2
left_child=5 -2 3 -3 -4 -1
right_child=1 2 4 -5 -6 -7
leaf_value=-0.11000111249815128 0.082168206384634832 0.012082593956148382 0.057066739268498867 -0.10749915573221354 0.00058377584187357555 -0.0076292815727036379
leaf_weight=4.4967426061630231 6.3339051306247702 25.734510645270348 20.736857578158379 11.28201964497566 76.433526054024696 6.175521120429039
leaf_count=20 25 102 82 46 309 25
internal_value=0.0020161 0.00602461 0.00243047 -0.0243639 0.0126376 -0.0507635
internal_weight=151.193 140.521 134.187 37.0165 97.1704 10.6723
internal_count=609 564 539 148 391 45
is_linear=0
shrinkage=0.1


Tree=12
num_leaves=8
num_cat=0
split_feature=5 6 8 1 6 3 2
split_gain=3.12646 3.7717 5.48821 4.72894 3.35976 2.89101 2.80924
threshold=28.392655025532232 24.368483763122732 36.581050844461963 1.6020651905686589 24.696049928454652 0.90507352452736967 1.6980683269995038
decision_type=2 2 2 2 2 2 2
left_child=1 2 3 -1 -3 -6 -4
right_child=-2 4 6 -5 5 -7 -8
leaf_value=0.043002831700682448 -0.078823330468637445 0.10218914443958958 -0.019521897590112417 -0.0083061422224871024 -0.038846402859464432 0.037591719050730839 -0.11101506350112816
leaf_weight=23.503772646188736 4.6599377840757361 5.9462982416152945 6.855959475040434 76.197492212057114 6.5191512107849148 20.530522078275681 6.5736536681652069
leaf_count=94 20 24 27 308 26 83 27
internal_value=0.00181099 0.00438239 -0.00429409 0.00378954 0.0341308 0.0191696 -0.0643068
internal_weight=150.787 146.127 113.131 99.7013 32.996 27.0497 13.4296
internal_count=609 589 456 402 133 109 54
is_linear=0
shrinkage=0.1


Tree=13
num_leaves=12
num_cat=0
split_feature=1 4 8 0 3 6 6 0 2 6 7
split_gain=3.24481 4.74734 11.8768 6.51827 4.45057 4.85682 6.78972 3.94015 3.49815 3.02383 1.76507
threshold=1.7673027857464811 20.57950011520386 34.046630485481785 2.0653576982074848 0.62542464332026715 22.427290947530114 20.331484849451751 1.7914476394653323 1.6271597861048177 19.434901512968917 32.065002441406257
decision_type=2 2 2 2 2 2 2 2 2 2 2
left_child=4 7 10 -4 -1 6 -6 -2 -7 -9 -3
right_child=1 2 3 -5 5 8 -8 9 -10 -11 -12
leaf_value=0.067566902315224803 0.04488525577577103 0.074702729521969782 0.029923747871990439 -0.073469206955002933 -0.0066257913646818739 0.052631916443458451 -0.087000063483873472 -0.0010034056667334505 -0.012188638842624742 -0.10364192933441008 0.15218603132502517
leaf_weight=6.7013141959905616 5.3676853179931667 4.9757189005613309 25.351108029484749 8.0285108834505063 25.206293597817421 12.335864424705504 18.027239352464676 5.110395208001135 25.609786614775658 6.5484014302492142 7.1858845353126526
leaf_count=26 22 20 105 33 102 49 73 21 103 27 28
internal_value=0.00163294 0.0190379 0.0358805 0.00505554 -0.0107587 -0.0172245 -0.0401397 -0.0260116 0.00888407 -0.0586524 0.120485
internal_weight=150.448 62.5677 45.5412 33.3796 87.8805 81.1792 43.2335 17.0265 37.9457 11.6588 12.1616
internal_count=609 256 186 138 353 327 175 70 152 48 48
is_linear=0
shrinkage=0.1


Tree=14
num_leaves=7
num_cat=0
split_feature=6 9 9 3 3 2
split_gain=2.72978 5.154 5.2999 4.12572 2.8876 1.53236
threshold=26.322382941285113 37.682205286528166 36.835166261556701 1.2810679866428278 1.0787996079541005 1.7535817948036125
decision_type=2 2 2 2 2 2
left_child=1 2 3 -1 -3 -2
right_child=5 4 -4 -5 -6 -7
leaf_value=0.015619906094079851 -0.010069710260674733 0.024036994592864437 -0.080990499332541835 -0.02642594481295836 0.1141725725542737 -0.085239688794849625
leaf_weight=84.342881485819817 5.5454728007316572 8.5876488089561445 7.832563489675521 32.265090852975845 6.0639599412679663 5.3073246330022812
leaf_count=335 23 35 33 137 24 22
internal_value=0.00147356 0.00524248 -0.00136267 0.00398594 0.061342 -0.04683
internal_weight=149.945 139.092 124.441 116.608 14.6516 10.8528
internal_count=609 564 505 472 59 45
is_linear=0
shrinkage=0.1


Tree=15
num_leaves=9
num_cat=0
split_feature=2 6 1 0 0 0 5 7
split_gain=2.76344 3.3268 2.965 4.21804 6.29829 6.07012 2.90192 4.03395
threshold=1.8127396680911614 26.255108850836681 1.950001133091652 1.7477108616789503 1.77357649570331 1.6852679467701821 25.624895018136232 36.725174853521359
decision_type=2 2 2 2 2 2 2 2
left_child=2 6 3 5 -5 -1 7 -2
right_child=1 -3 -4 4 -6 -7 -8 -9
leaf_value=-0.0069537524573855024 0.040267779291038447 -0.052544577537914472 -0.085221816610396448 0.1173429627929311 0.0036522789977988974 -0.094537938158778284 0.10391253712261664 -0.038057698685679285
leaf_weight=36.774641305208206 27.514192774891853 5.3505443930625907 4.7168857902288428 5.4457273483276358 46.310400485992432 10.082655623555182 4.851848602294921 8.6403332352638227
leaf_count=149 114 22 20 21 187 41 20 35
internal_value=0.00133204 0.0216177 -0.00776868 -0.00406394 0.0156147 -0.0257999 0.0312945 0.0215493
internal_weight=149.687 46.3569 103.33 98.6134 51.7561 46.8573 41.0064 36.1545
internal_count=609 191 418 398 208 190 169 149
is_linear=0
shrinkage=0.1


Tree=16
num_leaves=6
num_cat=0
split_feature=6 4 9 5 0
split_gain=2.62801 3.17695 3.03907 5.14049 2.70141
threshold=17.41003934112695 16.301924615218365 28.083045553090052 21.36202873158906 1.8267485490055153
decision_type=2 2 2 2 2
left_child=4 -2 -3 -4 -1
right_child=1 2 3 -5 -6
leaf_value=-0.093504060748020659 0.085098425732331326 0.076623969908659051 -0.035241946511719309 0.01064130377241964 0.008400306020600868
leaf_weight=5.7076952010393125 4.7646587193012229 5.2440004497766486 32.755562424659729 95.917930379509926 4.7799317538738251
leaf_count=25 19 21 133 391 20
internal_value=0.0012071 0.00485717 0.00200226 -0.00103889 -0.0470592
internal_weight=149.17 138.682 133.917 128.673 10.4876
internal_count=609 564 545 524 45
is_linear=0
shrinkage=0.1


Tree=17
num_leaves=11
num_cat=0
split_feature=1 5 8 0 7 9 3 6 6 2
split_gain=2.33792 3.91376 6.86977 5.4381 4.81709 3.53449 3.2856 3.63912 5.5236 2.76056
threshold=1.7673027857464811 19.615528472973896 34.046630485481785 2.0653576982074848 31.39820988715292 28.779541783086575 0.62542464332026715 22.427290947530114 20.331484849451751 1.6271597861048177
decision_type=2 2 2 2 2 2 2 2 2 2
left_child=6 5 4 -4 -3 -2 -1 8 -8 -9
right_child=1 2 3 -5 -6 -7 7 9 -10 -11
leaf_value=0.058026029279251559 0.021181392192282222 0.0203538189393461 0.02421105212594871 -0.069394313609463326 0.12842466109765568 -0.093464776505327654 -0.0046385915367157136 0.046564013013647487 -0.07753586466603217 -0.011181698336209724
leaf_weight=6.6634159088134757 5.1438984423875791 7.4508817344903973 26.058674409985542 8.1468513309955579 9.2384394854307157 5.6348700821399689 24.945701494812965 12.267832905054091 17.819406792521477 25.458787143230438
leaf_count=26 22 30 109 34 37 24 102 49 73 103
internal_value=0.00108726 0.0159866 0.0275796 0.00191673 0.0801769 -0.0387528 -0.00945598 -0.0150424 -0.0350135 0.00759588
internal_weight=148.829 61.6736 50.8948 34.2055 16.6893 10.7788 87.1551 80.4917 42.7651 37.7266
internal_count=609 256 210 143 67 46 353 327 175 152
is_linear=0
shrinkage=0.1


Tree=18
num_leaves=9
num_cat=0
split_feature=2 8 8 7 7 5 7 1
split_gain=2.17115 3.69378 3.22968 4.74251 3.28995 2.4661 3.60993 2.6872
threshold=1.9297583891811831 41.374574775768522 31.586647236481856 36.725174853521359 39.438174977061863 25.412892456005583 38.762247024104006 1.6020651905686589
decision_type=2 2 2 2 2 2 2 2
left_child=1 5 -2 -4 -5 7 -7 -1
right_child=2 -3 3 4 -6 6 -8 -9
leaf_value=0.021304386643282339 -0.039416405860964766 -0.080811854870605757 0.10765289556046297 -0.053038628499155686 0.061808539768989861 0.096771794321829849 -0.0060961495505202929 -0.015077431105414133
leaf_weight=27.471317246556282 5.298662036657336 5.9949553012847892 7.8500351458787945 5.043682396411894 4.934720367193222 6.1089612841606122 7.7257936596870422 77.788155630230904
leaf_count=111 22 26 36 21 20 24 31 318
internal_value=0.000983365 -0.00422076 0.0291313 0.0495039 0.0037579 -0.000365328 0.0393269 -0.00558226
internal_weight=148.216 125.089 23.1271 17.8284 9.9784 119.094 13.8348 105.259
internal_count=609 510 99 77 41 484 55 429
is_linear=0
shrinkage=0.1


Tree=19
num_leaves=8
num_cat=0
split_feature=2 1 1 8 7 3 9
split_gain=2.19963 2.07246 8.55746 6.72128 4.90947 4.90584 4.27502
threshold=1.2211839978429786 1.5938789423179849 1.6443361995440651 37.107015730611472 37.781577961519368 0.7598462719378628 33.482361194646479
decision_type=2 2 2 2 2 2 2
left_child=-1 3 4 6 -3 -4 -2
right_child=1 2 5 -5 -6 -7 -8
leaf_value=-0.071343846065552594 0.019350357558504765 -0.10819068568754493 -0.047568816509299172 -0.061266298039080208 0.011556698091450818 0.016860947218787031 0.11048307146193191
leaf_weight=4.097306177020072 13.624623820185667 11.004855424165724 13.717975765466688 6.6112978458404532 4.9699756354093543 85.322205036878586 8.2729567140340787
leaf_count=18 55 46 55 27 20 355 33
internal_value=0.000902138 0.00296461 -0.00301805 0.0271008 -0.0709357 0.00793683 0.0537805
internal_weight=147.621 143.524 115.015 28.5089 15.9748 99.0402 21.8976
internal_count=609 591 476 115 66 410 88
is_linear=0
shrinkage=0.1


Tree=20
num_leaves=7
num_cat=0
split_feature=6 7 2 8 1 4
split_gain=1.97625 3.20746 7.99317 4.19655 3.32114 2.30964
threshold=17.41003934112695 27.942667560768317 1.6502153651788161 29.70080741264049 1.803155006858711 15.562210083007814
decision_type=2 2 2 2 2 2
left_child=5 2 -2 -3 -5 -1
right_child=1 3 -4 4 -6 -7
leaf_value=-0.098297830023402866 0.14455313280413828 -0.073826494844896812 -0.017570588691358784 -0.0086547828516184422 0.026592745261849307 -0.00195607548893121
leaf_weight=4.2179372757673246 5.3562927991151792 7.4093016088008872 7.0355335175991058 75.792634084820747 41.29735067486763 6.0684411972761154
leaf_count=20 21 31 29 310 173 25
internal_value=0.000811295 0.00398776 0.0525064 -0.000841464 0.00377693 -0.0414611
internal_weight=147.177 136.891 12.3918 124.499 117.09 10.2864
internal_count=609 564 50 514 483 45
is_linear=0
shrinkage=0.1


Tree=21
num_leaves=7
num_cat=0
split_feature=1 1 1 3 0 2
split_gain=2.0159 3.52281 3.28981 3.09073 2.56537 2.70323
threshold=1.9792800393301462 1.8921384449940117 1.8784447234308355 1.1778234027482941 2.0653576982074848 1.9781082753187949
decision_type=2 2 2 2 2 2
left_child=1 2 3 -1 5 -3
right_child=-2 4 -4 -5 -6 -7
leaf_value=0.011958368456565609 -0.062661906731714706 0.11463315142920211 -0.083964989355944541 -0.022019752925205659 -0.004604627398007384 0.023704614558713921
leaf_weight=74.42544749379158 4.850999489426612 6.3578536808490771 4.8934393972158423 41.809797614812851 7.7902128249406806 6.7308323234319687
leaf_count=301 20 26 21 178 33 30
internal_value=0.000728705 0.00289414 -0.00364498 -0.000263556 0.0408308 0.0678733
internal_weight=146.859 142.008 121.129 116.235 20.8789 13.0887
internal_count=609 589 500 479 89 56
is_linear=0
shrinkage=0.1


Tree=22
num_leaves=7
num_cat=0
split_feature=6 9 9 5 3 2
split_gain=1.99265 3.95454 4.97687 2.9085 2.42772 1.22757
threshold=26.322382941285113 37.682205286528166 36.835166261556701 25.585291682281234 1.0787996079541005 1.7535817948036125
decision_type=2 2 2 2 2 2
left_child=1 2 3 -1 -3 -2
right_child=5 4 -4 -5 -6 -7
leaf_value=-7.064952991605931e-05 -0.0077159634803219265 0.019216312627755829 -0.07980972817476055 0.078265182798578137 0.10304092661809823 -0.075662141841527281
leaf_weight=109.08361648023129 5.4255834668874723 8.389605298638342 7.6847433894872657 4.9549587219953528 5.8742118328809729 5.2145299911499023
leaf_count=452 23 35 33 20 24 22
internal_value=0.00066067 0.00392153 -0.00191601 0.00333303 0.0537375 -0.0410152
internal_weight=146.627 135.987 121.723 114.039 14.2638 10.6401
internal_count=609 564 505 472 59 45
is_linear=0
shrinkage=0.1


Tree=23
num_leaves=9
num_cat=0
split_feature=2 2 8 7 7 2 1 6
split_gain=1.75639 2.88951 2.36544 4.03286 2.78798 2.30518 2.73488 2.06258
threshold=1.9297583891811831 1.8856287927614932 31.586647236481856 36.725174853521359 39.438174977061863 1.8305730028647427 1.9575983722101278 22.525638782952445
decision_type=2 2 2 2 2 2 2 2
left_child=1 5 -2 -4 -5 6 -1 -7
right_child=2 -3 3 4 -6 7 -8 -9
leaf_value=-0.0021472923721531623 -0.031818999581199298 -0.077223876740936725 0.10008535365797169 -0.049824053032564798 0.056466676472385485 0.088403684601589899 -0.081406240255836926 0.0041062338867259175
leaf_weight=102.26914077997208 5.3589654713869121 5.1753192394971839 7.3928240090608623 5.0210961103439313 4.8527166247367859 5.169876500964163 4.5470987260341635 6.6183871030807495
leaf_count=421 22 21 36 21 20 21 20 27
internal_value=0.000601293 -0.00408152 0.0262199 0.0442332 0.00241502 -0.000889942 -0.00552129 0.0410758
internal_weight=146.405 123.78 22.6256 17.2666 9.87381 118.605 106.816 11.7883
internal_count=609 510 99 77 41 489 441 48
is_linear=0
shrinkage=0.1


Tree=24
num_leaves=8
num_cat=0
split_feature=7 9 9 6 8 5 8
split_gain=1.70229 3.3962 2.00052 4.82938 2.26062 5.16483 4.28489
threshold=41.151847362518318 40.089488035569325 38.226665434345129 26.10974314172498 36.527199893182768 24.035870631708715 35.221062337044657
decision_type=2 2 2 2 2 2 2
left_child=2 -2 4 -4 6 -6 -1
right_child=1 -3 3 -5 5 -7 -8
leaf_value=-0.0034644570195846488 -0.083683319780033849 0.023532994056447633 0.093127129351967153 -0.035397970926342053 -0.10041217152882098 0.0082886697895958421 0.051010220782188337
leaf_weight=85.668644100427628 6.5899871885776502 5.3552849888801575 7.3974984139204008 4.8340593725442886 6.9504257589578655 11.778606802225111 17.366558894515038
leaf_count=358 28 23 31 20 29 49 71
internal_value=0.000556006 -0.0356163 0.00378064 0.0423325 -9.19949e-05 -0.0320507 0.00571724
internal_weight=145.941 11.9453 133.996 12.2316 121.764 18.729 103.035
internal_count=609 51 558 51 507 78 429
is_linear=0
shrinkage=0.1


Tree=25
num_leaves=7
num_cat=0
split_feature=1 1 1 7 4 6
split_gain=1.6118 2.87389 2.615 2.72024 2.19515 5.25709
threshold=1.9792800393301462 1.8921384449940117 1.8784447234308355 24.646397039294246 24.861978530883793 21.05114802355434
decision_type=2 2 2 2 2 2
left_child=1 2 3 -1 5 -3
right_child=-2 4 -4 -5 -6 -7
leaf_value=-0.072356316275344043 -0.056584543520936906 -0.01591981077710419 -0.075111791337794775 0.0028600380895230613 -0.010147141820121964 0.11009405065219176
leaf_weight=5.0271344184875479 4.7833695560693732 5.5077477693557766 4.8851537406444541 110.40235261619091 6.639473855495452 8.299025744199751
leaf_count=23 20 24 21 456 28 37
internal_value=0.000501785 0.00244171 -0.00344865 -0.000415752 0.0371031 0.0598251
internal_weight=145.544 140.761 120.315 115.429 20.4462 13.8068
internal_count=609 589 500 479 89 61
is_linear=0
shrinkage=0.1


Tree=26
num_leaves=8
num_cat=0
split_feature=6 6 0 2 9 3 2
split_gain=1.52492 2.9539 2.8887 2.36605 3.11693 3.07893 1.01956
threshold=26.322382941285113 25.25394266554774 1.6322961141072141 1.8007587998161845 36.835166261556701 0.91206180866339881 1.7535817948036125
decision_type=2 2 2 2 2 2 2
left_child=1 3 -3 4 -1 -5 -2
right_child=6 2 -4 5 -6 -7 -8
leaf_value=-0.0040795176741630738 -0.0058489928423746422 0.11336206810294225 0.01199148804389699 -0.023102668987064451 -0.069798017220143546 0.041011445154441627 -0.068093007528184743
leaf_weight=80.213692784309387 5.3992639034986478 4.5645264834165555 7.3179643899202347 10.931741356849669 7.9304322600364676 23.791883245110512 5.1337753534317017
leaf_count=331 23 20 31 46 33 103 22
internal_value=0.000457509 0.00332187 0.0509319 -0.00128247 -0.00999229 0.0208269 -0.0361866
internal_weight=145.283 134.75 11.8825 122.868 88.1441 34.7236 10.533
internal_count=609 564 51 513 364 149 45
is_linear=0
shrinkage=0.1


Tree=27
num_leaves=8
num_cat=0
split_feature=2 1 1 8 7 3 9
split_gain=2.67212 2.17888 6.24277 5.84781 4.45845 3.86406 2.84513
threshold=1.1887295679622438 1.5938789423179849 1.6443361995440651 37.107015730611472 37.781577961519368 0.7598462719378628 33.482361194646479
decision_type=2 2 2 2 2 2 2
left_child=-1 3 4 6 -3 -4 -2
right_child=1 2 5 -5 -6 -7 -8
leaf_value=-0.090187963946967792 0.024654984744628523 -0.098335411783205817 -0.043812768937318405 -0.054820717468311013 0.016864169975360509 0.013666148472053533 0.099273841384082892
leaf_weight=3.1832932084798804 13.996176794171339 10.772660642862318 13.596198499202726 6.6939379572868338 4.8820755630731574 83.672538563609123 8.048035725951193
leaf_count=15 57 46 55 28 20 355 33
internal_value=0.000419525 0.00245558 -0.00380087 0.0270396 -0.0624093 0.00563176 0.0518973
internal_weight=144.845 141.662 112.923 28.7382 15.6547 97.2687 22.0442
internal_count=609 594 476 118 66 410 90
is_linear=0
shrinkage=0.1


Tree=28
num_leaves=8
num_cat=0
split_feature=2 1 1 8 7 3 9
split_gain=2.23339 1.78256 5.12825 4.78026 3.71272 3.13476 2.40954
threshold=1.1887295679622438 1.5938789423179849 1.6443361995440651 37.107015730611472 37.781577961519368 0.7598462719378628 33.482361194646479
decision_type=2 2 2 2 2 2 2
left_child=-1 3 4 6 -3 -4 -2
right_child=1 2 5 -5 -6 -7 -8
leaf_value=-0.083701150234628097 0.022200139589103812 -0.090237531156253895 -0.039510618720910204 -0.049763234075306882 0.015166370724033798 0.012304463016750984 0.091334060782437887
leaf_weight=3.0918589979410163 13.989781171083456 10.575817599892614 13.57029716670513 6.6397342532873145 4.8855407834053031 83.64073221385479 7.8816646039485923
leaf_count=15 57 46 55 28 20 355 33
internal_value=0.000374121 0.00221533 -0.00343701 0.0245526 -0.0569316 0.00507127 0.0471135
internal_weight=144.275 141.184 112.672 28.5112 15.4614 97.211 21.8714
internal_count=609 594 476 118 66 410 90
is_linear=0
shrinkage=0.1


Tree=29
num_leaves=6
num_cat=0
split_feature=2 1 1 0 0
split_gain=1.86815 1.61777 1.84551 2.50424 1.95442
threshold=1.1887295679622438 1.9792800393301462 1.8921384449940117 2.0230780129830319 2.0653576982074848
decision_type=2 2 2 2 2
left_child=-1 2 3 -2 -4
right_child=1 -3 4 -5 -6
leaf_value=-0.077737761483728629 -0.0053713414379194559 -0.055268659159933058 0.05644397699493086 0.047075924753854997 -0.0076065134818190982
leaf_weight=3.0009807199239722 105.7697825729847 4.7657352685928336 12.445334702730181 9.9613819122314435 7.7186596989631644
leaf_count=15 445 20 56 40 33
internal_value=0.000333299 0.00199893 0.00400726 -0.000857024 0.0319258
internal_weight=143.662 140.661 135.895 115.731 20.164
internal_count=609 594 574 485 89
is_linear=0
shrinkage=0.1


Tree=30
num_leaves=7
num_cat=0
split_feature=2 1 1 8 8 5
split_gain=1.56319 1.56684 4.22268 4.13814 3.07459 2.41926
threshold=1.1887295679622438 1.5938789423179849 1.6088074784294648 35.748342788011605 33.724717731247445 17.494942061068034
decision_type=2 2 2 2 2 2
left_child=-1 3 -3 4 -2 -4
right_child=1 2 5 -5 -6 -7
leaf_value=-0.072216902709010655 0.026139225280631215 -0.11065343373538926 -0.057257843964717461 -0.033652408881091056 0.11889744456174073 0.0039034242605417557
leaf_weight=2.9121083468198767 14.660452604293829 3.5607920736074439 6.9064856171607962 8.889165446162222 4.7251321375370017 101.72879047691822
leaf_count=15 60 16 30 38 20 430
internal_value=0.000301291 0.00180467 -0.00349721 0.0228429 0.0487485 1.50978e-05
internal_weight=143.383 140.471 112.196 28.2748 19.3856 108.635
internal_count=609 594 476 118 80 460
is_linear=0
shrinkage=0.1


Tree=31
num_leaves=6
num_cat=0
split_feature=0 0 8 9 2
split_gain=1.42888 3.08817 2.99007 3.68598 1.5934
threshold=1.4059783721310588 1.4539642333984377 41.374574775768522 38.226665434345129 1.8424755247740343
decision_type=2 2 2 2 2
left_child=4 -2 3 -3 -1
right_child=1 2 -4 -5 -6
leaf_value=-0.062027804821080605 0.076017586481038985 -0.0018815566695686841 -0.065752835075289534 0.059090169901610312 0.01028531437089975
leaf_weight=7.3290604352951032 5.6005142480134955 107.33991697430611 6.5315547585487357 10.924139454960821 5.2155166268348694
leaf_count=32 24 455 29 47 22
internal_value=0.000271792 0.0033729 0.000112783 0.00375045 -0.031963
internal_weight=142.941 130.396 124.796 118.264 12.5446
internal_count=609 555 531 502 54
is_linear=0
shrinkage=0.1


Tree=32
num_leaves=6
num_cat=0
split_feature=2 9 9 7 2
split_gain=1.31351 1.59835 2.74126 4.19334 3.29227
threshold=1.1887295679622438 26.98176122349339 29.732005727366982 27.942667560768317 1.6926577845432942
decision_type=2 2 2 2 2
left_child=-1 -2 4 -4 -3
right_child=1 2 3 -5 -6
leaf_value=-0.067207427219954041 0.0429617679921084 -0.0028769765399274173 0.089544827552878181 -0.00028187920934912638 -0.10049941780546923
leaf_weight=2.8297508358955374 8.7612651586532575 8.5275270640850049 5.4514978379011145 111.30584358423948 5.8070923537015906
leaf_count=15 38 35 22 474 25
internal_value=0.000244282 0.00160908 -0.00115464 0.0039122 -0.0424248
internal_weight=142.683 139.853 131.092 116.757 14.3346
internal_count=609 594 556 496 60
is_linear=0
shrinkage=0.1


Tree=33
num_leaves=8
num_cat=0
split_feature=1 1 3 3 9 4 6
split_gain=1.2907 1.7354 2.53654 5.15959 3.25628 1.76069 4.32938
threshold=1.9792800393301462 1.8921384449940117 1.1778234027482941 1.2058107085974499 34.359061396113681 24.861978530883793 21.05114802355434
decision_type=2 2 2 2 2 2 2
left_child=1 2 4 -4 -1 6 -3
right_child=-2 5 3 -5 -6 -7 -8
leaf_value=0.027306115293557077 -0.051013424291670044 -0.018025667408034962 -0.13219383799444981 -0.011164974367560618 -0.014317818759512758 -0.013080961733932259 0.097464930467572444
leaf_weight=41.151032894849777 4.7536490857601157 5.5089553743600863 3.8803314268589011 38.18488484621048 34.595237046480179 6.5968845635652533 7.9013547152280807
leaf_count=168 20 24 17 168 147 28 37
internal_value=0.000217898 0.00198497 -0.00263932 -0.0223294 0.00829541 0.0292149 0.0500214
internal_weight=142.572 137.819 117.811 42.0652 75.7463 20.0072 13.4103
internal_count=609 589 500 185 315 89 61
is_linear=0
shrinkage=0.1


Tree=34
num_leaves=6
num_cat=0
split_feature=0 0 8 9 2
split_gain=1.14452 2.63649 2.34036 3.20378 1.3661
threshold=1.4059783721310588 1.4539642333984377 41.374574775768522 38.226665434345129 1.8424755247740343
decision_type=2 2 2 2 2
left_child=4 -2 3 -3 -1
right_child=1 2 -4 -5 -6
leaf_value=-0.05686642114936713 0.070223893519105032 -0.0020843396481605428 -0.058779814210370908 0.054997244458575401 0.010272980388322981
leaf_weight=7.2394997477531415 5.5796307772397986 106.91830676048994 6.4323722869157782 10.828501045703886 5.2127569913864136
leaf_count=32 24 455 29 47 22
internal_value=0.000198856 0.00297794 -4.3566e-05 0.00316513 -0.0287606
internal_weight=142.211 129.759 124.179 117.747 12.4523
internal_count=609 555 531 502 54
is_linear=0
shrinkage=0.1


Tree=35
num_leaves=8
num_cat=0
split_feature=2 1 1 7 7 8 3
split_gain=1.09982 1.34887 3.42847 3.36118 3.14849 2.71118 2.6821
threshold=1.1887295679622438 1.5938789423179849 1.6443361995440651 27.942667560768317 37.781577961519368 31.042751544749983 0.7598462719378628
decision_type=2 2 2 2 2 2 2
left_child=-1 3 4 -2 -3 -5 -4
right_child=1 2 6 5 -6 -7 -8
leaf_value=-0.062517000547314461 0.093267314269681614 -0.079583513068384404 -0.037926710490585505 -0.059972554200043507 0.018659802904688338 0.022997583566815093 0.010139159278379412
leaf_weight=2.7439002320170394 5.2390023767948177 10.160404190421103 13.50064569711685 5.0777789801359203 4.8046795874834052 17.551099449396133 82.863161504268646
leaf_count=15 22 46 55 21 20 75 355
internal_value=0.000178766 0.00141465 -0.00351049 0.02109 -0.0480416 0.0043796 0.00340509
internal_weight=141.941 139.197 111.329 27.8679 14.9651 22.6289 96.3638
internal_count=609 594 476 118 66 96 410
is_linear=0
shrinkage=0.1


Tree=36
num_leaves=5
num_cat=0
split_feature=5 9 6 4
split_gain=1.1387 3.39058 3.84666 3.18942
threshold=15.092248155752838 25.650711053599981 17.41003934112695 16.134502190456264
decision_type=2 2 2 2
left_child=-1 -2 -3 -4
right_child=1 2 3 -5
leaf_value=-0.063687489508432546 0.090798481046195229 -0.10702582309051761 0.093300474703462616 -0.0012591429703814718
leaf_weight=2.7397120967507353 4.1178919076919547 3.3566913306713095 3.6695450544357291 127.61148648709059
leaf_count=15 18 15 15 546
internal_value=0.000154418 0.00141497 -0.00131882 0.00138397
internal_weight=141.495 138.756 134.638 131.281
internal_count=609 594 576 561
is_linear=0
shrinkage=0.1


Tree=37
num_leaves=6
num_cat=0
split_feature=3 3 3 7 1
split_gain=3.08233 2.4647 3.45623 2.45154 1.50672
threshold=0.54972409906930808 0.66905149101674311 0.70491310465392842 34.395529856905348 1.9575983722101278
decision_type=2 2 2 2 2
left_child=-1 3 -3 -2 -4
right_child=1 2 4 -5 -6
leaf_value=-0.11933085015405687 -0.00058232516265074039 -0.084896106852490202 0.0046627867468830896 0.093983336753734825 -0.035192215501488523
leaf_weight=2.1271777153015128 5.396323546767233 4.8320395648479453 113.02681230008602 5.5721041709184647 10.354671403765677
leaf_count=9 23 20 489 22 46
internal_value=0.00013516 0.00196101 -0.00193119 0.0474583 0.00131799
internal_weight=141.309 139.182 128.214 10.9684 123.381
internal_count=609 600 555 45 535
is_linear=0
shrinkage=0.1


Tree=38
num_leaves=6
num_cat=0
split_feature=3 3 3 1 3
split_gain=2.57011 2.00124 2.82267 2.10922 1.2352
threshold=0.54972409906930808 0.66905149101674311 0.70491310465392842 1.6361254620834835 1.2810679866428278
decision_type=2 2 2 2 2
left_child=-1 3 -3 -2 -4
right_child=1 2 4 -5 -6
leaf_value=-0.11045543223643035 0.089037054862871834 -0.077004815406158125 0.0077314031829906612 0.0011270978383341765 -0.014109513085274444
leaf_weight=2.0712087005376807 5.1898288428783399 4.7963271737098685 86.40579678863287 5.7565790861845016 36.973928451538086
leaf_count=9 22 20 368 23 167
internal_value=0.000119075 0.00176527 -0.00173969 0.0428063 0.00118621
internal_weight=141.194 139.122 128.176 10.9464 123.38
internal_count=609 600 555 45 535
is_linear=0
shrinkage=0.1


Tree=39
num_leaves=5
num_cat=0
split_feature=3 3 4 4
split_gain=2.15167 1.67619 1.21395 2.51138
threshold=0.54972409906930808 0.56962033542001234 28.388662338256839 26.512134358049483
decision_type=2 2 2 2
left_child=-1 -2 3 -3
right_child=1 2 -4 -5
leaf_value=-0.10263289281188599 0.087951517663179116 -0.0017792105537555833 -0.040078497046979238 0.048766591764966172
leaf_weight=2.009410858154296 2.2117420881986609 118.88814236968756 7.0959759056568137 10.715727508068083
leaf_count=9 9 514 32 45
internal_value=0.000106023 0.00159218 0.000194926 0.00239995
internal_weight=140.921 138.912 136.7 129.604
internal_count=609 600 591 559
is_linear=0
shrinkage=0.1


Tree=40
num_leaves=6
num_cat=0
split_feature=3 3 3 7 1
split_gain=1.80647 1.49775 2.31369 2.06243 1.21254
threshold=0.54972409906930808 0.66905149101674311 0.70491310465392842 34.395529856905348 1.9575983722101278
decision_type=2 2 2 2 2
left_child=-1 3 -3 -2 -4
right_child=1 2 4 -5 -6
leaf_value=-0.09562311167042091 -0.0072554382641697992 -0.070051109640701867 0.0040583703776028834 0.080025476088804282 -0.031720484388047754
leaf_weight=1.9444673061370839 5.3226969391107541 4.7526991516351691 112.82092587649822 5.5098307877779007 10.340156123042105
leaf_count=9 23 20 489 22 46
internal_value=9.46388e-05 0.00143608 -0.00158746 0.0371389 0.00105451
internal_weight=140.691 138.746 127.914 10.8325 123.161
internal_count=609 600 555 45 535
is_linear=0
shrinkage=0.1


Tree=41
num_leaves=6
num_cat=0
split_feature=3 3 9 9 7
split_gain=1.51949 1.2445 1.1311 8.36286 3.9631
threshold=0.54972409906930808 0.56962033542001234 34.359061396113681 34.607500597216166 31.39820988715292
decision_type=2 2 2 2 2
left_child=-1 -2 4 -4 -3
right_child=1 2 3 -5 -6
leaf_value=-0.089254459463044306 0.07649453159819089 -0.012715685617320338 -0.14408518405623469 0.00014085396258563742 0.034024696722292067
leaf_weight=1.8783872127532948 2.1662442833185187 39.83189769089222 4.3142569661140433 59.021801978349686 33.311566554009914
leaf_count=9 9 173 18 258 142
internal_value=8.30492e-05 0.0012934 9.97879e-05 -0.00968338 0.00857118
internal_weight=140.524 138.646 136.48 63.3361 73.1435
internal_count=609 600 591 276 315
is_linear=0
shrinkage=0.1


Tree=42
num_leaves=6
num_cat=0
split_feature=3 3 1 3 9
split_gain=1.27955 1.12963 1.93321 1.85986 1.25294
threshold=0.54972409906930808 0.66905149101674311 1.6361254620834835 0.70491310465392842 26.98176122349339
decision_type=2 2 2 2 2
left_child=-1 2 -2 -3 -5
right_child=1 3 -4 4 -6
leaf_value=-0.083402186702169187 0.077415517337615591 -0.063293490282275836 -0.0076165081274818152 0.035505374732361414 -0.0020424925865610319
leaf_weight=1.812658667564391 5.0416233390569669 4.6852110922336569 5.6926679164171219 9.642733231186865 113.41401875764132
leaf_count=9 22 20 23 45 490
internal_value=7.08547e-05 0.00116352 0.0323209 -0.00145467 0.00089976
internal_weight=140.289 138.476 10.7343 127.742 123.057
internal_count=609 600 45 555 535
is_linear=0
shrinkage=0.1


Tree=43
num_leaves=5
num_cat=0
split_feature=5 9 6 4
split_gain=1.02768 2.55307 3.32058 2.5192
threshold=15.092248155752838 25.650711053599981 17.41003934112695 16.134502190456264
decision_type=2 2 2 2
left_child=-1 -2 -3 -4
right_child=1 2 3 -5
leaf_value=-0.061118870714458255 0.078285688355266336 -0.10160225236179743 0.084049826547417883 -0.001011714532893058
leaf_weight=2.6927266865968695 4.1726799458265296 3.2114756703376761 3.5803018361330023 126.47530387341976
leaf_count=15 18 15 15 546
internal_value=6.25008e-05 0.00126117 -0.00115052 0.00132995
internal_weight=140.132 137.44 133.267 130.056
internal_count=609 594 576 561
is_linear=0
shrinkage=0.1


Tree=44
num_leaves=6
num_cat=0
split_feature=3 2 2 3 7
split_gain=1.07562 1.07082 2.40033 2.81839 2.03839
threshold=0.54972409906930808 2.1114778226831068 1.9467445012542406 1.0030288536150842 39.305787142949804
decision_type=2 2 2 2 2
left_child=-1 2 4 -4 -2
right_child=1 -3 3 -5 -6
leaf_value=-0.077908850157701992 0.0035467413157200599 -0.04374362599045279 -0.010953480553554627 0.079481658055580606 -0.03354038850357214
leaf_weight=1.7475713193416584 101.5175628438592 5.1407789438962928 5.9210234731435767 8.2444307804107648 17.352998644113541
leaf_count=9 434 24 28 38 76
internal_value=5.30847e-05 0.0010391 0.00276959 0.0416806 -0.00186732
internal_weight=139.924 138.177 133.036 14.1655 118.871
internal_count=609 600 576 66 510
is_linear=0
shrinkage=0.1


Tree=45
num_leaves=6
num_cat=0
split_feature=3 3 0 0 6
split_gain=2.11622 1.84395 1.03043 1.79345 1.29525
threshold=0.51841311722312267 0.55845144278883529 1.4059783721310588 1.4539642333984377 22.950543395666909
decision_type=2 2 2 2 2
left_child=-1 -2 4 -4 -3
right_child=1 2 3 -5 -6
leaf_value=-0.1365256986168682 0.11872625078530188 -0.057356649231314505 0.058389493783628156 0.00015915543947609434 0.0080635000800864613
leaf_weight=1.1253603100776661 1.3213767111301411 6.6753489226102811 5.5342073589563361 119.47171837091446 5.5365961939096451
leaf_count=6 6 30 24 519 24
internal_value=5.12967e-05 0.00116072 2.85884e-05 0.0027371 -0.0276968
internal_weight=139.665 138.539 137.218 125.006 12.2119
internal_count=609 603 597 543 54
is_linear=0
shrinkage=0.1


Tree=46
num_leaves=6
num_cat=0
split_feature=5 9 4 5 4
split_gain=0.937898 4.68021 3.60374 3.78266 2.52575
threshold=17.554435992929644 28.083045553090052 17.494353286580012 21.147140081867558 16.075526730197616
decision_type=2 2 2 2 2
left_child=4 -2 -3 -4 -1
right_child=1 2 3 -5 -6
leaf_value=0.0093195636136094058 0.084747348653061064 0.087409075219066767 -0.041169836197939375 0.0038563242751575317 -0.082597099495071616
leaf_weight=7.7956230565905553 6.5806798338890067 4.3583174496889105 23.366155967116356 92.59993826597929 4.8490859717130661
leaf_count=38 27 18 101 403 22
internal_value=4.22617e-05 0.00263005 -0.00186104 -0.00521605 -0.0259293
internal_weight=139.55 126.905 120.324 115.966 12.6447
internal_count=609 549 522 504 60
is_linear=0
shrinkage=0.1


Tree=47
num_leaves=7
num_cat=0
split_feature=2 2 2 1 1 3
split_gain=0.925898 1.03006 3.34642 3.31084 4.19657 2.21891
threshold=1.1887295679622438 1.4853416418917365 1.5134212067963186 1.7016381059150347 1.5650808282302331 0.65591217790340306
decision_type=2 2 2 2 2 2
left_child=-1 3 -3 4 -2 -4
right_child=1 2 5 -5 -6 -7
leaf_value=-0.058968288772502403 0.06040115042464498 -0.076690704847967972 -0.051442846146102256 0.088281957702902439 -0.037251176400035113 0.0051205527129373225
leaf_weight=2.6096275448799124 7.0978886187076631 5.8213790208101264 7.4563023746013632 5.4753962755203238 11.581355288624762 99.263146221637726
leaf_count=15 31 24 33 22 50 434
internal_value=3.63092e-05 0.00116275 -0.00285885 0.0199001 -0.000144464 0.00116857
internal_weight=139.305 136.695 112.541 24.1546 18.6792 106.719
internal_count=609 594 491 103 81 467
is_linear=0
shrinkage=0.1


Tree=48
num_leaves=7
num_cat=0
split_feature=6 9 9 2 3 5
split_gain=0.909899 2.42329 3.7629 2.29354 2.23908 1.22113
threshold=26.322382941285113 37.682205286528166 36.835166261556701 1.6980683269995038 1.2810679866428278 27.897399371926362
decision_type=2 2 2 2 2 2
left_child=1 2 4 -3 -1 -2
right_child=5 3 -4 -5 -6 -7
leaf_value=0.011214745226308036 -0.06620007850886217 0.099416438028873261 -0.071692052529500644 0.011974697709715132 -0.020949072748014202 0.0034558998927374331
leaf_weight=78.706750892102718 4.6927095800638181 4.6562830656766883 7.3228661566972724 8.4310052469372732 29.853286795318127 5.4278327524662018
leaf_count=335 20 20 33 39 137 25
internal_value=3.06009e-05 0.00229631 -0.00231021 0.0430853 0.00236991 -0.0288423
internal_weight=139.091 128.97 115.883 13.0873 108.56 10.1205
internal_count=609 564 505 59 472 45
is_linear=0
shrinkage=0.1


Tree=49
num_leaves=7
num_cat=0
split_feature=1 1 5 8 8 7
split_gain=0.87162 1.45566 3.03093 5.77183 1.79625 6.0179
threshold=1.9792800393301462 1.803155006858711 19.680561906213487 33.752776910934436 26.216049382716054 27.942667560768317
decision_type=2 2 2 2 2 2
left_child=1 4 -3 -4 -1 -6
right_child=-2 2 3 -5 5 -7
leaf_value=-0.065650290502751424 -0.042307360152811085 -0.042622682109568433 0.089522932304530206 0.0020149593422960676 0.082000376228962335 -0.010566775655936507
leaf_weight=4.7251096144318572 4.6982683390378943 7.1569829657673827 10.844665504992006 24.714860625565052 7.7085591256618491 78.985789060592651
leaf_count=23 20 33 46 112 33 342
internal_value=2.95271e-05 0.00151243 0.0167522 0.0287025 -0.00560849 -0.00233603
internal_weight=138.834 134.136 42.7165 35.5595 91.4195 86.6943
internal_count=609 589 191 158 398 375
is_linear=0
shrinkage=0.1


Tree=50
num_leaves=5
num_cat=0
split_feature=3 3 4 4
split_gain=1.80565 1.60759 0.872809 2.20982
threshold=0.51841311722312267 0.55845144278883529 28.388662338256839 27.027839724458833
decision_type=2 2 2 2
left_child=-1 -2 3 -3
right_child=1 2 -4 -5
leaf_value=-0.13147779320068406 0.11064158326357537 -0.0012938173382596716 -0.034496345952730011 0.056831425756478961
leaf_weight=1.036250352859496 1.3249303400516499 122.24053467810154 6.9767321050167075 6.9105116724967948
leaf_count=6 6 535 32 30
internal_value=3.07174e-05 0.00102215 -4.47701e-05 0.0018163
internal_weight=138.489 137.453 136.128 129.151
internal_count=609 603 597 565
is_linear=0
shrinkage=0.1


Tree=51
num_leaves=6
num_cat=0
split_feature=3 3 9 6 6
split_gain=1.58379 1.29517 0.8509 2.7672 2.33727
threshold=0.51841311722312267 0.55845144278883529 26.98176122349339 16.062885819887779 17.678565882187062
decision_type=2 2 2 2 2
left_child=-1 -2 3 -3 -4
right_child=1 2 4 -5 -6
leaf_value=-0.12771749648755967 0.099079835880399647 -0.030964166131283912 -0.10988027964434283 0.074693320972532826 -0.00054929861119681184
leaf_weight=0.96380862593650718 1.3311893790960301 4.4444687068462354 1.9866790920495976 5.6046276241540909 123.96821407228708
leaf_count=6 6 24 10 24 539
internal_value=2.46955e-05 0.000921181 -3.9583e-05 0.0279636 -0.00227377
internal_weight=138.299 137.335 136.004 10.0491 125.955
internal_count=609 603 597 48 549
is_linear=0
shrinkage=0.1


Tree=52
num_leaves=5
num_cat=0
split_feature=3 3 2 2
split_gain=1.39415 1.04776 0.857678 2.21759
threshold=0.51841311722312267 0.55845144278883529 2.1114778226831068 1.9467445012542406
decision_type=2 2 2 2
left_child=-1 -2 3 -3
right_child=1 2 -4 -5
leaf_value=-0.12448828217936046 0.089064583321662755 -0.0029652118146466164 -0.040076473643815259 0.039210040069975111
leaf_weight=0.89353876560926337 1.3326741904020298 116.72826807200909 5.1473761573433867 13.957869090139864
leaf_count=6 6 507 24 66
internal_value=1.69119e-05 0.000827973 -3.77235e-05 0.0015393
internal_weight=138.06 137.166 135.834 130.686
internal_count=609 603 597 573
is_linear=0
shrinkage=0.1


Tree=53
num_leaves=7
num_cat=0
split_feature=3 2 9 2 6 7
split_gain=1.23114 0.934318 4.27978 3.1918 2.88387 2.87701
threshold=0.51841311722312267 1.6271597861048177 37.577496880856273 1.6418841650429818 26.322382941285113 27.942667560768317
decision_type=2 2 2 2 2 2
left_child=-1 2 5 -3 -5 -2
right_child=1 3 -4 4 -6 -7
leaf_value=-0.12169719805140547 0.056136343694283747 -0.1124416860922743 0.097129751640072509 0.0039099961463053929 -0.060238556375758118 -0.0089366111611579695
leaf_weight=0.82609070092439552 8.1371628716588003 2.7222822010517111 5.2070441842079154 72.048280484974384 7.7632631361484519 41.168213292956352
leaf_count=6 38 12 23 319 35 176
internal_value=1.505e-05 0.00074871 0.0109084 -0.00596164 -0.00232973 0.00180277
internal_weight=137.872 137.046 54.5124 82.5338 79.8115 49.3054
internal_count=609 603 237 366 354 214
is_linear=0
shrinkage=0.1


Tree=54
num_leaves=8
num_cat=0
split_feature=3 8 8 7 1 1 6
split_gain=1.09003 1.00145 5.28266 2.48484 3.01051 1.92881 1.73101
threshold=0.51841311722312267 29.70080741264049 30.151903245967294 27.942667560768317 1.6144364540222018 1.803155006858711 18.841898764106251
decision_type=2 2 2 2 2 2 2
left_child=-1 3 -3 4 -2 -4 -5
right_child=1 2 5 6 -6 -7 -8
leaf_value=-0.11927147964470729 0.060859696925480239 0.13956658499244518 -0.008574714367899491 -0.012207535632429141 -0.027433963724253503 0.019340426127891691 -0.099779262574454963
leaf_weight=0.7618948221206655 6.216637618839747 2.8331359326839438 70.35858840495348 4.2071300595998746 10.194389551877974 38.185579113662243 4.8701321482658386
leaf_count=6 29 12 304 20 46 170 22
internal_value=8.22976e-06 0.000672229 0.00476427 -0.017209 0.00601243 0.00124577 -0.0591915
internal_weight=137.627 136.866 111.377 25.4883 16.411 108.544 9.07726
internal_count=609 603 486 117 75 474 42
is_linear=0
shrinkage=0.1


Tree=55
num_leaves=8
num_cat=0
split_feature=1 1 4 3 3 3 1
split_gain=0.830687 1.13318 2.26097 1.42356 3.88417 2.414 0.791651
threshold=1.9792800393301462 1.9259543872972045 25.082088815019723 1.1778234027482941 1.2058107085974499 1.0217594901144285 1.9575983722101278
decision_type=2 2 2 2 2 2 2
left_child=1 3 6 5 -5 -1 -3
right_child=-2 2 -4 4 -6 -7 -8
leaf_value=-0.0034343648543180144 -0.041444495188712516 0.087605763963373648 -0.028859615789119164 -0.10874928277078373 -0.0064394188603988075 0.038195622106899398 0.028229558107552968
leaf_weight=58.587988212704659 4.6709282845258704 4.4936805292963964 4.5073572546243659 4.1099102497100821 38.208437897264957 18.273630909621716 4.488241046667099
leaf_count=255 20 21 20 19 173 80 21
internal_value=3.48594e-06 0.00146276 0.0289336 -0.0016465 -0.0163756 0.00646305 0.0579356
internal_weight=137.34 132.669 13.4893 119.18 42.3183 76.8616 8.98192
internal_count=609 589 62 527 192 335 42
is_linear=0
shrinkage=0.1


Tree=56
num_leaves=9
num_cat=0
split_feature=0 3 1 6 4 3 3 3
split_gain=0.829764 5.7346 1.86418 2.49702 3.1908 1.94395 4.06773 2.52104
threshold=2.1382875597914719 1.1215412516214045 1.8921384449940117 21.05114802355434 24.723455009693559 1.1778234027482941 1.2084845969359088 1.0217594901144285
decision_type=2 2 2 2 2 2 2 2
left_child=2 -2 5 -4 -5 7 -7 -1
right_child=1 -3 3 4 -6 6 -8 -9
leaf_value=-0.0021991587886246357 -0.1049348923042418 0.037201204233948688 -0.032896845094263043 0.10083535352374894 -0.00047065310611127203 -0.11822126189778537 -0.0096675257807943629 0.044618671689646908
leaf_weight=55.270938344299793 5.0918699055910093 6.4142406806349754 4.256257280707362 6.979386553168295 5.6065894067287445 3.829049438238143 35.049070276319981 14.523939795792101
leaf_count=240 22 29 19 35 24 18 158 64
internal_value=2.85983e-06 -0.0256992 0.00235899 0.0333158 0.0557073 -0.00243872 -0.0203588 0.00754338
internal_weight=137.021 11.5061 125.515 16.8422 12.586 108.673 38.8781 69.7949
internal_count=609 51 558 78 59 480 176 304
is_linear=0
shrinkage=0.1


Tree=57
num_leaves=5
num_cat=0
split_feature=9 5 9 6
split_gain=1.29012 3.43621 1.89865 2.83007
threshold=18.84296506007605 15.092248155752838 25.650711053599981 17.41003934112695
decision_type=2 2 2 2
left_child=-1 -2 -3 -4
right_child=1 2 3 -5
leaf_value=0.12260236517938322 -0.14316652005312488 0.068167253013430337 -0.096927346061939243 0.0011752004814973513
leaf_weight=0.85298299044370551 1.6736679673194874 4.0817911624908438 3.0103517472743979 126.90927375853062
leaf_count=6 9 18 15 561
internal_value=4.1562e-06 -0.000766613 0.00101195 -0.00109792
internal_weight=136.528 135.675 134.001 129.92
internal_count=609 603 594 576
is_linear=0
shrinkage=0.1


Tree=58
num_leaves=5
num_cat=0
split_feature=9 5 9 7
split_gain=0.966678 2.98677 1.76073 3.79801
threshold=18.84296506007605 15.092248155752838 26.98176122349339 24.646397039294246
decision_type=2 2 2 2
left_child=-1 -2 -3 -4
right_child=1 2 3 -5
leaf_value=0.10241778436955723 -0.13782449184718362 0.048221723635296788 -0.14033563035268223 0.00029786313765202719
leaf_weight=0.9152584969997396 1.5700242966413487 7.4291213378310195 1.9504171237349499 124.54181391000748
leaf_count=6 9 33 9 552
internal_value=-7.48218e-06 -0.000699376 0.000908208 -0.0018706
internal_weight=136.407 135.491 133.921 126.492
internal_count=609 603 594 561
is_linear=0
shrinkage=0.1


Tree=59
num_leaves=7
num_cat=0
split_feature=2 2 3 7 2 7
split_gain=0.85813 1.74165 2.41234 1.57624 4.49619 4.0466
threshold=2.1114778226831068 1.9467445012542406 1.0030288536150842 39.305787142949804 1.7120676853476389 38.4030543856381
decision_type=2 2 2 2 2 2
left_child=1 3 -3 5 -5 -1
right_child=-2 2 -4 4 -6 -7
leaf_value=-0.0027988924998607872 -0.040413762093028174 -0.013891798032374655 0.071287590848076607 0.010841948097496459 -0.094280679271957157 0.079975657038450845
leaf_weight=94.247441790997982 5.0627703145146361 5.7483184859156591 7.8862190246582031 10.347711294889452 6.7050772011280051 6.300894007086753
leaf_count=416 24 28 38 45 32 26
internal_value=-1.5486e-05 0.00154299 0.035376 -0.00237957 -0.0304918 0.0023882
internal_weight=136.298 131.236 13.6345 117.601 17.0528 100.548
internal_count=609 585 66 519 77 442
is_linear=0
shrinkage=0.1


Tree=60
num_leaves=5
num_cat=0
split_feature=2 2 2 1
split_gain=0.83652 2.5442 1.49418 1.20489
threshold=1.1887295679622438 1.2475165879634162 1.2926709400711791 1.5956785499527639
decision_type=2 2 2 2
left_child=-1 -2 -3 -4
right_child=1 2 3 -5
leaf_value=-0.056668803481094633 0.13207103357328118 -0.086047057870735869 0.02064584606422265 -0.0037663041943550115
leaf_weight=2.5570228323340407 1.4663053900003422 2.0051607042551032 25.045852705836296 104.88080221414566
leaf_count=15 6 9 111 468
internal_value=-1.25433e-05 0.00107346 -0.000382458 0.000939606
internal_weight=135.955 133.398 131.932 129.927
internal_count=609 594 588 579
is_linear=0
shrinkage=0.1


Tree=61
num_leaves=5
num_cat=0
split_feature=9 5 2 9
split_gain=0.825781 2.5896 1.57306 1.86303
threshold=18.84296506007605 15.092248155752838 1.1195900112951234 26.98176122349339
decision_type=2 2 2 2
left_child=-1 -2 -3 -4
right_child=1 2 3 -5
leaf_value=0.093223701012151966 -0.13315744587268827 -0.13355686984413234 0.051503806696411518 -0.0011579825804037237
leaf_weight=0.94333965331315894 1.4592304155230511 0.86595714092254539 7.0979593545198432 125.43856478482485
leaf_count=6 9 5 31 558
internal_value=-1.25478e-05 -0.000664723 0.000784556 0.00166231
internal_weight=135.805 134.862 133.402 132.537
internal_count=609 603 594 589
is_linear=0
shrinkage=0.1


Tree=62
num_leaves=8
num_cat=0
split_feature=0 1 0 5 8 8 7
split_gain=0.736977 0.865276 3.04766 5.04449 2.60328 1.68634 3.12251
threshold=2.1960530335155397 1.803155006858711 1.7743940327976053 21.241119743546715 35.056997298029948 25.794189579323945 27.942667560768317
decision_type=2 2 2 2 2 2 2
left_child=1 5 4 -4 -3 -1 -7
right_child=-2 2 3 -5 -6 6 -8
leaf_value=-0.069000532507616869 -0.032033835451397152 0.12197463252088579 -0.068027763330825483 0.023624480788262736 0.011047095706863453 0.058901032746528394 -0.0069740951902402528
leaf_weight=3.7943130508065215 6.8289214745163909 4.2841600626707059 8.1532162576913851 22.794578723609447 4.1796906739473343 7.9299052134156218 77.694568417966366
leaf_count=20 32 22 37 102 20 35 341
internal_value=-2.01871e-05 0.00167676 0.0140212 -0.000521361 0.0671955 -0.00376408 -0.000873228
internal_weight=135.659 128.83 39.4116 30.9478 8.46385 89.4188 85.6245
internal_count=609 577 181 139 42 396 376
is_linear=0
shrinkage=0.1


Tree=63
num_leaves=6
num_cat=0
split_feature=2 2 1 0 1
split_gain=0.875148 1.46761 1.34628 2.54359 2.51121
threshold=2.1114778226831068 2.0262049926703423 1.9561471991440829 2.1446737142655103 1.9259543872972045
decision_type=2 2 2 2 2
left_child=1 2 4 -4 -1
right_child=-2 -3 3 -5 -6
leaf_value=-0.00050589716865664361 -0.041005117253628105 0.055702715722787212 0.0095508152866084044 -0.092098588429192274 0.074199814237319042
leaf_weight=110.63349076360464 5.0142542943358412 4.8225392550230017 5.5198939219117147 4.4432938694953918 4.6903808265924445
leaf_count=495 24 24 25 21 20
internal_value=-1.05603e-05 0.00156932 -0.000514382 -0.0357819 0.00253249
internal_weight=135.124 130.11 125.287 9.96319 115.324
internal_count=609 585 561 46 515
is_linear=0
shrinkage=0.1


Tree=64
num_leaves=8
num_cat=0
split_feature=2 9 2 6 5 7 3
split_gain=0.750547 3.20151 2.40915 2.25085 3.12465 2.21596 1.863
threshold=1.6271597861048177 37.577496880856273 1.6461962372221481 26.322382941285113 25.624895018136232 27.942667560768317 1.101969782886681
decision_type=2 2 2 2 2 2 2
left_child=1 5 -2 4 -4 -1 -7
right_child=2 -3 3 -5 -6 6 -8
leaf_value=0.049494567772331646 -0.089005299464571919 0.08344250464025009 -0.0040623597345280718 -0.054732845497252706 0.065835848312655751 0.0092032360075625028 -0.034328657421966759
leaf_weight=7.9399698674678794 3.3604698032140723 5.2330483123660079 62.85345533490181 7.4601360112428656 7.1198906302452079 24.54925849288702 16.397521823644638
leaf_count=38 15 24 285 35 33 104 75
internal_value=-9.87041e-06 0.00910336 -0.00611436 -0.00251705 0.00304989 0.00114577 -0.00822952
internal_weight=134.914 54.1198 80.794 77.4335 69.9733 48.8868 40.9468
internal_count=609 241 368 353 318 217 179
is_linear=0
shrinkage=0.1


Tree=65
num_leaves=9
num_cat=0
split_feature=8 8 7 9 7 1 9 6
split_gain=0.7493 5.50604 2.37603 2.04333 1.78414 2.26512 2.59566 1.38769
threshold=29.70080741264049 30.099708647602835 29.355648384254895 32.539517609282775 27.942667560768317 1.6144364540222018 28.5449503329157 18.841898764106251
decision_type=2 2 2 2 2 2 2 2
left_child=4 -2 -3 -4 5 -1 -7 -6
right_child=1 2 3 -5 7 6 -8 -9
leaf_value=0.052285862356046903 0.16178269200428161 -0.1076347918144982 0.029036897959985111 -0.0048535172431869679 -0.008958817401482572 0.021289115282097322 -0.081561447572337464 -0.089158489934628216
leaf_weight=6.0510232150554684 2.1552690863609305 1.9995225816965092 22.635010160505772 83.120324343442917 3.9975241273641569 5.4081458300352079 4.4917810633778572 4.6871947646141052
leaf_count=29 9 9 98 376 20 26 20 22
internal_value=-9.3891e-06 0.00352371 0.000358279 0.00240011 -0.015772 0.00408511 -0.0253761 -0.0522431
internal_weight=134.546 109.91 107.755 105.755 24.6357 15.951 9.89993 8.68472
internal_count=609 492 483 474 117 75 46 42
is_linear=0
shrinkage=0.1


Tree=66
num_leaves=7
num_cat=0
split_feature=5 9 6 4 4 3
split_gain=0.74163 2.82367 2.75098 2.89609 1.57434 0.579
threshold=17.554435992929644 28.083045553090052 17.854485162251507 17.79034593701363 16.134502190456264 1.0030288536150842
decision_type=2 2 2 2 2 2
left_child=4 -2 -3 -4 5 -1
right_child=1 2 3 -5 -6 -7
leaf_value=-0.023703079890351829 0.067917371879333929 -0.17371287177692685 0.073564416023030307 -0.0032609513926532292 -0.075304778674927672 0.030526783945076665
leaf_weight=4.1664338931441289 6.2248436957597724 0.91721026599407096 5.1354473233222953 110.23263048380613 3.9645912498235703 3.7325958162546158
leaf_count=20 27 4 22 496 20 20
internal_value=-1.19004e-05 0.00229995 -0.00121261 0.000158822 -0.0238853 0.00192262
internal_weight=134.374 122.51 116.285 115.368 11.8636 7.89903
internal_count=609 549 522 518 60 40
is_linear=0
shrinkage=0.1


Tree=67
num_leaves=9
num_cat=0
split_feature=8 8 3 6 1 9 8 5
split_gain=0.693669 4.39161 1.5594 1.83382 1.40811 3.00688 2.02587 1.71171
threshold=29.70080741264049 30.099708647602835 0.58006874845701539 19.529822112941094 1.6144364540222018 29.161326086785042 27.225074286145986 17.646604197797092
decision_type=2 2 2 2 2 2 2 2
left_child=4 -2 -3 -4 6 7 -1 -6
right_child=1 2 3 -5 5 -7 -8 -9
leaf_value=-0.037261522407653465 0.14600290101531174 -0.065908401855992324 0.049395671813255798 -0.0010199971383197508 -0.038804942750994505 -0.088480997046383902 0.05905163229724994 0.046237259030912442
leaf_weight=3.9085501357913035 2.1172070354223242 3.4164457619190207 7.7978777587413779 96.492258660495281 4.965792164206503 6.0518736392259589 4.9495377093553543 4.5221642851829529
leaf_count=20 9 18 33 432 26 29 22 20
internal_value=-1.29293e-05 0.00337546 0.000571804 0.00274963 -0.0152653 -0.0334032 0.0165543 0.001728
internal_weight=134.222 109.824 107.707 104.29 24.3979 15.5398 8.85809 9.48796
internal_count=609 492 483 465 117 75 42 46
is_linear=0
shrinkage=0.1


Tree=68
num_leaves=11
num_cat=0
split_feature=6 6 6 8 4 3 6 1 1 9
split_gain=0.701719 4.38023 3.19128 3.00712 2.68134 2.36394 2.50531 1.95229 4.96899 0.988259
threshold=24.199125245167163 23.501229696262634 22.950543395666909 36.581050844461963 24.583252727985386 1.1609458917375997 26.255108850836681 1.6304465908100181 1.6871376517924304 34.845663574225163
decision_type=2 2 2 2 2 2 2 2 2 2
left_child=1 2 3 -1 -3 7 -7 -2 -9 -4
right_child=5 4 9 -5 -6 6 -8 8 -10 -11
leaf_value=0.0022570545897755432 -0.067857573516295525 -0.022321029813453536 0.022435255432748394 -0.070673039296485593 -0.12168617792260941 0.08064635275655152 -0.0092278991753892946 0.10972124742813799 -0.021012106709546147 0.086947625266300441
leaf_weight=72.285699553787708 4.3598272949457195 6.611599072813986 4.3451835960149747 6.1334743797779074 4.6087434738874435 8.0017467290163022 5.064875252544879 3.7015976458787945 13.549416646361349 5.2358986288309097
leaf_count=330 20 31 19 27 20 35 23 16 65 23
internal_value=-1.35474e-05 -0.00429329 0.00320926 -0.0034471 -0.0631352 0.0122318 0.0458094 -0.00807026 0.00703971 0.0576902
internal_weight=133.898 99.2206 88.0003 78.4192 11.2203 34.6775 13.0666 21.6108 17.251 9.58108
internal_count=609 450 399 357 51 159 58 101 81 42
is_linear=0
shrinkage=0.1


Tree=69
num_leaves=6
num_cat=0
split_feature=2 2 3 2 2
split_gain=0.706059 1.46379 1.77295 1.40983 1.38383
threshold=2.1114778226831068 1.9467445012542406 1.0030288536150842 1.8856287927614932 1.8127396680911614
decision_type=2 2 2 2 2
left_child=1 3 -3 4 -1
right_child=-2 2 -4 -5 -6
leaf_value=-0.0041654083622678223 -0.036973556009641508 -0.0090228619848456044 0.064790976600522396 -0.047172976244536736 0.027689028829625963
leaf_weight=92.726334661245346 4.9754259437322608 5.7314168587326986 7.5281012877821922 6.5729255080223075 15.989356532692907
leaf_count=418 24 28 38 30 71
internal_value=-1.12167e-05 0.0014194 0.032885 -0.0021995 0.000519582
internal_weight=133.524 128.548 13.2595 115.289 108.716
internal_count=609 585 66 519 489
is_linear=0
shrinkage=0.1


Tree=70
num_leaves=7
num_cat=0
split_feature=3 0 0 8 0 2
split_gain=0.687315 1.04925 1.78839 2.94614 2.02578 1.18528
threshold=1.7825514097114727 1.4059783721310588 1.6257598651573064 36.602146804631197 1.7498168945312502 1.7818653164301594
decision_type=2 2 2 2 2 2
left_child=1 5 3 -3 -4 -1
right_child=-2 2 4 -5 -6 -7
leaf_value=-0.070657188293512779 0.036747432881477742 0.042488241329321927 -0.032932344668473841 -0.025611058117860908 0.0026472290236841181 -0.0032409273238314796
leaf_weight=4.4724624231457693 4.9014452174305907 21.341394722461704 21.100859027355909 9.0454851835966092 66.232869200408459 6.255523145198822
leaf_count=22 25 94 98 43 299 28
internal_value=-4.82259e-06 -0.00140724 0.00132115 0.0222166 -0.00594922 -0.0313465
internal_weight=133.35 128.449 117.721 30.3869 87.3337 10.728
internal_count=609 584 534 137 397 50
is_linear=0
shrinkage=0.1


Tree=71
num_leaves=11
num_cat=0
split_feature=5 9 3 7 2 9 1 2 9 0
split_gain=0.745528 3.2558 2.65358 7.45212 2.98557 3.56213 2.61905 2.34044 2.32361 2.29352
threshold=21.286266790603332 32.019049681128088 1.0943623592131519 30.036914779119638 1.364519460620089 31.166885705584683 1.5183023481698028 1.5657238830281348 32.866051304969751 1.8450493812561037
decision_type=2 2 2 2 2 2 2 2 2 2
left_child=2 7 4 9 -1 -6 -3 -2 -8 -4
right_child=1 6 3 -5 5 -7 8 -9 -10 -11
leaf_value=0.086432226334987816 0.0073466206083443522 0.11139683127594982 0.046677162406212808 -0.11735659727823883 -0.037956753807331482 0.045071288089314855 -0.089358506720288999 0.10307818452417312 -0.00099120108004901119 -0.04230055226239799
leaf_weight=4.3174606412649181 4.7972357422113401 1.9974166750907887 7.0849283561110514 7.3947998881340018 12.895218141376974 8.6223133280873281 3.1027750521898261 5.4608980938792229 72.620223321020603 4.9008407443761826
leaf_count=19 21 10 34 37 59 37 14 24 330 24
internal_value=-5.24315e-06 0.00535822 -0.0104412 -0.0384113 0.010541 -0.0046865 -0.00163065 0.0583091 -0.00461208 0.0102952
internal_weight=133.194 87.9785 45.2156 19.3806 25.835 21.5175 77.7204 10.2581 75.723 11.9858
internal_count=609 399 210 95 115 96 354 45 344 58
is_linear=0
shrinkage=0.1


Tree=72
num_leaves=10
num_cat=0
split_feature=4 8 4 5 6 6 6 5 9
split_gain=0.676873 4.58503 2.69307 2.16835 1.97711 3.18884 4.01912 3.78096 1.92455
threshold=23.023818909647165 33.752776910934436 23.253926813602451 24.219371494489184 23.279657487738152 21.858431380156773 20.331484849451751 21.999649351560773 36.0793779899196
decision_type=2 2 2 2 2 2 2 2 2
left_child=4 -2 -3 -4 5 6 -1 -7 -6
right_child=1 2 3 -5 8 7 -8 -9 -10
leaf_value=0.0059918980225888326 0.092942689774918041 0.082383496716001148 -0.041494974340966752 0.0057336729009934695 -0.099295641082507782 0.082277585293799763 -0.055802473962388167 -0.014891940693275594 -0.0071969167766959205
leaf_weight=34.680837079882622 5.7405516505241385 3.5851643681526175 13.483291760087011 34.840433679521084 4.2303783819079381 8.8589121550321597 15.111424423754213 7.307699888944625 4.8935832232236862
leaf_count=162 25 17 61 159 20 38 71 34 22
internal_value=-1.12114e-05 0.00813842 -0.00124 -0.00744407 -0.00626859 -0.000233278 -0.012762 0.0383546 -0.049899
internal_weight=132.732 57.6494 51.9089 48.3237 75.0828 65.9589 49.7923 16.1666 9.12396
internal_count=609 262 237 220 347 305 233 72 42
is_linear=0
shrinkage=0.1


Tree=73
num_leaves=12
num_cat=0
split_feature=7 8 5 0 1 3 9 6 5 4 7
split_gain=0.668844 5.05101 6.4882 2.66788 4.72281 3.4658 2.45651 4.89906 3.12053 1.24602 0.946333
threshold=31.39820988715292 32.808682642163653 21.36202873158906 2.0653576982074848 1.8921384449940117 1.101969782886681 31.849854808228823 19.355793332867623 18.014695399829222 20.251044518075833 28.627197265625004
decision_type=2 2 2 2 2 2 2 2 2 2 2
left_child=6 2 -2 4 -3 -5 7 8 -1 -8 -9
right_child=1 3 -4 5 -6 -7 9 10 -10 -11 -12
leaf_value=-0.023355154267497347 -0.013629035013550995 -0.0072698243489958091 0.13332205024359578 -0.11655377629738597 0.071530144960799111 0.002377569191565794 0.066836045667177671 -0.044657249066697768 0.061426469118385889 -0.0041417025388437905 -0.10728263479665989
leaf_weight=13.699247680604463 5.6174768991768342 61.89139861613512 6.4593856334686279 4.5967041179537755 8.6714977174997312 5.2472985684871674 5.0968494787812215 4.0382121652364713 6.3554089814424506 4.8050039708614349 5.9951711744070053
leaf_count=68 26 280 29 21 43 23 22 20 28 21 28
internal_value=-4.93923e-06 0.00466746 0.0649687 -0.00438959 0.00241393 -0.053158 -0.0108107 -0.0250289 0.00351252 0.0323932 -0.0820773
internal_weight=132.474 92.4838 12.0769 80.4069 70.5629 9.844 39.9899 30.088 20.0547 9.90185 10.0334
internal_count=609 422 55 367 323 44 187 144 96 43 48
is_linear=0
shrinkage=0.1


Tree=74
num_leaves=5
num_cat=0
split_feature=2 2 6 6
split_gain=0.661243 2.02052 1.73028 1.37699
threshold=1.1887295679622438 1.2475165879634162 11.054601410733177 18.177377517825381
decision_type=2 2 2 2
left_child=-1 -2 -3 -4
right_child=1 2 3 -5
leaf_value=-0.052207493276040233 0.12184315600590451 0.26182758304942094 -0.036011959659723584 0.0022169150914755345
leaf_weight=2.3823315836489192 1.3680755048990239 0.25126349925994773 10.243339672684668 117.52388698980212
leaf_count=15 6 1 50 537
internal_value=-1.81731e-06 0.00095942 -0.000332409 -0.000847966
internal_weight=131.769 129.387 128.018 127.767
internal_count=609 594 588 587
is_linear=0
shrinkage=0.1


Tree=75
num_leaves=9
num_cat=0
split_feature=3 3 9 7 7 0 6 8
split_gain=0.581839 3.52862 2.65252 4.14749 3.16465 2.41207 1.5202 1.46999
threshold=1.2810679866428278 1.3787477931838961 26.98176122349339 26.870198965072635 27.942667560768317 1.9570312500000002 21.74449756812518 31.34609502544922
decision_type=2 2 2 2 2 2 2 2
left_child=2 6 -1 -4 -5 7 -2 -3
right_child=1 5 3 4 -6 -7 -8 -9
leaf_value=0.063934559724681539 -0.11610960362329314 0.026009253704590347 -0.091830602903482536 0.097353347686876701 0.00046602691669650183 0.062884017714470025 -0.032329140522157587 -0.03069163785039819
leaf_weight=6.8560446053743354 3.5015266016125661 7.3606099188327851 4.7209056541323653 3.5160654410719863 81.85540371760726 6.0964286997914305 5.6774174347519875 12.070042714476584
leaf_count=31 20 36 23 16 372 29 28 54
internal_value=-3.66282e-06 -0.0111146 0.00397389 -0.000589129 0.00445638 0.00800571 -0.0642892 -0.00921253
internal_weight=131.654 34.706 96.9484 90.0924 85.3715 25.5271 9.17894 19.4307
internal_count=609 167 442 411 388 119 48 90
is_linear=0
shrinkage=0.1


Tree=76
num_leaves=5
num_cat=0
split_feature=2 6 6 4
split_gain=0.612985 1.28366 1.21715 2.52509
threshold=1.1887295679622438 11.054601410733177 17.41003934112695 15.836456298828127
decision_type=2 2 2 2
left_child=-1 -2 -3 -4
right_child=1 2 3 -5
leaf_value=-0.050597399455854043 0.2213518942866736 -0.041306602371620017 0.10545936723190133 0.0007134746169056859
leaf_weight=2.3522841334342948 0.26362568140029807 6.6177624613046637 2.3465481996536246 119.76772525906563
leaf_count=15 1 34 11 548
internal_value=-8.42022e-06 0.000914089 0.000462662 0.00272627
internal_weight=131.348 128.996 128.732 122.114
internal_count=609 594 593 559
is_linear=0
shrinkage=0.1


Tree=77
num_leaves=6
num_cat=0
split_feature=2 2 0 0 2
split_gain=0.606684 1.13382 1.03315 2.64907 1.74203
threshold=2.1114778226831068 2.0262049926703423 1.6146994389610836 1.7498168945312502 1.7818653164301594
decision_type=2 2 2 2 2
left_child=1 2 4 -4 -1
right_child=-2 -3 3 -5 -6
leaf_value=-0.0036754782546963103 -0.034358962134874556 0.049811668675507952 -0.037234572847415014 0.0036317889786360458 0.040801437043647387
leaf_weight=23.005227021872997 4.9469465836882582 4.6481536254286757 21.190977793186903 63.077841933816671 14.267715714871882
leaf_count=106 24 24 100 291 64
internal_value=-6.12463e-06 0.00134059 -0.000513103 -0.00664483 0.0133498
internal_weight=131.137 126.19 121.542 84.2688 37.2729
internal_count=609 585 561 391 170
is_linear=0
shrinkage=0.1


Tree=78
num_leaves=6
num_cat=0
split_feature=4 8 8 8 2
split_gain=0.586184 1.3595 0.83285 3.45083 2.51907
threshold=14.946046324456161 25.106543963260361 29.70080741264049 30.099708647602835 1.6926577845432942
decision_type=2 2 2 2 2
left_child=-1 -2 4 -4 -3
right_child=1 2 3 -5 -6
leaf_value=-0.04918151626201004 0.081840959379889389 0.011671537781689091 0.13079448171344052 0.00049900242504957856 -0.061963547022067737
leaf_weight=2.3797422423958769 2.0424828827381125 10.904368013143541 2.0725979804992667 105.49104560539126 8.0947695672512037
leaf_count=15 10 53 9 483 39
internal_value=-3.55612e-06 0.000906444 -0.000399685 0.00300961 -0.0197014
internal_weight=130.985 128.605 126.563 107.564 18.9991
internal_count=609 594 584 492 92
is_linear=0
shrinkage=0.1


Tree=79
num_leaves=10
num_cat=0
split_feature=6 6 6 5 4 6 3 2 9
split_gain=0.573727 3.34159 2.52822 2.55732 2.24926 1.91828 1.59728 2.17436 0.905337
threshold=24.199125245167163 23.501229696262634 22.950543395666909 22.917278995536044 24.583252727985386 24.696049928454652 1.4143157624882401 1.7095248257900839 34.845663574225163
decision_type=2 2 2 2 2 2 2 2 2
left_child=1 2 3 -1 -3 -2 7 -7 -4
right_child=5 4 8 -5 -6 6 -8 -9 -10
leaf_value=0.002826957463683135 0.059499124667469663 -0.018405698757723871 0.017461473703607015 -0.057934826243388263 -0.11027467873904556 0.025072502107297591 0.048860444578044976 -0.038520513852050853 0.079572774425500883
leaf_weight=68.552841559052467 6.6147810444235793 6.5681923255324346 4.2866190969943982 7.7051975876092902 4.4846907258033752 9.1571833565831238 5.2953934818506232 13.023390650749205 5.1857788413763046
leaf_count=322 30 31 19 35 20 42 23 64 23
internal_value=-2.37677e-06 -0.00393194 0.00273992 -0.00331248 -0.0556814 0.0111536 -0.000485476 -0.0122663 0.0514651
internal_weight=130.874 96.7833 85.7304 76.258 11.0529 34.0907 27.476 22.1806 9.4724
internal_count=609 450 399 357 51 159 129 106 42
is_linear=0
shrinkage=0.1


Tree=80
num_leaves=9
num_cat=0
split_feature=7 8 5 7 0 9 6 7
split_gain=0.601642 4.18344 5.36694 2.61096 2.72026 1.92657 3.86298 1.32595
threshold=31.39820988715292 32.808682642163653 21.36202873158906 32.246304752167426 2.0653576982074848 32.346834428858372 20.103310058280819 29.493847606277068
decision_type=2 2 2 2 2 2 2 2
left_child=5 2 -2 -3 -5 6 7 -1
right_child=1 3 -4 4 -6 -7 -8 -9
leaf_value=0.011510578690372912 -0.011671929469702224 -0.085837907501454605 0.12328682572897397 0.0074260172233385525 -0.049324896850105757 0.035747748582591228 -0.081037872672847289 -0.0460255497123329
leaf_weight=18.710984192788608 5.5542573034763318 3.6995385363697997 6.2762928530573845 66.269627872854471 9.6799988970160467 7.3576669469475737 8.0235522016882879 5.0963460728526107
leaf_count=91 26 17 29 306 44 32 39 25
internal_value=-2.52792e-06 0.00443868 0.0599258 -0.00380301 0.00019295 -0.0103699 -0.0210299 -0.000805965
internal_weight=130.668 91.4797 11.8306 79.6492 75.9496 39.1885 31.8309 23.8073
internal_count=609 422 55 367 350 187 155 116
is_linear=0
shrinkage=0.1


Tree=81
num_leaves=9
num_cat=0
split_feature=3 3 9 7 7 0 8 5
split_gain=0.616459 2.78965 2.22933 3.44237 2.66203 2.03476 1.38837 1.37596
threshold=1.2810679866428278 1.3787477931838961 26.98176122349339 26.870198965072635 27.942667560768317 1.9570312500000002 31.34609502544922 22.975958754303488
decision_type=2 2 2 2 2 2 2 2
left_child=2 7 -1 -4 -5 6 -3 -2
right_child=1 5 3 4 -6 -7 -8 -9
leaf_value=0.059277488766655777 -0.025008781098804507 0.024084990293100239 -0.084073884819190509 0.091187274685041009 0.00086263675970642956 0.056169158233889065 -0.031293611979758315 -0.10429927825497971
leaf_weight=6.8049082309007636 5.0009900443255884 7.2618927210569444 4.6286526322364798 3.3995109200477591 81.18295531347394 6.0175752490758887 12.021177917718886 3.8916981369256973
leaf_count=31 28 36 23 16 372 29 54 20
internal_value=1.00078e-08 -0.0115301 0.00410611 -0.000102288 0.00449294 0.00540376 -0.0104384 -0.0597086
internal_weight=130.209 34.1933 96.016 89.2111 84.5825 25.3006 19.2831 8.89269
internal_count=609 167 442 411 388 119 90 48
is_linear=0
shrinkage=0.1


Tree=82
num_leaves=11
num_cat=0
split_feature=7 8 5 1 7 9 6 5 0 7
split_gain=0.620306 3.34244 4.5356 2.65967 3.58738 1.73924 3.57983 2.29279 1.58991 0.794807
threshold=31.39820988715292 32.808682642163653 21.36202873158906 1.5183023481698028 32.274372836091622 31.849854808228823 19.355793332867623 18.014695399829222 1.7085646923816327 28.627197265625004
decision_type=2 2 2 2 2 2 2 2 2 2
left_child=5 2 -2 -3 -5 6 7 -1 -7 -8
right_child=1 3 -4 4 -6 8 9 -9 -10 -11
leaf_value=-0.021640761375335313 -0.010909032363949358 0.10963645553201649 0.11414813740523258 -0.108702388188083 -0.0012893683672987686 0.071073496052024246 -0.037940955209981614 0.051943173818729184 -0.010125064248152717 -0.096724816739643935
leaf_weight=13.35888889431954 5.5371761545538885 2.0489660501480094 6.0895909145474434 3.2454210296273223 74.136605024337769 4.3382838070392591 3.8571408689022046 6.1995718106627455 5.4293246045708656 5.6978210508823395
leaf_count=68 26 10 29 15 342 19 20 28 24 28
internal_value=-1.48892e-06 0.00451337 0.0545904 -0.0028167 -0.0057943 -0.0105751 -0.0228257 0.00168361 0.0259393 -0.072995
internal_weight=129.939 91.0578 11.6268 79.431 77.382 38.881 29.1134 19.5585 9.76761 9.55496
internal_count=609 422 55 367 357 187 144 96 43 48
is_linear=0
shrinkage=0.1


Tree=83
num_leaves=9
num_cat=0
split_feature=1 0 4 8 8 8 7 3
split_gain=0.602493 2.80005 2.73464 3.04104 2.12921 1.56032 2.02694 1.97725
threshold=1.803155006858711 1.7743940327976053 19.505765654969178 33.752776910934436 35.056997298029948 25.794189579323945 27.942667560768317 0.81660776749253394
decision_type=2 2 2 2 2 2 2 2
left_child=5 4 -3 -4 -2 -1 -7 -8
right_child=1 2 3 -5 -6 6 7 -9
leaf_value=-0.068341898679756985 0.11574935953169585 -0.0672714185769408 0.056191510896394251 -0.012393073129063398 0.012492602090583334 0.048171979017774889 0.01968325250361851 -0.016789150670727008
leaf_weight=3.7020871117711058 3.9150390811264506 5.4983875006437293 9.4946654811501521 20.260651931166649 4.0762919634580612 7.3413047716021529 20.407998517155647 54.714222632348537
leaf_count=20 22 29 45 95 20 35 91 252
internal_value=2.76846e-06 0.00963418 -0.00248077 0.00949168 0.0630792 -0.00483107 -0.00197984 -0.00688091
internal_weight=129.411 43.245 35.2537 29.7553 7.99133 86.1656 82.4635 75.1222
internal_count=609 211 169 140 42 398 378 343
is_linear=0
shrinkage=0.1


Tree=84
num_leaves=11
num_cat=0
split_feature=6 6 3 3 6 1 4 1 1 8
split_gain=0.638392 2.50097 2.02521 2.84714 1.95141 2.10653 1.85271 1.69749 3.96723 1.07981
threshold=24.199125245167163 23.501229696262634 1.1609458917375997 1.2869480439526517 22.950543395666909 1.7986614156557608 24.583252727985386 1.6304465908100181 1.6871376517924304 35.973646447465264
decision_type=2 2 2 2 2 2 2 2 2 2
left_child=1 4 7 -4 5 -1 -3 -2 -9 -6
right_child=2 6 3 -5 9 -7 -8 8 -10 -11
leaf_value=-0.015169537392371053 -0.063731506097005911 -0.015611032728727407 0.11136971070657793 0.010438194967441007 0.010640183627392691 0.020961479131533491 -0.099914882471551308 0.10011825122088745 -0.01805734822614919 0.078652356716559582
leaf_weight=51.072683747857809 4.2397244870662716 6.5110699236392957 4.1457920074462882 8.5766726583242399 4.6565998718142492 23.589619163423777 4.3473719507455826 3.6048844605684307 13.401335366070269 4.6810344010591507
leaf_count=239 20 31 19 39 22 118 20 16 65 20
internal_value=1.08119e-05 -0.00420169 0.0117744 0.0433281 0.00163626 -0.00375391 -0.0493636 -0.00712051 0.00699286 0.0447353
internal_weight=128.827 94.8584 33.9684 12.7225 83.9999 74.6623 10.8584 21.2459 17.0062 9.33763
internal_count=609 450 159 58 399 357 51 101 81 42
is_linear=0
shrinkage=0.1


Tree=85
num_leaves=7
num_cat=0
split_feature=2 2 6 3 2 2
split_gain=0.623452 1.17289 1.43992 2.34971 1.23337 1.27164
threshold=2.1114778226831068 1.9467445012542406 22.708717176990586 1.0168385399846607 1.8856287927614932 1.8127396680911614
decision_type=2 2 2 2 2 2
left_child=1 4 -3 -4 5 -1
right_child=-2 2 3 -5 -6 -7
leaf_value=-0.0039159011555503324 -0.035066092313973708 -0.018458414655848941 -0.0020023696309578905 0.10251956573217838 -0.04475295056679459 0.027130828674606158
leaf_weight=88.957702904939651 4.874172441661357 4.1301519498229018 4.062462776899336 4.5706459060311317 6.3352439701557151 15.489864267408846
leaf_count=418 24 21 21 24 30 71
internal_value=1.30374e-05 0.00139699 0.0301028 0.0533349 -0.0019102 0.000688415
internal_weight=128.42 123.546 12.7633 8.63311 110.783 104.448
internal_count=609 585 66 45 519 489
is_linear=0
shrinkage=0.1


Tree=86
num_leaves=7
num_cat=0
split_feature=6 6 0 4 4 3
split_gain=0.529416 2.38972 2.14203 1.13693 2.36867 0.957537
threshold=26.052301601659426 25.25394266554774 1.5124319996684792 26.582698472868536 25.006958137145414 1.0380646495283927
decision_type=2 2 2 2 2 2
left_child=1 3 -2 4 -1 -4
right_child=2 -3 5 -5 -6 -7
leaf_value=0.00057802391479981738 0.043917148790685423 0.054232412297278723 -0.013225276218832663 0.042860180006033047 -0.052249738325007011 -0.081672264625634511
leaf_weight=93.507456850260496 3.6174390614032736 8.1656107828021032 3.9669910371303541 5.3992771431803694 9.3348153829574567 4.2159464135766029
leaf_count=446 17 39 19 24 43 21
internal_value=2.05901e-05 0.00206656 -0.0201623 -0.00186877 -0.00421706 -0.04849
internal_weight=128.208 116.407 11.8004 108.242 102.842 8.18294
internal_count=609 552 57 513 489 40
is_linear=0
shrinkage=0.1


Tree=87
num_leaves=6
num_cat=0
split_feature=2 2 1 1 0
split_gain=0.524556 1.01266 0.905463 1.93439 1.66816
threshold=2.1114778226831068 2.0262049926703423 1.9561471991440829 1.9259543872972045 2.1446737142655103
decision_type=2 2 2 2 2
left_child=1 2 3 -1 -4
right_child=-2 -3 4 -5 -6
leaf_value=-0.00066170301820023649 -0.032076598120037866 0.047995884384246401 0.0074385009385773779 0.067009632990927354 -0.078526622443003943
leaf_weight=105.01283268630505 4.8973105624318114 4.474531188607215 5.0889541432261449 4.4011432379484168 4.0567898601293564
leaf_count=495 24 24 25 20 21
internal_value=1.8681e-05 0.00129622 -0.000466264 0.00206036 -0.0306932
internal_weight=127.932 123.034 118.56 109.414 9.14574
internal_count=609 585 561 515 46
is_linear=0
shrinkage=0.1


Tree=88
num_leaves=11
num_cat=0
split_feature=7 8 1 4 0 6 1 8 5 3
split_gain=0.512934 2.75505 2.16434 1.91259 1.35559 2.82716 2.52934 1.56115 1.32448 1.16083
threshold=31.39820988715292 31.586647236481856 1.5183023481698028 19.707015657478234 1.6806732839586671 19.858240993422609 1.5438610429903525 29.796397349289396 18.014695399829222 1.1778234027482941
decision_type=2 2 2 2 2 2 2 2 2 2
left_child=4 -2 -3 -4 6 8 -1 -8 -6 -7
right_child=1 2 3 -5 5 9 7 -9 -10 -11
leaf_value=-0.057422341631631048 0.096476897311662591 0.10304519512369639 -0.081920681141592233 0.0011924658400100947 -0.022564772446877459 -0.096882280667715703 0.0066449067505090498 0.084847311035409365 0.038760766247329347 -0.027698581320454919
leaf_weight=3.5881542637944213 3.119549434632062 2.022700570523738 2.866016410291194 81.574670109897852 8.0588664785027522 5.3480259478092176 6.0037461742758733 4.4409777373075485 6.2554633468389502 4.4377368167042732
leaf_count=18 16 10 14 382 42 25 30 20 29 23
internal_value=1.65543e-05 0.00415127 0.000820215 -0.00162849 -0.00969683 -0.0240841 0.0150118 0.0398957 0.00423492 -0.0655082
internal_weight=127.716 89.5829 86.4634 84.4407 38.133 24.1001 14.0329 10.4447 14.3143 9.78576
internal_count=609 422 406 396 187 119 68 50 71 48
is_linear=0
shrinkage=0.1


Tree=89
num_leaves=9
num_cat=0
split_feature=3 3 9 7 7 9 6 6
split_gain=0.494032 2.28616 2.11832 2.64106 2.03027 1.85747 2.27097 1.43028
threshold=1.2810679866428278 1.3787477931838961 26.98176122349339 26.870198965072635 27.942667560768317 36.767237085858532 22.212442801348018 21.74449756812518
decision_type=2 2 2 2 2 2 2 2
left_child=2 7 -1 -4 -5 6 -3 -2
right_child=1 5 3 4 -6 -7 -8 -9
leaf_value=0.058176877943336362 -0.1080977511559079 0.019896389015423174 -0.075014232162357752 0.081182175220719299 0.00047989384504633012 0.057140380102527588 -0.04920127112751832 -0.023498564388812229
leaf_weight=6.6399017795920363 3.1869490407407266 11.214369855821138 4.5010400786995879 3.2443278431892386 79.632367972284555 5.3448741585016242 8.2598029375076276 5.3586414605379105
leaf_count=31 20 59 23 16 372 24 36 28
internal_value=1.54006e-05 -0.0104386 0.00372529 -0.000412524 0.0036391 0.00492125 -0.00941079 -0.0550486
internal_weight=127.382 33.3646 94.0176 87.3777 82.8767 24.819 19.4742 8.54559
internal_count=609 167 442 411 388 119 95 48
is_linear=0
shrinkage=0.1


Tree=90
num_leaves=8
num_cat=0
split_feature=6 6 0 2 9 9 3
split_gain=0.528478 1.98178 1.68981 1.09413 2.49429 1.93499 0.847237
threshold=26.052301601659426 25.25394266554774 1.5124319996684792 1.8007587998161845 36.0793779899196 36.835166261556701 1.0380646495283927
decision_type=2 2 2 2 2 2 2
left_child=1 3 -2 5 -5 -1 -4
right_child=2 -3 6 4 -6 -7 -8
leaf_value=-0.0029496617184839487 0.036736707756253345 0.049989485788222814 -0.012490317497394536 -0.00029071328318901771 0.069637119586536608 -0.058787862556656502 -0.077311317889665776
leaf_weight=69.830486051738262 3.5965263843536368 8.026892885565756 3.9382069408893567 24.226243499666456 6.4613407105207434 6.8114146366715422 4.1319819912314415
leaf_count=331 17 39 19 118 31 33 21
internal_value=9.82344e-06 0.00206111 -0.0202725 -0.00152333 0.0144328 -0.00791218 -0.045679
internal_weight=127.023 115.356 11.6667 107.329 30.6876 76.6419 8.07019
internal_count=609 552 57 513 149 364 40
is_linear=0
shrinkage=0.1


Tree=91
num_leaves=9
num_cat=0
split_feature=9 9 5 2 5 3 5 6
split_gain=0.525163 5.9871 3.51489 1.48192 2.45889 1.9026 1.21147 2.12965
threshold=34.359061396113681 34.607500597216166 23.466528928787451 1.6552227407282669 22.789627767817709 0.82702773374847749 22.720044718710515 21.311607486742595
decision_type=2 2 2 2 2 2 2 2
left_child=2 -2 6 4 -3 -5 7 -1
right_child=1 3 -4 5 -6 -7 -8 -9
leaf_value=-0.0061974164804470284 -0.1255135160166051 0.091386039764540183 0.085699231614531052 0.036230944538849917 0.004616860551716946 -0.020599937631021095 -0.050194097267525523 0.042059444146286908
leaf_weight=45.767726674675941 3.9663753211498252 4.2827447950840023 5.1225106567144385 7.3015364632010451 13.75604724138975 30.490181520581245 4.5452636182308188 11.42877972871065
leaf_count=225 18 19 24 35 63 149 21 55
internal_value=1.10621e-05 -0.00679793 0.00610036 0.001636 0.0252175 -0.00961995 -0.000503694 0.00344508
internal_weight=126.661 59.7969 66.8643 55.8305 18.0388 37.7917 61.7418 57.1965
internal_count=609 284 325 266 82 184 301 280
is_linear=0
shrinkage=0.1


Tree=92
num_leaves=6
num_cat=0
split_feature=2 2 9 9 4
split_gain=0.484602 0.881652 0.802471 4.14925 3.41704
threshold=2.1114778226831068 2.0262049926703423 34.359061396113681 34.607500597216166 23.652780512464272
decision_type=2 2 2 2 2
left_child=1 2 4 -4 -1
right_child=-2 -3 3 -5 -6
leaf_value=-0.0015833140684010417 -0.030886182005935254 0.045300219605694698 -0.11288326952085335 -0.0019256491011615891 0.06838947593996017
leaf_weight=55.630552738904953 4.880435198545455 4.3801119253039351 3.6144594848155966 49.870464093983173 7.9800847321748725
leaf_count=273 24 24 17 234 37
internal_value=1.03689e-05 0.00125168 -0.000396017 -0.00942406 0.00719492
internal_weight=126.356 121.476 117.096 53.4849 63.6106
internal_count=609 585 561 251 310
is_linear=0
shrinkage=0.1


Tree=93
num_leaves=8
num_cat=0
split_feature=9 2 9 1 8 8 8
split_gain=0.479277 3.35625 3.05134 2.92066 2.08641 1.84224 2.37234
threshold=37.577496880856273 1.6390145291603613 36.835166261556701 1.7293304311980253 38.57871402358213 37.608432516031101 36.581050844461963
decision_type=2 2 2 2 2 2 2
left_child=2 -2 5 -3 -5 6 -1
right_child=1 3 -4 4 -6 -7 -8
leaf_value=0.0028999934308070619 0.08227122130558219 -0.06098947869454973 -0.071312333119436647 0.090417231523879815 -0.0071210366367085373 0.065072898902036699 -0.059087309172575299
leaf_weight=87.273859899491072 5.3518383055925396 6.5024082958698299 6.120322346687316 3.2853879705071432 6.5959961414337158 4.3512342423200598 6.644093081355094
leaf_count=422 26 31 30 17 33 20 30
internal_value=8.0407e-06 0.0135174 -0.00280483 -0.00894134 0.0253087 0.0014619 -0.00148521
internal_weight=126.125 21.7356 104.39 16.3838 9.88138 98.2692 93.918
internal_count=609 107 502 81 50 472 452
is_linear=0
shrinkage=0.1


Tree=94
num_leaves=11
num_cat=0
split_feature=7 8 1 1 7 4 3 6 2 9
split_gain=0.48085 2.45814 3.63613 1.89169 3.53739 1.42335 2.99128 2.19865 1.51844 1.06512
threshold=31.39820988715292 32.808682642163653 1.6871376517924304 1.5183023481698028 32.246304752167426 18.784453067633148 0.92415159936824798 18.841898764106251 1.6903168174827741 25.650711053599981
decision_type=2 2 2 2 2 2 2 2 2 2
left_child=5 2 -2 -3 -5 7 -7 9 -8 -1
right_child=1 3 -4 4 -6 6 8 -9 -10 -11
leaf_value=0.018217446954109401 -0.010602851453483629 0.095227190615924856 0.1036963654107856 -0.11225578276361758 -0.00043263268136978168 -0.088182285360224391 -0.039077410617654969 0.049351222172773414 0.03494719042848192 -0.041055167997230115
leaf_weight=5.0092599317431468 5.4323538318276388 1.9387309849262226 5.7074503004550934 2.9444350749254218 72.105563621968031 5.9305256903171566 5.2800695151090604 7.9742133393883696 5.8315233513712883 7.679639607667923
leaf_count=27 26 10 29 14 343 28 28 38 27 39
internal_value=9.05194e-06 0.00405247 0.0479581 -0.0023004 -0.00481979 -0.00944164 -0.0308356 0.00820323 -0.000228238 -0.0176558
internal_weight=125.834 88.1285 11.1398 76.9887 75.05 37.7052 17.0421 20.6631 11.1116 12.6889
internal_count=609 422 55 367 357 187 83 104 55 66
is_linear=0
shrinkage=0.1


Tree=95
num_leaves=11
num_cat=0
split_feature=9 6 6 5 7 0 0 0 8 7
split_gain=0.502432 3.9031 2.50996 2.58824 2.46467 1.23115 2.97978 2.63767 1.73393 1.71578
threshold=31.166885705584683 20.403377440791598 21.311607486742595 21.999649351560773 34.251046657562263 1.7498168945312502 1.6426278167787685 1.8018407576892062 27.539357497228533 27.942667560768317
decision_type=2 2 2 2 2 2 2 2 2 2
left_child=5 -2 4 -4 -3 6 9 -7 -9 -1
right_child=1 2 3 -5 -6 7 -8 8 -10 -11
leaf_value=0.039816181303231592 0.074575432665215338 -0.10490814409778144 0.049272918346379119 -0.003650651389521524 -0.0017923364331526956 0.07356919141436026 -0.095463039378022072 0.042584997763028098 -0.037291170342473895 -0.045211175820758079
leaf_weight=5.0983587689697725 7.1807432770729056 4.4558572545647603 10.751187533140181 65.7737021073699 4.8312011212110519 4.4495526701211956 4.9379619508981696 3.7594929561018935 9.8070292100310308 4.4401015192270279
leaf_count=27 33 22 49 318 22 21 26 19 51 21
internal_value=1.28479e-05 0.00375317 -0.00217323 0.00378472 -0.0512665 -0.0106919 -0.032407 0.00675688 -0.0151562 0.000236408
internal_weight=125.485 92.9927 85.8119 76.5249 9.28706 32.4925 14.4764 18.0161 13.5665 9.53846
internal_count=609 444 411 367 44 165 74 91 70 48
is_linear=0
shrinkage=0.1


Tree=96
num_leaves=12
num_cat=0
split_feature=6 3 3 6 6 5 4 4 2 0 8
split_gain=0.476628 1.89756 2.3123 1.86102 1.67978 2.02929 1.5754 1.4947 1.44047 1.07025 0.906867
threshold=24.199125245167163 1.1609458917375997 1.2869480439526517 23.501229696262634 22.950543395666909 22.917278995536044 24.583252727985386 25.124407085553976 1.7235507356723632 1.7030153623782101 35.973646447465264
decision_type=2 2 2 2 2 2 2 2 2 2 2
left_child=3 7 -3 4 5 -1 -5 9 -9 -2 -6
right_child=1 2 -4 6 10 -7 -8 8 -10 -11 -12
leaf_value=0.0019369411980962991 0.060289041721105302 0.10504489674747391 0.011742322845958761 -0.012101815808545018 0.0099580023272783976 -0.053386685100588999 -0.091726032117700168 0.0087996661611199744 -0.060909529113874053 -0.010612774828840585 0.073244034284106016
leaf_weight=65.5027234852314 4.1499955952167529 3.9064307287335387 8.2992802038788778 6.2980083450674993 4.4725155979394895 7.3768145292997351 4.104096844792366 5.2211194410920125 6.8579154759645462 4.3716309517621994 4.5859776884317398
leaf_count=322 20 19 39 31 22 35 20 24 35 22 20
internal_value=5.2218e-06 0.0103589 0.0416038 -0.00367322 0.001385 -0.00366288 -0.0435171 -0.00815334 -0.030778 0.0239161 0.0419974
internal_weight=125.147 32.8064 12.2057 92.3401 81.938 72.8795 10.4021 20.6007 12.079 8.52163 9.05849
internal_count=609 159 58 450 399 357 51 101 59 42 42
is_linear=0
shrinkage=0.1


Tree=97
num_leaves=11
num_cat=0
split_feature=4 8 4 5 5 2 6 6 2 4
split_gain=0.533253 2.63325 1.8987 1.70125 1.43265 2.91998 2.73848 4.69257 3.13944 1.60233
threshold=23.023818909647165 34.184872042221819 23.253926813602451 23.466528928787451 21.999649351560773 1.8088857361493142 21.892278552390884 20.962825455392927 1.8088857361493142 22.380188895627246
decision_type=2 2 2 2 2 2 2 2 2 2
left_child=4 -2 -3 -4 6 9 7 -1 -8 -6
right_child=1 2 3 -5 5 -7 8 -9 -10 -11
leaf_value=0.0038387847714556294 0.06500811270696287 0.071469688038783161 -0.066557474231770178 -6.6532103170683686e-05 -0.09981149117149779 0.020060915632472632 0.10899661179567761 -0.098410095065644229 -0.0082575209916783306 -0.021461088014513782
leaf_weight=39.115250792354345 6.9363526105880728 3.3597241863608351 4.2627187967300406 39.559462197124958 5.67697771638632 6.8674620687961569 4.716623589396475 5.0702203437685958 4.4264853745698929 4.8317197859287262
leaf_count=195 33 17 20 192 26 36 21 27 20 22
internal_value=7.00368e-06 0.00747788 -0.000979811 -0.00653431 -0.0057113 -0.0306485 0.00241406 -0.00789413 0.05223 -0.0637873
internal_weight=124.823 54.1183 47.1819 43.8222 70.7047 17.3762 53.3286 44.1855 9.14311 10.5087
internal_count=609 262 229 212 347 84 263 222 41 48
is_linear=0
shrinkage=0.1


Tree=98
num_leaves=8
num_cat=0
split_feature=3 3 9 6 9 7 7
split_gain=0.545049 2.42531 1.68989 1.82454 1.37797 2.30246 1.37842
threshold=1.2931019957732144 1.3787477931838961 36.767237085858532 22.212442801348018 26.98176122349339 26.870198965072635 27.942667560768317
decision_type=2 2 2 2 2 2 2
left_child=4 -2 3 -3 -1 -6 -7
right_child=1 2 -4 -5 5 6 -8
leaf_value=0.047231928459891492 -0.065978989666286764 0.015579790098783013 0.053473999972821512 -0.046632855032519835 -0.070338087430192001 0.068147980208661252 0.0015560520080589945
leaf_weight=6.7802555114030829 6.4639852382242706 11.14001583307982 5.2008932679891577 8.172328516840933 4.366975959390401 3.2357621490955344 78.971789058297873
leaf_count=32 39 59 24 36 23 17 379
internal_value=4.50504e-06 -0.0114896 0.00287896 -0.0107465 0.00381849 0.000418485 0.00417717
internal_weight=124.332 30.9772 24.5132 19.3123 93.3548 86.5745 82.2076
internal_count=609 158 119 95 451 419 396
is_linear=0
shrinkage=0.1


Tree=99
num_leaves=6
num_cat=0
split_feature=6 0 5 5 9
split_gain=0.569486 1.94231 1.77365 1.41875 1.63927
threshold=17.41003934112695 1.8018407576892062 17.099263900379981 17.554435992929644 28.083045553090052
decision_type=2 2 2 2 2
left_child=1 -1 -2 -4 -5
right_child=2 -3 3 4 -6
leaf_value=-0.072907943276789802 0.082926617783526238 0.025846313864686929 -0.072089462738110871 0.06922305844997366 -0.00055633059233758692
leaf_weight=4.1779030710458747 2.6324445456266394 3.8059031739830971 2.6733417361974707 3.4757382050156584 107.2544159181416
leaf_count=24 13 21 12 18 521
internal_value=2.24575e-06 -0.0258315 0.00177973 -0.000103943 0.00163399
internal_weight=124.02 7.98381 116.036 113.403 110.73
internal_count=609 45 564 551 539
is_linear=0
shrinkage=0.1


end of trees

feature_importances:
pass_tds_std_L5=105
pass_tds_L10=91
completions_L10=85
attempts_L10=75
pass_tds_L5=68
attempts_L3=64
attempts_L5=61
pass_tds_L3=49
completions_L5=44
completions_L3=41

parameters:
[boosting: gbdt]
[objective: binary]
[metric: binary_logloss]
[tree_learner: serial]
[device_type: cpu]
[data_sample_strategy: bagging]
[data: ]
[valid: ]
[num_iterations: 100]
[learning_rate: 0.1]
[num_leaves: 31]
[num_threads: 2]
[seed: 42]
[deterministic: 0]
[force_col_wise: 0]
[force_row_wise: 0]
[histogram_pool_size: -1]
[max_depth: 4]
[min_data_in_leaf: 20]
[min_sum_hessian_in_leaf: 0.001]
[bagging_fraction: 1]
[pos_bagging_fraction: 1]
[neg_bagging_fraction: 1]
[bagging_freq: 0]
[bagging_seed: 400]
[bagging_by_query: 0]
[feature_fraction: 1]
[feature_fraction_bynode: 1]
[feature_fraction_seed: 30056]
[extra_trees: 0]
[extra_seed: 12879]
[early_stopping_round: 0]
[early_stopping_min_delta: 0]
[first_metric_only: 0]
[max_delta_step: 0]
[lambda_l1: 0]
[lambda_l2: 0]
[linear_lambda: 0]
[min_gain_to_split: 0]
[drop_rate: 0.1]
[max_drop: 50]
[skip_drop: 0.5]
[xgboost_dart_mode: 0]
[uniform_drop: 0]
[drop_seed: 17869]
[top_rate: 0.2]
[other_rate: 0.1]
[min_data_per_group: 100]
[max_cat_threshold: 32]
[cat_l2: 10]
[cat_smooth: 10]
[max_cat_to_onehot: 4]
[top_k: 20]
[monotone_constraints: ]
[monotone_constraints_method: basic]
[monotone_penalty: 0]
[feature_contri: ]
[forcedsplits_filename: ]
[refit_decay_rate: 0.9]
[cegb_tradeoff: 1]
[cegb_penalty_split: 0]
[cegb_penalty_feature_lazy: ]
[cegb_penalty_feature_coupled: ]
[path_smooth: 0]
[interaction_constraints: ]
[verbosity: -1]
[saved_feature_importance_type: 0]
[use_quantized_grad: 0]
[num_grad_quant_bins: 4]
[quant_train_renew_leaf: 0]
[stochastic_rounding: 1]
[linear_tree: 0]
[max_bin: 255]
[max_bin_by_feature: ]
[min_data_in_bin: 3]
[bin_construct_sample_cnt: 200000]
[data_random_seed: 175]
[is_enable_sparse: 1]
[enable_bundle: 1]
[use_missing: 1]
[zero_as_missing: 0]
[feature_pre_filter: 1]
[pre_partition: 0]
[two_round: 0]
[header: 0]
[label_column: ]
[weight_column: ]
[group_column: ]
[ignore_column: ]
[categorical_feature: ]
[forcedbins_filename: ]
[precise_float_parser: 0]
[parser_config_file: ]
[objective_seed: 16083]
[num_class: 1]
[is_unbalance: 0]
[scale_pos_weight: 1.06441]
[sigmoid: 1]
[boost_from_average: 1]
[reg_sqrt: 0]
[alpha: 0.9]
[fair_c: 1]
[poisson_max_delta_step: 0.7]
[tweedie_variance_power: 1.5]
[lambdarank_truncation_level: 30]
[lambdarank_norm: 1]
[label_gain: ]
[lambdarank_position_bias_regularization: 0]
[eval_at: ]
[multi_error_top_k: 1]
[auc_mu_weights: ]
[num_machines: 1]
[local_listen_port: 12400]
[time_out: 120]
[machine_list_filename: ]
[machines: ]
[gpu_platform_id: -1]
[gpu_device_id: -1]
[gpu_use_dp: 0]
[num_gpu: 1]

end of parameters

pandas_categorical:[]
