tree
version=v4
num_class=1
num_tree_per_iteration=1
label_index=0
max_feature_idx=9
objective=binary sigmoid:1
feature_names=rec_tds_L3 rec_tds_L5 rec_tds_L10 rec_tds_std_L5 receptions_L3 receptions_L5 receptions_L10 targets_L3 targets_L5 targets_L10
feature_infos=[0.375:1.3126220703125] [0.70005335458317186:0.99999008806308742] [0.43029960582785459:1.3388429752066111] [0.2822185372046474:1.5473264160691638] [0.75:11.273154548534729] [0.7777777777777779:10.421144772267104] [0.85123966942148743:10.909090909090908] [1:15.195685709911372] [1:14.289888625615614] [1:13.644628099173552]
tree_sizes=1463 1466 1360 1160 1058 1169 1475 858 1066 1270 657 1170 660 1277 1069 664 967 1066 868 1067 1272 1586 868 871 668 1068 976 971 867 669 1273 768 771 1079 665 668 771 1080 770 766 868 976 980 980 666 671 669 668 1179 1286 768 1079 1091 671 673 670 878 973 1283 669 671 771 1077 1183 1072 772 1278 670 1187 1285 868 1079 769 967 772 1079 671 876 1080 875 674 671 873 1084 877 773 1076 977 1081 875 772 1082 866 669 877 869 771 980 870 869

Tree=0
num_leaves=13
num_cat=0
split_feature=6 0 9 4 6 8 5 6 1 1 9 9
split_gain=31.0847 14.2768 9.35322 9.25552 8.39132 10.4083 8.3497 7.92946 7.73122 6.28623 5.08876 4.70628
threshold=5.0269245402966378 1.0300339545875106 3.669674164102164 5.1078157402627937 7.2445769277732337 7.9720146925425022 6.5054179693960572 1.9291317313196492 0.77823502514860565 0.89230679029145465 10.520118137937088 9.7567946055009998
decision_type=2 2 2 2 2 2 2 2 2 2 2 2
left_child=2 4 7 8 5 -2 -3 -1 -4 -5 -6 -8
right_child=1 6 3 9 10 -7 11 -9 -10 -11 -12 -13
leaf_value=-0.64685815087292398 -0.4899567427444711 -0.57271020443380305 -0.58488206348410099 -0.74530084807517138 -0.41787660605764776 -0.58437182252883013 -0.75584850316916341 -0.82340682291600908 -0.64501328955089421 -0.60226217614669419 -0.52243610653690853 -0.62255603928772019
leaf_weight=5.5476139485836011 15.861111581325529 11.720427840948107 42.704196959733963 10.031743437051771 7.2455060184001949 44.252004265785217 5.7989830374717695 4.6986679136753082 42.823896616697311 4.4288834929466239 13.016866058111189 4.876375675201416
leaf_count=20 45 38 141 41 18 146 24 21 154 15 39 17
internal_value=-0.599939 -0.560375 -0.636825 -0.6275 -0.540701 -0.55946 -0.630984 -0.727819 -0.61499 -0.701492 -0.485047 -0.694962
internal_weight=213.006 102.771 110.235 99.9887 80.3755 60.1131 22.3958 10.2463 85.5281 14.4606 20.2624 10.6754
internal_count=719 327 392 351 248 191 79 41 295 56 57 41
is_linear=0
shrinkage=1


Tree=1
num_leaves=13
num_cat=0
split_feature=6 0 9 6 4 5 6 8 1 1 9 9
split_gain=23.5166 10.4798 7.4997 6.88372 6.76247 6.5166 6.10473 6.93226 5.21118 4.9729 3.89349 3.50991
threshold=5.0143524330457447 1.0300339545875106 3.669674164102164 1.9291317313196492 5.1078157402627937 6.5054179693960572 7.2445769277732337 7.9720146925425022 0.77823502514860565 0.89230679029145465 9.7567946055009998 10.520118137937088
decision_type=2 2 2 2 2 2 2 2 2 2 2 2
left_child=2 6 3 -1 8 -3 7 -2 -4 -6 -7 -8
right_child=1 5 4 -5 9 10 11 -9 -10 -11 -12 -13
leaf_value=0.02275254932471589 0.15090455803049971 0.086876603848127204 0.074437648591896596 -0.14389337399368063 -0.065563798028436746 -0.077442679689058339 0.21317512005368955 0.076976672654438139 0.025312769088851439 0.061660403550368725 0.044088566520535034 0.12885857152561453
leaf_weight=5.5928277224302274 17.593852639198303 12.077929720282556 43.406104072928429 4.4518103152513504 9.5675642490386945 5.6354705691337568 7.7522972077131298 45.452366709709167 42.972090214490891 4.5256212353706351 4.9529468715190887 13.595274433493612
leaf_count=20 48 38 140 21 40 24 18 146 153 15 17 39
internal_value=0.0636406 0.0970432 0.0312825 -0.0511054 0.0395193 0.0366725 0.113257 0.0976072 0.0499986 -0.0247094 -0.020594 0.159478
internal_weight=217.576 107.06 110.516 10.0446 100.471 22.6663 84.3938 63.0462 86.3782 14.0932 10.5884 21.3476
internal_count=719 330 389 41 348 79 251 194 293 55 41 57
is_linear=0
shrinkage=0.1


Tree=2
num_leaves=12
num_cat=0
split_feature=6 0 2 1 2 9 8 6 6 5 1
split_gain=18.2946 8.12158 6.54397 10.2747 8.12931 6.10098 7.59852 6.77865 6.02415 5.13408 1.98554
threshold=5.0269245402966378 1.0300339545875106 0.81457767395205793 0.8823024923748195 0.77995453792383473 3.669674164102164 4.0334948154490018 2.327137978558246 1.9291317313196492 6.5054179693960572 0.88627771785590226
decision_type=2 2 2 2 2 2 2 2 2 2 2
left_child=5 2 4 -4 -2 8 -7 -8 -1 -3 -11
right_child=1 9 3 -5 -6 6 7 -9 -10 10 -12
leaf_value=0.020326580531810079 0.1002991184874051 0.07635332746856506 -0.039895296347194985 0.12093301663538346 0.20495075560555365 0.13895698416911592 0.17768972190489363 0.023393433060093279 -0.13801079263197899 0.021022818977325282 -0.066333539099390604
leaf_weight=5.6320895254611951 61.283666729927063 12.352335408329965 7.8132985830306998 8.0803994834423047 8.4456384181976301 6.6122389137744895 2.9373100697994223 92.908397138118744 4.1908304393291473 5.7102620303630811 4.779827743768692
leaf_count=20 178 38 28 22 20 19 8 324 21 21 20
internal_value=0.0563522 0.0856424 0.0997759 0.0418703 0.112975 0.0280573 0.0352749 0.028122 -0.0472262 0.032664 -0.0187813
internal_weight=220.746 108.465 85.623 15.8937 69.7293 112.281 102.458 95.8457 9.82292 22.8424 10.4901
internal_count=719 327 248 50 198 392 351 332 41 79 41
is_linear=0
shrinkage=0.1


Tree=3
num_leaves=10
num_cat=0
split_feature=6 5 6 3 8 3 3 7 4
split_gain=14.5612 9.72398 9.97337 5.79151 4.90314 3.8584 6.4111 5.53434 6.1869
threshold=6.3997133179054613 6.4065377756616941 5.0269245402966378 0.88474324243999192 9.1675057742339003 0.84638788133014631 0.9922140332861854 9.666716918685319 7.9210343456361452
decision_type=2 2 2 2 2 2 2 2 2
left_child=1 2 3 -1 -4 7 -7 -2 -9
right_child=5 -3 4 -5 -6 6 -8 8 -10
leaf_value=0.046005100031136059 0.18180659393273768 -0.067853040239544901 0.095014851558608698 0.00059587958287349644 0.0082350315595028922 0.00036262392666481488 0.1074319460579265 0.033994319911531866 0.13812988451680133
leaf_weight=60.836114376783371 9.3297659754753095 8.648120388388632 38.235617697238922 52.175256609916687 7.8470415621995917 9.5107104629278201 13.574481338262556 10.51702329516411 12.469913542270659
leaf_count=205 22 34 108 187 26 33 39 33 32
internal_value=0.050096 0.0354153 0.0410288 0.0250405 0.0802378 0.0945452 0.0633212 0.11685 0.0904856
internal_weight=223.144 167.742 159.094 113.011 46.0827 55.4019 23.0852 32.3167 22.9869
internal_count=719 560 526 392 134 159 72 87 65
is_linear=0
shrinkage=0.1


Tree=4
num_leaves=9
num_cat=0
split_feature=6 5 6 9 9 9 8 4
split_gain=11.5333 7.88368 7.92156 4.90663 3.9252 3.83868 4.89271 6.09535
threshold=6.3997133179054613 6.4065377756616941 5.0269245402966378 3.669674164102164 7.1771177953157617 9.080631033365373 9.8149516377285568 7.9210343456361452
decision_type=2 2 2 2 2 2 2 2
left_child=1 2 3 -1 -4 -2 -7 -8
right_child=5 -3 4 -5 -6 6 7 -9
leaf_value=-0.045734718041244377 0.016086656762674227 -0.062323058293606161 0.13865491553628381 0.02870263315386111 0.058810337278949312 0.15996028985424798 0.038819509296675395 0.11722293870789963
leaf_weight=9.6786235719919187 7.2535991221666327 8.4827972799539548 7.299809902906417 104.09405918419361 39.329662337899208 9.1517935544252378 19.421967208385468 20.258970931172371
leaf_count=41 24 34 18 351 116 22 60 53
internal_value=0.0446767 0.0316286 0.0365972 0.0223703 0.0713099 0.0839666 0.0940494 0.0788481
internal_weight=224.971 168.885 160.402 113.773 46.6295 56.0863 48.8327 39.6809
internal_count=719 560 526 392 134 159 135 113
is_linear=0
shrinkage=0.1


Tree=5
num_leaves=10
num_cat=0
split_feature=6 2 1 1 2 4 3 9 2
split_gain=9.2298 6.76793 8.22598 12.6683 7.56714 4.11447 3.15516 4.79258 3.89632
threshold=6.3997133179054613 0.50936431060169107 0.81040184324599263 0.82748401456539511 0.80989767620787434 4.1726698919463532 0.47149340257031319 9.3766558894762237 0.73287571566825294
decision_type=2 2 2 2 2 2 2 2 2
left_child=1 5 4 -4 -3 -1 -2 -8 -9
right_child=6 2 3 -5 -6 -7 7 8 -10
leaf_value=0.011581157973585485 0.12666124012239405 0.065664551632016857 -0.11165545244159852 0.024863865598575428 -0.044963167633235372 -0.085176290715055378 -0.0063555774994889696 0.10601228042158506 0.041866019498754063
leaf_weight=10.294774100184442 9.7707140594720823 75.465164944529533 7.6362666338682166 61.860688343644142 6.7348718345165244 7.6686124205589286 7.9871782213449469 22.254440575838089 16.482348740100861
leaf_count=36 24 232 31 206 25 30 27 59 49
internal_value=0.0399733 0.0283158 0.0351888 0.00986324 0.0566005 -0.0297248 0.0749823 0.0641754 0.0787183
internal_weight=226.155 169.66 151.697 69.497 82.2 17.9634 56.4947 46.724 38.7368
internal_count=719 560 494 237 257 66 159 135 108
is_linear=0
shrinkage=0.1


Tree=6
num_leaves=13
num_cat=0
split_feature=6 0 0 1 2 5 3 7 6 2 6 7
split_gain=7.99175 4.8229 4.86569 6.22261 4.25479 4.45605 3.97607 7.1167 9.25648 6.78802 5.45931 9.26385
threshold=5.0143524330457447 1.0300339545875106 1.0007062425332811 0.9018092931205961 0.72852723312361223 7.1156726925675358 0.7990393742819899 5.9478453397750863 3.6693318574367133 0.63145799948115588 2.6201257015618289 5.9860916137695321
decision_type=2 2 2 2 2 2 2 2 2 2 2 2
left_child=6 2 3 -2 5 -3 7 8 -1 -9 -8 -12
right_child=1 4 -4 -5 -6 -7 10 9 -10 -11 11 -13
leaf_value=0.027117060325233422 0.06403586023497973 0.068409738030478354 0.11653845867540354 -0.034288174605606021 -0.063085282616860736 -0.042576918560596019 0.071104826146993524 -0.073946629110699644 0.14353506647922151 0.041229552107373897 -0.057172617796449055 0.025890623547069436
leaf_weight=18.60386806726456 67.196739181876183 13.066779702901846 15.303617641329764 7.1184026449918738 5.455128848552703 5.0023952126502982 9.3297265321016294 8.7046833485364932 10.791468635201452 12.415382146835325 24.533795341849327 29.658080264925957
leaf_count=63 189 40 39 23 20 19 30 33 29 40 93 101
internal_value=0.0357839 0.0546136 0.0651915 0.0546177 0.0143158 0.0376834 0.0171017 0.0380406 0.0698559 -0.00624057 0.000450138 -0.0117138
internal_weight=227.18 113.143 89.6188 74.3151 23.5243 18.0692 114.037 50.5154 29.3953 21.1201 63.5216 54.1919
internal_count=719 330 251 212 79 59 389 165 92 73 224 194
is_linear=0
shrinkage=0.1


Tree=7
num_leaves=7
num_cat=0
split_feature=6 0 9 7 3 7
split_gain=7.11283 5.79998 7.79331 5.4405 3.46993 3.90359
threshold=7.2445769277732337 0.60513306603060513 3.669674164102164 3.7092905044555669 0.86805804557563138 11.624937895948225
decision_type=2 2 2 2 2 2
left_child=1 -1 -3 -4 5 -2
right_child=4 2 3 -5 -6 -7
leaf_value=-0.070032836920415786 0.15407613451009999 -0.061522955661064742 0.13571727697058769 0.030517544392965452 0.028476240815215954 0.055709254402622845
leaf_weight=6.0989129841327658 8.9474831521511131 9.0779761523008329 5.0512792915105811 183.52566184103489 7.7597938179969779 7.3468704968690863
leaf_count=23 20 39 13 581 23 20
internal_value=0.0320863 0.0260151 0.0289788 0.0333355 0.0835137 0.109724
internal_weight=227.808 203.754 197.655 188.577 24.0541 16.2944
internal_count=719 656 633 594 63 40
is_linear=0
shrinkage=0.1


Tree=8
num_leaves=9
num_cat=0
split_feature=6 5 2 1 9 1 3 9
split_gain=6.06966 6.64734 5.15386 6.15651 3.09877 2.82641 4.21677 5.00807
threshold=6.3997133179054613 6.4065377756616941 0.5077338825732044 0.81040184324599263 4.879085187051337 0.73592404587576876 0.47149340257031319 9.3766558894762237
decision_type=2 2 2 2 2 2 2 2
left_child=1 2 4 -4 -1 -2 -7 -8
right_child=5 -3 3 -5 -6 6 7 -9
leaf_value=-0.077872971810433886 0.10460135747893902 -0.066364783151582493 0.048376568505893308 0.0071955558166545757 0.0097362232942782897 0.10524842855658884 -0.044878778200816753 0.049135664997525599
leaf_weight=7.2830929607152965 10.296404391527174 8.5756760388612729 80.888349369168282 65.861616984009743 9.0590955168008787 9.7121684998273832 7.0088025629520407 29.575683146715164
leaf_count=29 26 34 247 219 31 24 25 84
internal_value=0.0288127 0.01945 0.0239623 0.0298945 -0.0293079 0.0572134 0.0466743 0.0311245
internal_weight=228.261 171.668 163.092 146.75 16.3422 56.5931 46.2967 36.5845
internal_count=719 560 526 466 60 159 133 109
is_linear=0
shrinkage=0.1


Tree=9
num_leaves=11
num_cat=0
split_feature=6 7 9 6 0 4 3 5 1 4
split_gain=5.48588 4.77696 6.49684 9.28355 5.65018 3.88214 4.2288 4.19308 6.07054 5.78174
threshold=5.0143524330457447 7.1255341336880234 8.4407154027946891 5.6672919231023773 0.72037959403226692 5.1078157402627937 0.87814310963539166 4.5243448744788477 0.91749061105927476 4.8673425789215718
decision_type=2 2 2 2 2 2 2 2 2 2
left_child=5 -2 3 -3 -4 7 -7 8 -1 -9
right_child=1 2 4 -5 -6 6 -8 9 -10 -11
leaf_value=0.01605539235883106 0.099336053549005127 0.030380206850656288 -0.034521293334740362 -0.10376621200892625 0.057508658241777137 0.011099596345867307 -0.096902218251186625 0.0071173384741968319 -0.091730949497115299 0.13153857722444198
leaf_weight=80.047645628452301 12.700388506054876 16.78059642016888 7.3873873353004447 7.4489231854677191 68.812679454684258 8.0484015196561796 6.5970120877027503 7.8413860797882062 5.5900596231222144 7.1315467953681946
leaf_count=267 32 50 24 28 196 28 27 26 22 19
internal_value=0.0259084 0.0415519 0.0342444 -0.0108607 0.0485866 0.0105536 -0.0375497 0.0175558 0.00901957 0.0663787
internal_weight=228.386 113.13 100.43 24.2295 76.2001 115.256 14.6454 100.611 85.6377 14.9729
internal_count=719 330 298 78 220 389 55 334 289 45
is_linear=0
shrinkage=0.1


Tree=10
num_leaves=5
num_cat=0
split_feature=6 0 9 8
split_gain=4.98565 5.60379 6.02493 4.49446
threshold=7.8791953613811456 0.60513306603060513 3.669674164102164 4.0334948154490018
decision_type=2 2 2 2
left_child=1 -1 -3 -4
right_child=-2 2 3 -5
leaf_value=-0.072899820232906296 0.086872323300441284 -0.057769586446970257 0.10624726917895203 0.023436297322565296
leaf_weight=6.3206331580877295 11.707589924335478 8.9179400354623777 6.7823551893234244 194.59954223036766
leaf_count=24 30 39 18 608
internal_value=0.0233103 0.019875 0.0226634 0.0262253
internal_weight=228.328 216.62 210.3 201.382
internal_count=719 689 665 626
is_linear=0
shrinkage=0.1


Tree=11
num_leaves=10
num_cat=0
split_feature=9 1 7 5 4 0 0 3 2
split_gain=4.39282 8.53884 6.52478 8.05691 5.08469 4.96202 7.17301 3.59993 1.40374
threshold=6.8062047673094508 0.70359958427495572 7.1486274589422587 4.5776694698766969 4.0631185718792127 1.0235936821719147 1.0007062425332811 0.97743947743862492 0.58625025719741786
decision_type=2 2 2 2 2 2 2 2 2
left_child=2 -2 3 4 -1 6 -3 -7 -4
right_child=1 5 8 -5 -6 7 -8 -9 -10
leaf_value=0.017484809532510925 -0.1883598980916994 0.034990286831698379 -0.03163387386996485 0.097244925403877844 -0.044668844408493683 -0.042283583028841852 0.10911859835728928 0.027035599624169643 -0.10090274523071177
leaf_weight=54.592927396297455 1.7271247059106816 85.33193176984787 5.9892727434635145 10.254874005913733 17.343855783343315 11.960963085293768 15.411219641566275 20.050616875290871 5.7192716747522354
leaf_count=183 7 249 22 28 62 43 39 64 22
internal_value=0.020969 0.0325579 0.00437163 0.0143208 0.00249965 0.035432 0.0463301 0.00113484 -0.0654696
internal_weight=228.382 134.482 93.9002 82.1917 71.9368 132.755 100.743 32.0116 11.7085
internal_count=719 402 317 273 245 395 288 107 44
is_linear=0
shrinkage=0.1


Tree=12
num_leaves=5
num_cat=0
split_feature=6 0 9 7
split_gain=3.99646 4.56251 4.86142 3.63733
threshold=7.8791953613811456 0.60513306603060513 3.669674164102164 3.8938898850185018
decision_type=2 2 2 2
left_child=1 -1 -3 -4
right_child=-2 2 3 -5
leaf_value=-0.068408969007182505 0.076327607251773191 -0.054535377991162648 0.088667799135439387 0.018820830615137611
leaf_weight=6.2432987689971915 11.501481950283049 8.773006930947302 7.7538965195417395 193.85594518482685
leaf_count=24 30 39 21 605
internal_value=0.0188859 0.0158361 0.0183362 0.0215071
internal_weight=228.128 216.626 210.383 201.61
internal_count=719 689 665 626
is_linear=0
shrinkage=0.1


Tree=13
num_leaves=11
num_cat=0
split_feature=0 6 2 2 2 0 1 2 1 3
split_gain=3.50829 5.00973 7.4892 8.25576 7.32765 5.47836 7.95394 4.7137 5.6191 4.32752
threshold=1.0167099535465243 3.6693318574367133 0.61258558123123452 0.57899107058690058 0.81457767395205793 0.79810555465519439 0.80786005764672775 0.73256062808053191 0.7748001669349861 0.97550448020279912
decision_type=2 2 2 2 2 2 2 2 2 2
left_child=1 5 3 -3 -4 -1 -7 8 -2 -10
right_child=7 2 4 -5 -6 6 -8 -9 9 -11
leaf_value=-0.077990500074726105 -0.0601073221291396 0.025031557471852529 0.062361423049979749 -0.088704395471059183 -0.0014814922008289024 0.041883114832108999 -0.094225614474873168 -0.073637841756148667 -0.018323667031133067 0.045561755619390375
leaf_weight=8.6263939887285215 10.064901560544966 20.766722038388256 75.349983975291252 9.2136166095733625 23.611417040228844 20.854676559567455 5.4065769612789145 8.1976505815982801 16.633436858654022 29.246993064880371
leaf_count=34 37 64 208 33 75 66 21 31 58 92
internal_value=0.0170058 0.024768 0.033864 -0.009922 0.047129 -0.00885001 0.0138615 -0.00281984 0.0075571 0.0224008
internal_weight=227.972 163.829 128.942 29.9803 98.9614 34.8876 26.2613 64.143 55.9453 45.8804
internal_count=719 501 380 97 283 121 87 218 187 150
is_linear=0
shrinkage=0.1


Tree=14
num_leaves=9
num_cat=0
split_feature=2 1 1 2 0 5 7 8
split_gain=3.41324 3.89107 8.57277 7.21776 7.20311 6.33682 5.19411 2.75786
threshold=0.5077338825732044 0.7768145392701592 0.78069405022082095 0.67129075218692191 0.63720703125000011 3.4293131677272291 9.1435409270925465 5.305535246655265
decision_type=2 2 2 2 2 2 2 2
left_child=7 3 -3 5 -5 -2 -4 -1
right_child=1 2 6 4 -6 -7 -8 -9
leaf_value=-0.075090067269849001 0.08034644475091228 -0.13521802254240936 -0.0033027865312487328 -0.016228992291197782 0.1034189357976413 -0.0054119090348123625 0.038079223696849913 0.006464243641632725
leaf_weight=7.1408952474594143 11.050545126199721 4.0353954434394828 77.835610270500183 6.5038462281227138 22.228607699275017 39.11383244395256 49.697145327925682 9.8881632685661298
leaf_count=29 32 16 257 23 57 124 148 33
internal_value=0.0153275 0.0188117 0.00828237 0.0363703 0.0763356 0.0134795 0.012823 -0.0277344
internal_weight=227.494 210.465 131.568 78.8968 28.7325 50.1644 127.533 17.0291
internal_count=719 657 421 236 80 156 405 62
is_linear=0
shrinkage=0.1


Tree=15
num_leaves=5
num_cat=0
split_feature=6 0 9 4
split_gain=2.89417 3.18127 3.48132 3.57103
threshold=7.8791953613811456 0.60513306603060513 3.669674164102164 6.6982707444151623
decision_type=2 2 2 2
left_child=1 -1 -3 -4
right_child=-2 2 3 -5
leaf_value=-0.060112739164618782 0.063576588786335472 -0.049292126105324748 0.023026827154374069 -0.0091471262155702858
leaf_weight=6.0705459564924231 11.115801230072973 8.5204493850469571 157.20601324737072 44.195595666766167
leaf_count=24 30 39 483 143
internal_value=0.0138149 0.011254 0.0133178 0.0159666
internal_weight=227.108 215.993 209.922 201.402
internal_count=719 689 665 626
is_linear=0
shrinkage=0.1


Tree=16
num_leaves=8
num_cat=0
split_feature=1 0 2 6 4 4 3
split_gain=2.85043 4.5397 6.28816 4.76542 5.36729 4.72106 3.67076
threshold=0.9778143922543161 1.0235936821719147 0.7301589851087158 3.6693318574367133 4.0472635493820244 3.6503752400094531 0.97550448020279912
decision_type=2 2 2 2 2 2 2
left_child=1 3 6 4 -1 -5 -3
right_child=-2 2 -4 5 -6 -7 -8
leaf_value=0.0031556756326900602 0.0759196870567862 -0.047368236961300741 -0.10866501769589104 0.09137289749192487 -0.10230412768975315 0.021729621535022909 0.015116357497220631
leaf_weight=29.777817159891129 6.8606729060411444 13.053348571062086 6.3181741982698432 10.586026862263678 5.7593107521533957 120.90411166846752 33.608887776732445
leaf_count=103 20 48 25 29 22 361 111
internal_value=0.0124445 0.0104651 -0.0150402 0.0185553 -0.0139356 0.0273365 -0.00236316
internal_weight=226.868 220.008 52.9804 167.027 35.5371 131.49 46.6622
internal_count=719 699 184 515 125 390 159
is_linear=0
shrinkage=0.1


Tree=17
num_leaves=9
num_cat=0
split_feature=2 0 1 1 1 1 8 1
split_gain=2.63974 3.1622 5.69441 5.20589 4.57859 4.4186 2.16431 1.57815
threshold=0.5077338825732044 0.71803719901282725 0.72461395588693955 0.74168326921892025 0.74798942114782996 0.82271002964130024 5.305535246655265 0.7080533905756442
decision_type=2 2 2 2 2 2 2 2
left_child=6 4 7 -4 -2 -6 -1 -3
right_child=1 2 3 -5 5 -7 -8 -9
leaf_value=-0.069578269008480353 0.025052580552596834 0.027104082882701469 -0.042664668182354891 0.01795544867297608 -0.12479096203502449 0.0013569907928393131 0.0031386075863773545 0.086038299575455723
leaf_weight=6.9606183767318752 10.691817954182627 6.6344941258430508 15.63183970749378 151.12162701785564 6.0085539817810041 5.1622518748044968 9.9353710263967496 14.418379440903662
leaf_count=29 34 20 52 472 23 17 33 39
internal_value=0.0112057 0.0142698 0.0184599 0.0122728 -0.0217243 -0.0664955 -0.0268185 0.0674661
internal_weight=226.565 209.669 187.806 166.753 21.8626 11.1708 16.896 21.0529
internal_count=719 657 583 524 74 40 62 59
is_linear=0
shrinkage=0.1


Tree=18
num_leaves=7
num_cat=0
split_feature=6 1 4 9 4 8
split_gain=2.47145 3.97104 3.65331 9.44405 6.64054 3.20766
threshold=7.2445769277732337 0.9778143922543161 6.6982707444151623 8.7313001380445066 6.2463672409045854 11.328381490601558
decision_type=2 2 2 2 2 2
left_child=1 2 4 -4 -1 -2
right_child=5 -3 3 -5 -6 -7
leaf_value=0.0033522987742486822 0.075082492862809824 0.083916894784701365 -0.11016076810789931 0.0077418423655189056 0.068892312715983769 -0.0016358966351302799
leaf_weight=147.31277829408646 12.557698875665666 6.4408459514379492 9.5342953801155073 23.635632216930389 17.271877005696297 9.6286657601594907
leaf_count=480 34 18 38 73 47 29
internal_value=0.0100892 0.00664515 0.00412842 -0.0261478 0.0102302 0.0417875
internal_weight=226.382 204.195 197.755 33.1699 164.585 22.1864
internal_count=719 656 638 111 527 63
is_linear=0
shrinkage=0.1


Tree=19
num_leaves=9
num_cat=0
split_feature=3 3 7 9 4 2 4 0
split_gain=2.28901 7.35749 5.99554 9.8765 3.33949 8.42412 7.48568 3.13001
threshold=0.49207117383996574 0.49685763880572092 4.982982429812183 6.3553776865357925 3.4288940429687504 0.61178145382741389 3.6503752400094531 0.95033685400365064
decision_type=2 2 2 2 2 2 2 2
left_child=2 -2 -1 -4 5 -3 -6 -5
right_child=1 4 3 7 6 -7 -8 -9
leaf_value=0.12137238444186071 -0.13342508266781636 0.025767439408957146 -0.097159187303426875 0.011525675149830312 0.11326480594484062 -0.076685847790223471 0.0088863236288392409 0.088900093676211933
leaf_weight=6.2677986919879904 3.7709387540817252 17.347937494516373 6.2805606424808529 11.870669901371004 7.2032475024461737 14.934550717473028 148.88714517652988 9.3431736379861814
leaf_count=16 15 58 23 36 19 59 469 24
internal_value=0.00909887 0.00487936 0.0331125 0.0129922 0.00764801 -0.0216296 0.0137032 0.0456035
internal_weight=225.906 192.144 33.7622 27.4944 188.373 32.2825 156.09 21.2138
internal_count=719 620 99 83 605 117 488 60
is_linear=0
shrinkage=0.1


Tree=20
num_leaves=11
num_cat=0
split_feature=0 0 0 6 1 1 2 0 8 1
split_gain=2.29353 4.82718 4.11359 6.37236 6.17886 11.9811 3.78172 3.93087 3.35022 2.8764
threshold=1.0235936821719147 1.0352241639202655 1.0010466479288882 5.4943833203264427 0.9018092931205961 0.8674031732398445 0.62795848942349453 1.0780347288310406 6.5839766457645128 0.9778143922543161
decision_type=2 2 2 2 2 2 2 2 2 2
left_child=2 -2 4 8 5 -1 7 -3 -4 -8
right_child=1 6 3 -5 -6 -7 9 -9 -10 -11
leaf_value=0.0024554162356045951 -0.089636035491613669 -0.022450259436686694 0.046016843565366172 0.1122149458463126 -0.076271663542093665 0.10427014855988431 -0.038621955900623284 0.062311333053662481 -0.044198727252895781 0.038930883786092663
leaf_weight=117.07702246308327 6.5521738678216925 8.645075589418413 11.252408057451253 10.196913227438925 8.3431517481803876 12.823792234063147 23.221015825867656 14.903353214263914 6.4907674044370642 6.0229532718658438
leaf_count=371 25 30 35 25 29 34 84 46 22 18
internal_value=0.0081955 -0.00867998 0.0142218 0.0492183 0.00714871 0.0125066 0.00136765 0.0311937 0.0130144 -0.0226495
internal_weight=225.529 59.3446 166.184 27.9401 138.244 129.901 52.7924 23.5484 17.7432 29.244
internal_count=719 203 516 82 434 405 178 76 57 102
is_linear=0
shrinkage=0.1


Tree=21
num_leaves=14
num_cat=0
split_feature=3 3 2 2 4 2 6 2 2 1 4 9 0
split_gain=2.25526 4.84548 5.44716 6.77591 4.09188 3.59458 3.23128 3.19758 6.62873 5.03356 3.99523 6.15175 3.79588
threshold=0.88474324243999192 0.97550448020279912 0.7301589851087158 0.64905429349887467 5.9213666942669088 0.7127004600308845 5.0907661856326474 0.67129075218692191 0.68277216203871849 0.7768145392701592 4.1493754934053877 8.5628547428028821 0.88387742886791976
decision_type=2 2 2 2 2 2 2 2 2 2 2 2 2
left_child=7 5 3 -3 -4 6 -2 10 -9 -10 12 -12 -1
right_child=1 2 4 -5 -6 -7 -8 8 9 -11 11 -13 -14
leaf_value=0.065540907496283093 -0.1320825336459798 0.0011476331568257636 -0.10337412741204335 0.078957327141213562 0.0086839408110475375 -0.0060651566995588643 -0.02368890843434707 0.13314205368598805 0.068345116303634004 0.0048418721803612317 -0.052903742726993545 0.029478050807681611 -0.018708659324328518
leaf_weight=13.604395866394045 6.3198404163122195 42.064348503947258 6.8054641485214216 15.249034851789473 6.2525039613246918 11.964721366763113 4.869131788611412 5.7489961683750144 16.792943641543388 48.622320249676704 23.247376099228859 14.857318043708799 8.8116386383771879
leaf_count=40 26 140 28 43 19 39 17 14 47 151 82 43 30
internal_value=0.00738815 -0.00448616 0.00857003 0.02185 -0.0497177 -0.044168 -0.0849126 0.0158215 0.0301917 0.021144 -0.00107596 -0.0207824 0.0324228
internal_weight=225.21 93.525 70.3714 57.3134 13.058 23.1537 11.189 131.685 71.1643 65.4153 60.5207 38.1047 22.416
internal_count=719 312 230 183 47 82 43 407 212 198 195 125 70
is_linear=0
shrinkage=0.1


Tree=22
num_leaves=7
num_cat=0
split_feature=6 4 9 5 9 9
split_gain=2.03588 2.37392 8.57914 7.0255 4.73084 4.40905
threshold=7.8791953613811456 6.6982707444151623 8.5194745705585291 6.2582758449729825 8.8064047960422585 9.845767563078871
decision_type=2 2 2 2 2 2
left_child=1 3 -3 4 -1 -4
right_child=-2 2 5 -5 -6 -7
leaf_value=0.0090518206543925266 0.049613952987614486 -0.1124393309344603 0.043724633631974902 0.085023589277056083 -0.059847946588955481 -0.026568758729577022
leaf_weight=147.71015171706676 10.518282473087309 7.6461517661809912 15.835745647549627 11.600732639431952 10.686579063534735 20.441408649086952
leaf_count=478 30 32 48 30 36 65
internal_value=0.00666215 0.00455025 -0.0161741 0.00990492 0.00440335 0.00411579
internal_weight=224.439 213.921 43.9233 169.997 158.397 36.2772
internal_count=719 689 145 544 514 113
is_linear=0
shrinkage=0.1


Tree=23
num_leaves=7
num_cat=0
split_feature=1 2 1 3 1 8
split_gain=2.00821 2.26414 4.46587 3.9266 2.87063 2.06942
threshold=0.70509144006578361 0.5077338825732044 0.72292982461214961 0.64156402733985407 0.73801701411821841 8.6566145143834827
decision_type=2 2 2 2 2 2
left_child=-1 4 3 -3 -2 -4
right_child=1 2 5 -5 -6 -7
leaf_value=-0.043413619936273386 -0.076623504808762399 0.10154050222935035 -0.0026324270782675093 0.0097295436895726492 0.015978407912426117 0.019179334434047152
leaf_weight=7.9308830052614203 6.9432647526264173 9.6196108460426348 113.47200115025043 9.0321117192506772 6.4643420875072479 70.537225291132927
leaf_count=28 28 25 373 28 22 215
internal_value=0.00600793 0.00782197 0.0104549 0.057081 -0.0319764 0.00572879
internal_weight=223.999 216.069 202.661 18.6517 13.4076 184.009
internal_count=719 691 641 53 50 588
is_linear=0
shrinkage=0.1


Tree=24
num_leaves=5
num_cat=0
split_feature=4 4 0 0
split_gain=2.01249 9.34757 3.18949 2.86639
threshold=1.9373146295547488 2.2624206542968754 0.60513306603060513 0.82229173427286695
decision_type=2 2 2 2
left_child=-1 -2 -3 -4
right_child=1 2 3 -5
leaf_value=0.063160188111732005 -0.16386840709050443 -0.066632191348343861 0.029457481382081419 0.0019123555586163224
leaf_weight=5.8770063221454611 3.2727960795164099 5.8149218559265128 49.544180542230606 159.08418956398964
leaf_count=20 15 23 147 514
internal_value=0.00541652 0.00385779 0.0064176 0.00845366
internal_weight=223.593 217.716 214.443 208.628
internal_count=719 699 684 661
is_linear=0
shrinkage=0.1


Tree=25
num_leaves=9
num_cat=0
split_feature=3 3 7 9 4 4 2 7
split_gain=1.9488 5.84086 4.71301 7.77312 2.89444 7.73257 7.59442 2.85711
threshold=0.49207117383996574 0.49986552551707369 4.982982429812183 6.3553776865357925 3.4699096679687504 3.6503752400094531 0.61178145382741389 9.8246225286600897
decision_type=2 2 2 2 2 2 2 2
left_child=2 -2 -1 -4 6 -6 -3 -5
right_child=1 4 3 7 5 -7 -8 -9
leaf_value=0.10533348649742036 -0.086889897569016439 0.022857923891837714 -0.089194260365561787 0.068738881616661904 0.12106554581008613 0.0056412998651410098 -0.07453159412264336 -0.0067357213148462047
leaf_weight=6.2654033303260794 7.2780613750219336 17.08861318230629 6.2028263360261944 12.445250451564791 6.0468362569808951 144.54479864239693 15.066574975848196 8.4015859961509687
leaf_count=16 27 57 23 34 15 460 61 26
internal_value=0.00487307 0.000961813 0.0271824 0.00908053 0.00446059 0.010276 -0.0227747 0.0383215
internal_weight=223.34 190.025 33.3151 27.0497 182.747 150.592 32.1552 20.8468
internal_count=719 620 99 83 593 475 118 60
is_linear=0
shrinkage=0.1


Tree=26
num_leaves=8
num_cat=0
split_feature=1 1 1 3 0 4 8
split_gain=1.88475 2.41847 7.80571 2.42969 2.23671 2.05617 0.880651
threshold=0.70711663744572706 0.73127951861155038 0.73325187182582197 0.88474324243999192 0.84429168701171886 4.2945861718617389 8.0877912369943061
decision_type=2 2 2 2 2 2 2
left_child=-1 4 -3 -4 6 -6 -2
right_child=1 2 3 -5 5 -7 -8
leaf_value=-0.036609820345614788 0.076539460743859075 -0.12449929191617784 0.015692087616218358 -0.0080353005881418967 0.037006003591388191 -0.042618466267208999 0.033111224190010759
leaf_weight=10.675047427415846 9.0273790508508736 4.7513714730739585 99.449320301413536 76.243731647729874 7.0014361441135389 6.0417537242174149 9.6724078059196454
leaf_count=37 25 21 307 258 22 21 28
internal_value=0.00439012 0.00645281 0.00197503 0.00539535 0.0319069 0.000123045 0.0540763
internal_weight=222.862 212.187 180.444 175.693 31.743 13.0432 18.6998
internal_count=719 682 586 565 96 43 53
is_linear=0
shrinkage=0.1


Tree=27
num_leaves=8
num_cat=0
split_feature=0 0 3 0 3 4 4
split_gain=1.80909 3.76128 4.49284 3.30723 2.76622 2.69511 5.49838
threshold=0.71803719901282725 0.75914030306629754 0.57931248726098505 0.67454959772294398 0.93381874600704773 1.9373146295547488 2.2624206542968754
decision_type=2 2 2 2 2 2 2
left_child=3 2 -2 4 -1 -3 -7
right_child=1 5 -4 -5 -6 6 -8
leaf_value=-0.040347759521788679 -0.014122085216833932 0.088101092017477234 0.09193125043204628 -0.082425357031102653 0.046224049355569695 -0.15385561673725678 0.0029917873016808904
leaf_weight=7.4335729181766528 6.4164668172597912 3.6258652657270423 10.583175063133238 6.6203451454639426 7.3307855054736137 2.2634050995111457 178.17097662389278
leaf_count=26 22 11 28 24 24 11 573
internal_value=0.00395519 0.00689628 0.0519017 -0.023697 0.00263679 0.00273962 0.00102426
internal_weight=222.445 201.06 16.9996 21.3847 14.7644 184.06 180.434
internal_count=719 645 50 74 50 595 584
is_linear=0
shrinkage=0.1


Tree=28
num_leaves=7
num_cat=0
split_feature=1 0 2 0 9 2
split_gain=1.7488 3.04963 6.83357 3.55828 4.46666 1.79634
threshold=0.9778143922543161 1.1275332610796343 0.61874247105075841 1.0872140576307496 4.0524803417881738 0.68139056871577253
decision_type=2 2 2 2 2 2
left_child=1 3 -3 4 -1 -4
right_child=-2 2 5 -5 -6 -7
leaf_value=-0.06462301364815505 0.052959141349010024 0.034338382126578998 -0.12973020638917629 0.06723022620908678 0.0061389881209932759 -0.045531165587772093
leaf_weight=9.3876942321658117 6.9425277709960929 7.560065999627116 5.5231732875108701 8.9263658225536329 179.18933738768101 4.6814797818660736
leaf_count=44 20 25 23 27 563 17
internal_value=0.00356012 0.00196697 -0.0377194 0.00553662 0.00261633 -0.0911031
internal_weight=222.211 215.268 17.7647 197.503 188.577 10.2047
internal_count=719 699 65 634 607 40
is_linear=0
shrinkage=0.1


Tree=29
num_leaves=5
num_cat=0
split_feature=4 4 0 1
split_gain=1.57136 6.74297 2.37059 2.57762
threshold=1.9373146295547488 2.2624206542968754 0.60513306603060513 0.81040184324599263
decision_type=2 2 2 2
left_child=-1 -2 -3 -4
right_child=1 2 3 -5
leaf_value=0.054137519111222124 -0.1484588342585571 -0.059888592309455847 0.016175896003217241 -0.0061582825631983085
leaf_weight=5.8949387669563285 2.9455114975571624 5.6733431741595259 109.44625134021044 97.896220505237579
leaf_count=20 15 23 341 320
internal_value=0.00319847 0.00180802 0.00388586 0.00563087
internal_weight=221.856 215.961 213.016 207.342
internal_count=719 699 684 661
is_linear=0
shrinkage=0.1


Tree=30
num_leaves=11
num_cat=0
split_feature=1 2 1 2 8 8 3 3 0 0
split_gain=1.74272 7.716 8.85111 10.0588 5.63839 9.44725 4.93352 5.11143 4.74116 3.30992
threshold=0.8674031732398445 0.81457767395205793 0.85253772290809338 0.77124310818257802 9.5799580284002754 10.968040515792135 0.7990393742819899 1.0825790218069671 0.68102484941482555 1.0007062425332811
decision_type=2 2 2 2 2 2 2 2 2 2
left_child=1 2 3 -1 6 -6 9 -8 -3 -2
right_child=4 8 -4 -5 5 -7 7 -9 -10 -11
leaf_value=0.0024954144526227167 0.033198637831300261 -0.015721107329433642 -0.10100736898172331 0.10592139335605605 -0.13285033170820909 0.039000881281281083 -0.015670052582619803 0.086014831763761679 -0.13240897616911582 0.12123205734591772
leaf_weight=132.6773352175951 8.5966382622718829 7.0242761150002462 7.5883193910121909 10.120710477232931 5.9455823898315412 6.9244612008333206 20.855663880705837 6.4792249351739875 6.9048787504434586 8.4877609908580762
leaf_count=427 25 25 29 26 24 20 74 19 28 22
internal_value=0.00287441 -0.00236185 0.00423315 0.00982566 0.0178929 -0.0403893 0.0347796 0.00843245 -0.0735649 0.0769348
internal_weight=221.605 164.316 150.386 142.798 57.2893 12.87 44.4193 27.3349 13.9292 17.0844
internal_count=719 535 482 453 184 44 140 93 53 47
is_linear=0
shrinkage=0.1


Tree=31
num_leaves=6
num_cat=0
split_feature=2 0 1 3 0
split_gain=1.6901 3.59979 7.44053 2.92902 2.91822
threshold=0.96032052908194154 0.71803719901282725 0.74798942114782996 1.1286784698955314 0.82067421870306145
decision_type=2 2 2 2 2
left_child=1 2 -1 4 -3
right_child=-2 3 -4 -5 -6
leaf_value=0.013178591604737439 0.049798903713628856 0.035038355801543568 -0.12395776123354318 -0.065415583944664901 0.0014197103782848048
leaf_weight=9.4462336674332636 7.333770439028739 30.761606857180595 6.8076433092355719 5.7828047275543204 160.73325928300619
leaf_count=31 23 92 27 20 526
internal_value=0.002597 0.000975842 -0.0442585 0.00470274 0.00682019
internal_weight=220.865 213.532 16.2539 197.278 191.495
internal_count=719 696 58 638 618
is_linear=0
shrinkage=0.1


Tree=32
num_leaves=6
num_cat=0
split_feature=1 6 4 9 5
split_gain=1.68158 2.19252 2.15449 6.70685 6.35561
threshold=0.70711663744572706 7.8791953613811456 6.6982707444151623 8.5194745705585291 6.2582758449729825
decision_type=2 2 2 2 2
left_child=-1 2 4 -4 -2
right_child=1 -3 3 -5 -6
leaf_value=-0.036499801497708921 0.0019479850492499955 0.050212271872844307 -0.10585841618548847 -4.143703257908883e-05 0.081079596465435042
leaf_weight=10.612844839692114 146.53960435837507 9.9100587368011457 7.2055476903915396 35.498517498373985 10.905118986964224
leaf_count=37 481 29 31 112 29
internal_value=0.00233669 0.00429883 0.0020255 -0.0178962 0.00742889
internal_weight=220.672 210.059 200.149 42.7041 157.445
internal_count=719 682 653 143 510
is_linear=0
shrinkage=0.1


Tree=33
num_leaves=9
num_cat=0
split_feature=1 2 1 1 1 2 1 8
split_gain=1.49673 1.92383 6.93277 5.49577 4.40766 4.21446 3.77063 3.41138
threshold=0.9778143922543161 0.81457767395205793 0.85687422865689711 0.77959242388100036 0.89466639069952159 0.7669073796069954 0.85882532291135838 10.877836934415074
decision_type=2 2 2 2 2 2 2 2
left_child=1 5 3 -3 -4 7 -7 -1
right_child=-2 2 4 -5 -6 6 -8 -9
leaf_value=0.0036161785674596672 0.048050233059891284 -0.016781096969124588 0.076052807634372444 -0.15056097330674262 -0.035625348677636157 0.090806633476654533 -0.0024118493600898852 -0.047941186486755646
leaf_weight=154.96860925853252 6.8703297972679129 6.5598239824175852 7.4566098451614362 5.7733909487724304 6.7180523127317429 10.070708990097048 7.6243185997009268 13.992358356714247
leaf_count=507 20 25 21 24 23 27 25 47
internal_value=0.00210985 0.000629174 -0.0245801 -0.0794058 0.0231232 0.00420925 0.0506413 -0.000653501
internal_weight=220.034 213.164 26.5079 12.3332 14.1747 186.656 17.695 168.961
internal_count=719 699 93 49 44 606 52 554
is_linear=0
shrinkage=0.1


Tree=34
num_leaves=5
num_cat=0
split_feature=6 3 0 3
split_gain=1.46659 2.03789 4.5529 3.2189
threshold=7.8791953613811456 1.2130537119775471 0.60513306603060513 1.0825790218069671
decision_type=2 2 2 2
left_child=1 2 -1 -4
right_child=-2 -3 3 -5
leaf_value=-0.10158510951563633 0.039425068575476729 -0.056655284735122928 0.0014755622870961762 0.068005003947120252
leaf_weight=4.1696660071611396 9.9452798366546613 6.1362945884466162 192.01242486387491 7.5587206929922095
leaf_count=19 30 22 626 22
internal_value=0.00190254 0.00012449 0.00183459 0.00399535
internal_weight=219.822 209.877 203.741 199.571
internal_count=719 689 667 648
is_linear=0
shrinkage=0.1


Tree=35
num_leaves=5
num_cat=0
split_feature=4 7 9 7
split_gain=1.54496 3.47611 5.02569 4.46496
threshold=8.8248019142937313 11.925922522949724 10.520118137937088 10.491361228188016
decision_type=2 2 2 2
left_child=1 2 3 -1
right_child=-2 -3 -4 -5
leaf_value=-0.00047120816047204736 -0.041366121778901539 0.057547796464492922 -0.074842941888770845 0.060123330024517287
leaf_weight=178.67414584010839 8.021001070737837 11.205364167690275 8.5189016163349134 13.048540592193602
leaf_count=591 28 32 30 38
internal_value=0.0017123 0.00334643 0.000313368 0.00365282
internal_weight=219.468 211.447 200.242 191.723
internal_count=719 691 659 629
is_linear=0
shrinkage=0.1


Tree=36
num_leaves=6
num_cat=0
split_feature=2 0 1 0 6
split_gain=1.50051 2.66307 6.04044 2.87479 3.48467
threshold=0.96032052908194154 0.71803719901282725 0.74798942114782996 0.74104269775931386 7.8791953613811456
decision_type=2 2 2 2 2
left_child=1 2 -1 -3 -5
right_child=-2 3 -4 4 -6
leaf_value=0.012485898878329788 0.046215630318643314 0.068316497897794079 -0.11280295084819117 -0.0017178903281799243 0.069770147434497248
leaf_weight=9.2917530909180623 7.2705729752778998 6.5533629208803168 6.5682365149259558 182.69549278914928 7.0829508006572715
leaf_count=31 23 18 27 599 21
internal_value=0.00154534 1.47505e-05 -0.0394011 0.00319882 0.000950201
internal_weight=219.462 212.192 15.86 196.332 189.778
internal_count=719 696 58 638 620
is_linear=0
shrinkage=0.1


Tree=37
num_leaves=9
num_cat=0
split_feature=1 0 0 9 3 6 8 6
split_gain=1.40788 1.71255 6.87013 4.73145 3.08618 2.47497 10.9332 4.62077
threshold=0.70711663744572706 0.88387742886791976 0.92300265077266341 8.9577471390835246 0.67611146088216667 5.6554114674209268 8.6566145143834827 5.0143524330457447
decision_type=2 2 2 2 2 2 2 2
left_child=-1 5 3 -3 -4 7 -7 -2
right_child=1 2 4 -5 -6 6 -8 -9
leaf_value=-0.03419655325658278 0.011225360684005299 -0.11697141077608292 0.038457019664762004 -0.00059721749046064783 -0.0044138248012720064 -0.13258344916045847 0.018774068340853555 0.080151760575484232
leaf_weight=10.577665299177168 45.555193111300468 8.5319378301501256 21.061294704675674 5.9162564277648917 82.833190612494946 5.8285853415727606 26.337319523096085 12.366487264633177
leaf_count=37 151 33 62 18 281 23 81 33
internal_value=0.00139425 0.00320045 -0.00470821 -0.0693184 0.00427687 0.0135896 -0.00865249 0.0259414
internal_weight=219.008 208.43 118.343 14.4482 103.894 90.0876 32.1659 57.9217
internal_count=719 682 394 51 343 288 104 184
is_linear=0
shrinkage=0.1


Tree=38
num_leaves=6
num_cat=0
split_feature=4 5 5 5 5
split_gain=1.46167 2.84574 2.26365 5.41357 3.10833
threshold=8.8248019142937313 7.7771710882214631 7.1388015858660996 6.878283027450264 7.3501402592647755
decision_type=2 2 2 2 2
left_child=1 2 3 -1 -4
right_child=-2 -3 4 -5 -6
leaf_value=-7.4282651399745387e-05 -0.040853812908513025 0.055390798799577402 -0.088554181819517186 0.086952557319282919 0.00024918080786573394
leaf_weight=176.72343966364861 7.9422253668308249 9.8264282047748548 6.5734087675809887 7.449170544743537 9.8446016013622266
leaf_count=586 28 29 24 21 31
internal_value=0.00125834 0.00284787 0.000273927 0.00344566 -0.0353057
internal_weight=218.359 210.417 200.591 184.173 16.418
internal_count=719 691 662 607 55
is_linear=0
shrinkage=0.1


Tree=39
num_leaves=6
num_cat=0
split_feature=4 4 4 4 9
split_gain=1.30636 5.43745 2.14846 4.69117 4.09808
threshold=1.9373146295547488 2.2624206542968754 2.8750998377799992 3.2807922363281254 4.5702468863509091
decision_type=2 2 2 2 2
left_child=-1 -2 4 -4 -3
right_child=1 2 3 -5 -6
leaf_value=0.047317538540127567 -0.14013256979866259 0.08691890194372387 -0.06230839971977107 0.0029746139947773647 -0.028914978943455506
leaf_weight=5.958607241511344 2.7393966764211646 7.767043896019457 11.704094983637331 184.8894209638238 5.0337249636650085
leaf_count=20 15 25 44 597 18
internal_value=0.00113866 -0.000158459 0.00167275 -0.000911977 0.0413688
internal_weight=218.092 212.134 209.394 196.594 12.8008
internal_count=719 699 684 641 43
is_linear=0
shrinkage=0.1


Tree=40
num_leaves=7
num_cat=0
split_feature=1 0 2 0 9 7
split_gain=1.214 1.88573 5.78141 3.23503 2.77421 1.6083
threshold=0.9778143922543161 1.1275332610796343 0.61874247105075841 1.1240234375000002 4.0810946340146881 8.9122974314886605
decision_type=2 2 2 2 2 2
left_child=1 3 -3 4 -1 -4
right_child=-2 2 5 -5 -6 -7
leaf_value=-0.049605432733548664 0.042506307819240557 0.034264101881691732 -0.11948018929609597 0.074768197110884102 0.0031573219163007478 -0.038312795939805862
leaf_weight=10.559090659022329 6.8312312811613074 7.4895994216203716 5.3355160653591138 6.0022935569286338 177.16211672127247 4.5002320557832718
leaf_count=48 20 25 23 17 569 17
internal_value=0.00101634 -0.000326608 -0.0319347 0.00250021 0.000189481 -0.082343
internal_weight=217.88 211.049 17.3253 193.724 187.721 9.83575
internal_count=719 699 65 634 617 40
is_linear=0
shrinkage=0.1


Tree=41
num_leaves=8
num_cat=0
split_feature=1 1 7 4 9 1 4
split_gain=1.20793 10.0041 5.8993 6.66166 5.10658 5.71604 4.58039
threshold=0.81040184324599263 0.8144531919618313 4.5426031024420244 4.4388194450225464 4.0524803417881738 0.79977368168222085 6.767350379911961
decision_type=2 2 2 2 2 2 2
left_child=4 -2 -3 -4 -1 6 -6
right_child=1 2 3 -5 5 -7 -8
leaf_value=-0.071763242811860806 -0.17574068844617866 0.069286866421742199 -0.065096678923340742 0.0040538029506996887 0.016499164063858301 0.085413068797267178 -0.038267175881879875
leaf_weight=7.5375956967473021 3.3992554396390906 10.578506045043467 17.422524802386761 69.522987619042397 80.195904850959778 9.9961529523134214 18.863307625055313
leaf_count=36 15 34 66 225 250 27 66
internal_value=0.000907738 -0.00710195 -0.00122395 -0.00980288 0.00784095 0.013343 0.00607031
internal_weight=217.516 100.923 97.524 86.9455 116.593 109.055 99.0592
internal_count=719 340 325 291 379 343 316
is_linear=0
shrinkage=0.1


Tree=42
num_leaves=8
num_cat=0
split_feature=2 2 0 2 2 1 0
split_gain=1.22781 2.50942 6.15403 1.97175 7.72281 2.32409 1.3702
threshold=0.96032052908194154 0.81457767395205793 0.97734015559477272 0.67129075218692191 0.68277216203871849 0.76898394402595083 0.74817569961318886
decision_type=2 2 2 2 2 2 2
left_child=1 3 6 5 -5 -1 -3
right_child=-2 2 -4 4 -6 -7 -8
leaf_value=-0.020040580228926207 0.041232734103565157 -0.033185650860964429 0.059769766697644326 0.096919780958864735 0.0030465036095637145 0.0087827726873055834 -0.094152747565129688
leaf_weight=55.578943006694317 7.2619981616735449 6.6809891164302853 5.172589197754859 10.066732585430143 67.709747314453125 56.324207171797752 8.2240025475621206
leaf_count=191 23 26 15 27 218 186 33
internal_value=0.000808053 -0.000591489 -0.0342103 0.00296707 0.0151967 -0.00553292 -0.066825
internal_weight=217.019 209.757 20.0776 189.68 77.7765 111.903 14.905
internal_count=719 696 74 622 245 377 59
is_linear=0
shrinkage=0.1


Tree=43
num_leaves=8
num_cat=0
split_feature=1 1 7 1 9 1 4
split_gain=1.21477 8.42067 4.67222 5.90306 4.13827 4.38158 3.65558
threshold=0.81040184324599263 0.8144531919618313 4.5426031024420244 0.82748401456539511 4.0524803417881738 0.79977368168222085 6.767350379911961
decision_type=2 2 2 2 2 2 2
left_child=4 -2 -3 -4 -1 6 -6
right_child=1 2 3 -5 5 -7 -8
leaf_value=-0.065365820933396573 -0.16529731162667591 0.060448537064633989 -0.084267959599230016 -0.00056674483132752461 0.015572930094433578 0.075966212958571408 -0.033291666648792503
leaf_weight=7.2671621292829505 3.2643954753875724 10.662512384355066 9.4580647647380811 77.204970352351665 80.030247375369072 9.9107123613357526 18.931261524558067
leaf_count=36 15 34 35 256 250 27 66
internal_value=0.000729378 -0.00731514 -0.00201626 -0.00970157 0.00769685 0.0125737 0.00622517
internal_weight=216.729 100.59 97.3255 86.663 116.139 108.872 98.9615
internal_count=719 340 325 291 379 343 316
is_linear=0
shrinkage=0.1


Tree=44
num_leaves=5
num_cat=0
split_feature=6 6 0 8
split_gain=1.44655 3.79917 2.16162 1.95337
threshold=1.3687799994894279 1.5584433986597308 0.60513306603060513 3.4105552179156677
decision_type=2 2 2 2
left_child=-1 -2 -3 -4
right_child=1 2 3 -5
leaf_value=-0.14019045939421118 0.18041601775465604 -0.060191386955706139 -0.061726001818055078 0.0032859991193888551
leaf_weight=0.72680437564849754 1.175424352288245 5.7783603221178046 4.7288361340761176 203.91679801791906
leaf_count=4 4 25 24 662
internal_value=0.00064969 0.00112447 0.000141639 0.00181254
internal_weight=216.326 215.599 214.424 208.646
internal_count=719 715 711 686
is_linear=0
shrinkage=0.1


Tree=45
num_leaves=5
num_cat=0
split_feature=6 3 0 7
split_gain=1.30446 1.66991 3.41416 2.81869
threshold=7.8791953613811456 1.2130537119775471 0.60513306603060513 2.4942626953125004
decision_type=2 2 2 2
left_child=1 2 -1 -4
right_child=-2 -3 3 -5
leaf_value=-0.092286376351504024 0.036538118308719829 -0.052724195473193305 -0.12968754106072453 0.0033898640098896913
leaf_weight=3.8914917260408393 9.6376103311777097 6.0815595090389243 1.6047225892543782 194.87844978272915
leaf_count=19 30 22 10 638
internal_value=0.000577814 -0.00110085 0.000465963 0.00230299
internal_weight=216.094 206.456 200.375 196.483
internal_count=719 689 667 648
is_linear=0
shrinkage=0.1


Tree=46
num_leaves=5
num_cat=0
split_feature=4 4 6 2
split_gain=1.49702 4.54295 2.17659 2.46913
threshold=1.9373146295547488 2.2624206542968754 2.1919759928211238 0.50861457641513674
decision_type=2 2 2 2
left_child=-1 -2 -3 -4
right_child=1 2 3 -5
leaf_value=0.051038872765822953 -0.1346553388972746 0.08545123773398916 -0.041271949721744597 0.0024801515713890241
leaf_weight=5.7092644423246375 2.5074459016323081 2.9907143786549559 13.834959924221037 190.60371425747871
leaf_count=20 15 11 51 622
internal_value=0.000514936 -0.00085907 0.000758285 -0.00048068
internal_weight=215.646 209.937 207.429 204.439
internal_count=719 699 684 673
is_linear=0
shrinkage=0.1


Tree=47
num_leaves=5
num_cat=0
split_feature=6 6 5 5
split_gain=1.23602 2.98382 1.77446 4.83866
threshold=1.3687799994894279 1.5584433986597308 1.7232219149684849 1.8073464410912978
decision_type=2 2 2 2
left_child=-1 -2 -3 -4
right_child=1 2 3 -5
leaf_value=-0.13613943167280887 0.15686760199023303 -0.13585137720592816 0.22365125053710724 -0.00042334699269059629
leaf_weight=0.66042205691337486 1.2192649319767941 0.95737168192863364 0.96810466051101585 211.62328743189573
leaf_count=4 4 5 2 704
internal_value=0.000455934 0.000875971 -1.46689e-05 0.00059705
internal_weight=215.428 214.768 213.549 212.591
internal_count=719 715 711 706
is_linear=0
shrinkage=0.1


Tree=48
num_leaves=10
num_cat=0
split_feature=0 0 1 1 6 2 8 5 0
split_gain=1.17585 3.45556 5.94651 8.81919 4.40648 3.32033 3.00883 2.75711 3.81829
threshold=1.0235936821719147 1.0010466479288882 0.9018092931205961 0.8674031732398445 5.4943833203264427 0.73256062808053191 6.5839766457645128 7.1388015858660996 1.0780347288310406
decision_type=2 2 2 2 2 2 2 2 2
left_child=1 2 3 -1 6 7 -3 8 -2
right_child=5 4 -4 -5 -6 -7 -8 -9 -10
leaf_value=-0.0053298992865187574 -0.029960462315507631 0.03949513704873274 -0.085323421461902457 0.083720741082062108 0.093195852230088194 -0.072260290734976848 -0.046864242523557427 -0.069792564220773373 0.029832710089988158
leaf_weight=110.5619989708066 17.809289149940014 11.045172795653349 8.0049498975276929 12.365066900849341 9.30740939080715 7.8495290800929061 6.3560318499803534 5.3965203613042823 26.67825872451067
leaf_count=371 65 35 29 34 25 31 22 21 86
internal_value=0.000404665 0.00487622 -0.00181072 0.00362758 0.0376572 -0.0118048 0.00795117 -0.00229185 0.00589626
internal_weight=215.374 157.641 130.932 122.927 26.7086 57.7336 17.4012 49.8841 44.4875
internal_count=719 516 434 405 82 203 57 172 151
is_linear=0
shrinkage=0.1


Tree=49
num_leaves=11
num_cat=0
split_feature=1 1 2 2 2 3 0 9 2 0
split_gain=1.23283 5.9019 4.33468 4.21172 6.85639 5.29329 4.41646 5.39448 3.15484 3.04862
threshold=0.81040184324599263 0.82748401456539511 0.86739432759517543 0.60660909839051957 0.59675928075982632 1.0464626113701845 0.86398092880079969 6.1352064852520689 0.62795848942349453 0.93850094941913775
decision_type=2 2 2 2 2 2 2 2 2 2
left_child=3 9 8 4 5 -1 7 -5 -3 -2
right_child=1 2 -4 6 -6 -7 -8 -9 -10 -11
leaf_value=0.011013902274383291 -0.10580748868748935 0.033899851365881965 0.063139556980486691 -0.05212900314993435 -0.11889259828903385 -0.088669302711726183 0.079905069044935717 0.030447547903205602 -0.016609516608381041 -0.011699642140269629
leaf_weight=45.54311116039753 8.425329238176344 15.596415691077707 10.259280130267141 10.159750126302241 5.4187982231378546 6.0325909107923499 12.180648252367972 35.743345588445663 59.705350324511528 5.8203348219394675
leaf_count=151 34 50 31 42 21 24 33 108 204 21
internal_value=0.00037075 -0.00776254 0.00215993 0.0074247 -0.011888 -0.000645619 0.0263753 0.0121708 -0.00614807 -0.067358
internal_weight=214.885 99.8067 85.561 115.078 56.9945 51.5757 58.0837 45.9031 75.3018 14.2457
internal_count=719 340 285 379 196 175 183 150 254 55
is_linear=0
shrinkage=0.1


Tree=50
num_leaves=6
num_cat=0
split_feature=7 7 5 4 7
split_gain=1.1938 2.02579 2.73269 2.86406 2.6677
threshold=12.801399491462805 11.445381523791982 7.6502312972953659 6.6982707444151623 12.033427254566009
decision_type=2 2 2 2 2
left_child=1 2 3 -1 -3
right_child=-2 4 -4 -5 -6
leaf_value=0.0039001533693628189 0.040387885575859331 -0.08483798004119511 0.059171546676793786 -0.033375982808318716 0.0027596950201502525
leaf_weight=161.5485589876771 7.1906604170799246 6.4764682650566083 7.9077214300632468 23.62650990486145 7.5056059211492538
leaf_count=540 21 24 25 85 24
internal_value=0.000331831 -0.00105918 0.00160252 -0.000855913 -0.0378154
internal_weight=214.256 207.065 193.083 185.175 13.9821
internal_count=719 698 650 625 48
is_linear=0
shrinkage=0.1


Tree=51
num_leaves=9
num_cat=0
split_feature=3 3 4 6 7 1 2 2
split_gain=1.05763 7.60145 2.87017 7.72576 2.69708 1.97725 4.77256 3.28207
threshold=0.49207117383996574 0.49537760054563501 3.676159674449444 5.2928758660143957 9.8246225286600897 0.79128459478471869 0.55194373775444372 0.50134858544502225
decision_type=2 2 2 2 2 2 2 2
left_child=2 -2 -1 -4 -5 7 -7 -3
right_child=1 5 3 4 -6 6 -8 -9
leaf_value=0.068920793061481522 -0.17031738214862779 -0.036879608022657058 -0.081765088819888823 0.078692966599247433 -0.0038365873920144355 0.066437836717739895 -0.016827584240549632 0.018832053174800967
leaf_weight=8.0070941150188464 2.6637981086969367 12.350706540048121 7.8102855607867268 8.3817361742258054 7.5058109462261191 7.4805630147457114 86.274767532944679 73.523666597902775
leaf_count=22 12 49 30 23 24 21 301 237
internal_value=0.000302111 -0.00262973 0.0171593 -0.00033006 0.0397032 -0.000143023 -0.010184 0.0108194
internal_weight=213.998 182.294 31.7049 23.6978 15.8875 179.63 93.7553 85.8744
internal_count=719 620 99 77 47 608 322 286
is_linear=0
shrinkage=0.1


Tree=52
num_leaves=9
num_cat=0
split_feature=2 2 1 1 1 2 1 9
split_gain=1.02085 7.13692 6.61285 7.93858 6.28604 2.59101 2.64384 3.36211
threshold=0.67129075218692191 0.67950951121005931 0.77618509753798559 0.72978140010948023 0.82748401456539511 0.66169998503986738 0.88888954465072667 4.0810946340146881
decision_type=2 2 2 2 2 2 2 2
left_child=5 -2 3 -3 -4 6 7 -1
right_child=1 2 4 -5 -6 -7 -8 -9
leaf_value=-0.067768854494160244 0.099029383339827165 -0.056337916939425303 -0.070549175789381316 0.079171821402007125 0.00062657691345403398 -0.063156713557892305 0.051041238186520489 -0.0012207558386213191
leaf_weight=8.3281682729721052 7.8564739823341361 5.7224921286106136 15.947575181722639 17.679373346269131 55.910908825695515 7.5015073567628852 8.5276295244693738 85.852416902780533
leaf_count=40 21 21 62 52 186 27 27 283
internal_value=0.000269895 0.00742149 -0.000133748 0.0460354 -0.0151695 -0.00642144 -0.00227766 -0.00710545
internal_weight=213.327 103.117 95.2603 23.4019 71.8585 110.21 102.708 94.1806
internal_count=719 342 321 73 248 377 350 323
is_linear=0
shrinkage=0.1


Tree=53
num_leaves=5
num_cat=0
split_feature=7 9 6 4
split_gain=1.07163 1.66431 2.86415 2.95313
threshold=12.801399491462805 10.858990469319982 7.2445769277732337 7.6786325969342224
decision_type=2 2 2 2
left_child=1 2 3 -1
right_child=-2 -3 -4 -5
leaf_value=0.00079175592580568483 0.038356516316713607 -0.047428934053977662 0.054351291482094138 -0.057626819695328062
leaf_weight=179.71561938524246 7.1310170888900748 7.4647344648838034 9.4646778851747495 9.0910050272941572
leaf_count=607 21 26 30 35
internal_value=0.00024569 -0.00107527 0.000669904 -0.00202109
internal_weight=212.867 205.736 198.271 188.807
internal_count=719 698 672 642
is_linear=0
shrinkage=0.1


Tree=54
num_leaves=5
num_cat=0
split_feature=4 4 6 2
split_gain=1.06385 3.67125 1.77902 1.69024
threshold=1.9373146295547488 2.2624206542968754 2.1919759928211238 0.50936431060169107
decision_type=2 2 2 2
left_child=-1 -2 -3 -4
right_child=1 2 3 -5
leaf_value=0.043242076121675882 -0.12803907409939036 0.077371981117141581 -0.033726190097746175 0.0018608390186279475
leaf_weight=5.5976277515292159 2.2479073256254187 2.9636306241154662 14.369451031088827 187.45617536455393
leaf_count=20 15 11 54 619
internal_value=0.000224488 -0.000938571 0.000456571 -0.000672863
internal_weight=212.635 207.037 204.789 201.826
internal_count=719 699 684 673
is_linear=0
shrinkage=0.1


Tree=55
num_leaves=5
num_cat=0
split_feature=4 7 9 7
split_gain=1.01679 2.88418 3.90744 3.40075
threshold=8.8248019142937313 11.925922522949724 10.520118137937088 10.491361228188016
decision_type=2 2 2 2
left_child=1 2 3 -1
right_child=-2 -3 -4 -5
leaf_value=-0.0019108753272486395 -0.035243020858670239 0.051608592409531119 -0.068256429233536267 0.051964225337942815
leaf_weight=172.80905512720346 7.7988491356372824 10.895268023014067 8.3332458585500699 12.568658187985418
leaf_count=591 28 32 30 38
internal_value=0.000195574 0.00154636 -0.00126938 0.00174187
internal_weight=212.405 204.606 193.711 185.378
internal_count=719 691 659 629
is_linear=0
shrinkage=0.1


Tree=56
num_leaves=7
num_cat=0
split_feature=3 3 3 1 0 7
split_gain=1.03763 1.59358 6.34517 3.35469 3.32375 1.84346
threshold=0.33911771102556831 0.49207117383996574 0.49537760054563501 0.84389705533932624 0.89793406989253699 7.2373046875000009
decision_type=2 2 2 2 2 2
left_child=-1 3 -3 4 -2 -4
right_child=1 2 5 -5 -6 -7
leaf_value=-0.062444945092809123 0.03562657316171812 -0.15966437633217284 0.010759359010142081 0.069608275100441916 -0.049301961689845436 -0.0096334016485858029
leaf_weight=2.6132155358791342 10.352513268589979 2.5331484079360953 81.900367110967636 9.9990429133176786 8.304645009338854 96.628356456756592
leaf_count=9 31 12 283 28 31 325
internal_value=0.000179462 0.000959801 -0.00250808 0.0228713 -0.00217668 -0.000278187
internal_weight=212.331 209.718 181.062 28.6562 18.6572 178.529
internal_count=719 710 620 90 62 608
is_linear=0
shrinkage=0.1


Tree=57
num_leaves=8
num_cat=0
split_feature=6 6 5 7 7 8 4
split_gain=1.10407 4.36647 2.99286 1.94283 7.81264 1.9327 6.2986
threshold=6.3997133179054613 6.1036291814700432 6.4701126991915157 10.491361228188016 9.8873379530578536 9.8149516377285568 7.6326640724855688
decision_type=2 2 2 2 2 2 2
left_child=1 3 -2 4 -1 -4 -7
right_child=2 -3 5 -5 -6 6 -8
leaf_value=0.0015156828851436259 0.076949594705616381 -0.085553828984417088 0.041445134445794923 0.048829872451737838 -0.1180339513768629 -0.063728551327905933 0.026369892296858106
leaf_weight=142.91880319267511 6.4157465398311606 6.284265160560607 10.344579413533209 7.5847359746694556 5.683793067932128 12.571768656373022 20.268318220973015
leaf_count=490 18 24 33 23 23 44 64
internal_value=0.000161135 -0.00382554 0.0132199 -0.000537171 -0.00305688 0.00375192 -0.00812139
internal_weight=212.072 162.472 49.6004 156.187 148.603 43.1847 32.8401
internal_count=719 560 159 536 513 141 108
is_linear=0
shrinkage=0.1


Tree=58
num_leaves=11
num_cat=0
split_feature=6 4 7 9 6 0 5 7 5 1
split_gain=1.03434 3.34018 3.17052 2.77275 4.21849 3.68575 2.48286 2.19217 1.9432 2.9956
threshold=5.0143524330457447 5.0047582347165909 7.1255341336880234 8.4806194019136623 5.9103010745730993 0.75140414539487954 5.3467044825262136 7.8343553830378845 4.6359416982870609 0.91749061105927476
decision_type=2 2 2 2 2 2 2 2 2 2
left_child=1 8 -2 4 -4 -5 7 -3 9 -1
right_child=2 6 3 5 -6 -7 -8 -9 -10 -11
leaf_value=0.0016856290140331424 0.058211850645230157 -0.036395793181104273 -0.0060512603716996686 -0.043354771400837239 -0.10836007090996147 0.021745288700161989 0.012709550313684169 -0.12153981168392172 0.047383043935384755 -0.072521071946770821
leaf_weight=78.022316314280033 10.960601300001143 7.6521008312702197 18.910838752985004 10.275144740939139 5.1217909902334204 56.619952484965324 5.0822412371635428 4.9995608031749725 8.2471895366907102 5.8477031216025344
leaf_count=275 32 27 62 36 22 178 18 21 24 24
internal_value=0.000146409 -0.00658478 0.00740365 0.00127913 -0.0278551 0.0117459 -0.0463269 -0.0700422 0.00106616 -0.00348831
internal_weight=211.739 109.851 101.888 90.9277 24.0326 66.8951 17.7339 12.6517 92.1172 83.87
internal_count=719 389 330 298 84 214 66 48 323 299
is_linear=0
shrinkage=0.1


Tree=59
num_leaves=5
num_cat=0
split_feature=4 7 8 3
split_gain=0.994353 2.20832 2.92311 2.89782
threshold=8.8248019142937313 11.925922522949724 10.877836934415074 0.33911771102556831
decision_type=2 2 2 2
left_child=1 2 3 -1
right_child=-2 -3 -4 -5
leaf_value=-0.13353895295962545 -0.034987608496337724 0.045574950126690383 -0.069809879847502226 0.0023647804847140835
leaf_weight=1.582372561097144 7.767535373568534 10.751287028193472 5.9809264391660681 184.95334773510695
leaf_count=6 28 32 22 631
internal_value=0.000126802 0.00146864 -0.000994522 0.00121192
internal_weight=211.035 203.268 192.517 186.536
internal_count=719 691 659 637
is_linear=0
shrinkage=0.1


Tree=60
num_leaves=5
num_cat=0
split_feature=6 3 0 3
split_gain=1.10474 1.60486 3.00786 2.49066
threshold=7.8791953613811456 1.2130537119775471 0.60513306603060513 1.0825790218069671
decision_type=2 2 2 2
left_child=1 2 -1 -4
right_child=-2 -3 3 -5
leaf_value=-0.088502327804429376 0.033847167554027967 -0.052249916072206859 -0.00039640514099990442 0.059252734535118812
leaf_weight=3.755404904484748 9.2829936593770963 6.0294208228588095 184.72858515381813 7.2758296877145758
leaf_count=19 30 22 626 22
internal_value=0.000116973 -0.00143473 0.000130381 0.00186394
internal_weight=211.072 201.789 195.76 192.004
internal_count=719 689 667 648
is_linear=0
shrinkage=0.1


Tree=61
num_leaves=6
num_cat=0
split_feature=2 0 1 1 1
split_gain=1.03983 2.10357 4.44028 2.79736 3.52521
threshold=0.96032052908194154 0.71803719901282725 0.74798942114782996 0.70297556135090489 0.70509144006578361
decision_type=2 2 2 2 2
left_child=1 2 -1 -3 -5
right_child=-2 3 -4 4 -6
leaf_value=0.0083049665661388671 0.037766219764830668 0.094519992234173733 -0.10232877364836035 -0.10460334979425079 0.0018755622600032653
leaf_weight=8.8037753254175168 7.0840042680501929 3.1889889091253272 6.1703087091445914 3.1632152795791617 182.31687787920237
leaf_count=31 23 9 27 14 615
internal_value=0.000103157 -0.001207 -0.0372834 0.00165627 5.96492e-05
internal_weight=210.727 203.643 14.9741 188.669 185.48
internal_count=719 696 58 638 629
is_linear=0
shrinkage=0.1


Tree=62
num_leaves=9
num_cat=0
split_feature=1 1 2 9 1 4 2 0
split_gain=0.999748 4.27875 3.5263 3.04315 3.3925 3.13965 2.35132 2.16467
threshold=0.81040184324599263 0.82748401456539511 0.86739432759517543 4.0524803417881738 0.79977368168222085 6.767350379911961 0.62795848942349453 0.93850094941913775
decision_type=2 2 2 2 2 2 2 2
left_child=3 7 6 -1 5 -5 -3 -2
right_child=1 2 -4 4 -6 -7 -8 -9
leaf_value=-0.059228521964050568 -0.091839334477828605 0.02840864071026758 0.0568864712546348 0.013657523061296487 0.067043725420767294 -0.03258973204750043 -0.015457528341025468 -0.011715128649061976
leaf_weight=6.6240069791674605 8.1497819051146489 15.431424632668493 10.017029181122778 78.012355804443359 9.6875045597553235 18.081831812858582 58.706501439213753 5.7512982785701743
leaf_count=36 34 50 31 250 27 66 204 21
internal_value=8.66848e-05 -0.00729263 0.00119734 0.00652396 0.0106413 0.00495528 -0.00632701 -0.0586895
internal_weight=210.462 98.056 84.155 112.406 105.782 96.0942 74.1379 13.9011
internal_count=719 340 285 379 343 316 254 55
is_linear=0
shrinkage=0.1


Tree=63
num_leaves=10
num_cat=0
split_feature=6 5 4 9 5 7 1 1 9
split_gain=1.07029 3.36724 4.01757 4.5082 2.53233 2.42161 2.33489 2.42978 0.898763
threshold=6.4672109030662739 6.4065377756616941 6.2463672409045854 8.8064047960422585 7.1388015858660996 8.857643127441408 0.89990427937128326 0.82748401456539511 9.845767563078871
decision_type=2 2 2 2 2 2 2 2 2
left_child=1 2 3 -1 8 -4 7 -6 -2
right_child=4 -3 5 -5 6 -7 -8 -9 -10
leaf_value=-0.001577189127739494 0.073883012566162962 -0.064326897234399869 -0.0069759423502345555 -0.080676216017693952 -0.015928956065895204 0.073084077924437316 -0.062756880191139758 0.045290535709159953 0.023855765742083649
leaf_weight=130.65257995575666 7.0391539484262449 8.6806191280484182 5.7294306159019497 7.6260150521993628 15.371273905038839 11.093090787529944 5.3072027117013922 11.212105661630629 7.3313276171684265
leaf_count=453 21 37 20 28 52 31 20 35 22
internal_value=7.57929e-05 -0.00371799 -0.000325863 -0.00593947 0.0135072 0.0458172 -0.00219844 0.00989167 0.0483608
internal_weight=210.043 163.782 155.101 138.279 46.2611 16.8225 31.8906 26.5834 14.3705
internal_count=719 569 532 481 150 51 107 87 43
is_linear=0
shrinkage=0.1


Tree=64
num_leaves=9
num_cat=0
split_feature=4 8 8 4 8 5 8 4
split_gain=1.01876 4.17876 5.92748 7.3632 4.51108 3.70477 3.29298 3.15237
threshold=2.8750998377799992 5.1480926602728694 4.7887801802435082 3.4699096679687504 5.4361903842960109 2.5915711427237356 5.7183131272986722 1.9373146295547488
decision_type=2 2 2 2 2 2 2 2
left_child=5 2 3 -2 -3 7 -6 -1
right_child=1 4 -4 -5 6 -7 -8 -9
leaf_value=0.039471828500764354 -0.091984855665767584 0.076843149370631206 -0.14132249507718009 0.048312019019692135 -0.073423271025437525 0.072783756068944341 0.002115228987175441 -0.065116784519419837
leaf_weight=5.5404609739780444 6.7745575457811382 7.8708430826663962 4.8736873567104331 8.3536917120218259 5.9929068684577933 8.2606231123208982 155.86846516281366 6.0055882185697556
leaf_count=20 28 23 20 27 24 26 519 32
internal_value=7.17336e-05 -0.00218113 -0.0454123 -0.0145141 0.00291341 0.0216526 -0.000681579 -0.0149291
internal_weight=209.541 189.734 20.0019 15.1282 169.732 19.8067 161.861 11.546
internal_count=719 641 75 55 566 78 543 52
is_linear=0
shrinkage=0.1


Tree=65
num_leaves=6
num_cat=0
split_feature=6 3 5 8 5
split_gain=1.0343 3.19438 2.32508 3.66696 3.61132
threshold=2.6201257015618289 1.0014874644149991 2.6312873865584341 4.0334948154490018 3.0846022177848189
decision_type=2 2 2 2 2
left_child=1 -1 -2 -4 -5
right_child=2 -3 3 4 -6
leaf_value=-0.011038220775189317 -0.093923540825957164 0.090769639995826268 0.090141839627750367 -0.079862255880550792 -0.0001001769882174102
leaf_weight=8.2024204172193986 2.6999999135732642 4.9369002878665915 4.3643676340579978 5.8580734133720389 183.04322779923677
leaf_count=36 14 17 14 23 615
internal_value=5.36737e-05 0.0272145 -0.00176744 -0.000479979 -0.0025737
internal_weight=209.105 13.1393 195.966 193.266 188.901
internal_count=719 53 666 652 638
is_linear=0
shrinkage=0.1


Tree=66
num_leaves=11
num_cat=0
split_feature=0 0 1 1 6 0 9 5 8 6
split_gain=1.09 2.52545 4.84966 6.09368 3.83266 2.51322 2.28351 4.59434 3.18223 1.76432
threshold=1.0235936821719147 1.0010466479288882 0.9018092931205961 0.8674031732398445 5.8706203721089922 1.0352241639202655 7.1771177953157617 6.1923997122222243 7.025256415029161 3.8860793792042245
decision_type=2 2 2 2 2 2 2 2 2 2
left_child=1 2 3 -1 9 -2 8 -8 -7 -3
right_child=5 4 -4 -5 -6 6 7 -9 -10 -11
leaf_value=-0.0039091006973963989 -0.073780593819118237 0.048248362931647797 -0.077264545194765694 0.071328417849432391 0.096532430402781894 -0.0010002544713655572 -0.076507397072085995 0.013466166640545903 0.088144584171516896 -0.014543188487273671
leaf_weight=106.9864114522934 5.8703151717782012 7.2709624171257081 7.8968017697334281 11.969263419508932 6.9313937425613394 22.635053914040331 10.528950721025469 12.311637952923773 4.8651058673858634 11.636081740260122
leaf_count=371 25 24 29 34 20 80 40 44 14 38
internal_value=4.49986e-05 0.00442774 -0.00137652 0.00366126 0.0329235 -0.0118602 -0.00463958 -0.0280094 0.0147705 0.00960416
internal_weight=208.902 152.691 126.852 118.956 25.8384 56.2111 50.3407 22.8406 27.5002 18.907
internal_count=719 516 434 405 82 203 178 84 94 62
is_linear=0
shrinkage=0.1


Tree=67
num_leaves=5
num_cat=0
split_feature=6 3 0 5
split_gain=1.00723 1.48069 2.48671 2.17461
threshold=7.8791953613811456 1.2130537119775471 0.60513306603060513 1.5395476533733972
decision_type=2 2 2 2
left_child=1 2 -1 -4
right_child=-2 -3 3 -5
leaf_value=-0.082796888493007481 0.032520612220773869 -0.050555307634865668 -0.13531569499424148 0.0024590145615130611
leaf_weight=3.5546988546848288 9.1319492757320386 5.9553256481885901 1.1526238024234761 188.62024142965674
leaf_count=19 30 22 7 641
internal_value=4.52803e-05 -0.00144287 7.00046e-05 0.00162221
internal_weight=208.415 199.283 193.328 189.773
internal_count=719 689 667 648
is_linear=0
shrinkage=0.1


Tree=68
num_leaves=10
num_cat=0
split_feature=1 1 9 9 2 3 2 3 4
split_gain=1.01003 3.82088 4.10419 3.39914 3.13337 4.50008 3.80599 3.28639 4.64231
threshold=0.81040184324599263 0.81617060924628115 11.103456972467955 9.845767563078871 0.60660909839051957 1.0464626113701845 0.59040068442871585 0.99305495199443816 6.6623171539977202
decision_type=2 2 2 2 2 2 2 2 2
left_child=4 -2 3 -3 5 6 -1 8 -6
right_child=1 2 -4 -5 7 -7 -8 -9 -10
leaf_value=0.011584191376961185 -0.081349512145071856 0.00076748012822411651 0.073696338509019146 -0.053966241729518777 0.02942224105712132 -0.090215448674814763 -0.066205601620131116 0.07640616802634316 -0.045917402547978242
leaf_weight=41.663631789386272 6.522536762058734 70.069560259580612 6.6206899285316458 13.538763999938963 35.728484474122524 6.2561027109622946 7.4078972190618506 9.6198620572686178 10.606803789734839
leaf_count=142 28 244 19 49 116 26 28 29 38
internal_value=3.57935e-05 -0.00743703 -0.00209399 -0.0080956 0.00653282 -0.0103421 -0.00015905 0.0232185 0.0121759
internal_weight=208.034 96.7516 90.229 83.6083 111.283 55.3276 49.0715 55.9552 46.3353
internal_count=719 340 312 293 379 196 170 183 154
is_linear=0
shrinkage=0.1


Tree=69
num_leaves=11
num_cat=0
split_feature=6 4 1 7 9 6 1 2 3 9
split_gain=0.970738 2.82504 3.486 2.65257 2.52319 5.28197 3.12043 1.94102 3.57919 2.52969
threshold=5.0143524330457447 5.1078157402627937 0.79977368168222085 7.1255341336880234 8.4407154027946891 5.6672919231023773 0.88447817740529422 0.57075818108825704 1.0718486485024168 4.7428686556008488
decision_type=2 2 2 2 2 2 2 2 2 2
left_child=1 7 -3 -2 5 -5 -6 9 -9 -1
right_child=3 2 -4 4 6 -7 -8 8 -10 -11
leaf_value=-0.016325127410201656 0.054493051080032134 -0.10250907999502333 -0.002605420710307713 0.0034536951120402331 0.022358125004026896 -0.10491353901289567 -0.030096878814757033 -0.019031667922773495 0.057462685949668885 0.041917610271697617
leaf_weight=12.00226052105427 10.577754735946653 6.4394303858280164 7.6326556503772736 15.487272873520853 52.878839254379272 6.3386637568473807 14.436980843544005 55.186688110232353 6.8793122172355643 19.693457663059235
leaf_count=50 32 28 27 50 168 28 52 203 22 59
internal_value=3.48891e-05 -0.00654167 -0.0483216 0.00714659 0.00152836 -0.0280182 0.0111083 -0.000271184 -0.0105531 0.0198628
internal_weight=207.553 107.834 14.0721 99.7195 89.1418 21.8259 67.3158 93.7617 62.066 31.6957
internal_count=719 389 55 330 298 78 220 334 225 109
is_linear=0
shrinkage=0.1


Tree=70
num_leaves=7
num_cat=0
split_feature=6 9 5 5 5 5
split_gain=0.97107 5.13696 4.03519 4.9154 1.93208 2.21596
threshold=2.9008717313474155 4.2097076203899606 3.0846022177848189 3.1107516508566491 2.5915711427237356 2.0387643018342483
decision_type=2 2 2 2 2 2
left_child=4 -2 -3 -4 5 -1
right_child=1 2 3 -5 -6 -7
leaf_value=0.039640123401284574 -0.11441565975831849 -0.093065445798652682 0.15530307410518998 0.0007874474919569521 0.051957037570779879 -0.05402568853545156
leaf_weight=4.7726690769195574 3.9940566048026076 4.5215734839439383 2.0831629186868659 176.02931855618954 10.041115932166575 5.3651519566774368
leaf_count=20 20 19 5 595 32 28
internal_value=2.60648e-05 -0.00222715 0.000226317 0.00259463 0.0208653 -0.00992983
internal_weight=206.807 186.628 182.634 178.112 20.1789 10.1378
internal_count=719 639 619 600 80 48
is_linear=0
shrinkage=0.1


Tree=71
num_leaves=9
num_cat=0
split_feature=3 3 3 6 1 2 1 7
split_gain=0.948987 5.49543 2.10351 4.66441 1.74571 2.21428 1.84293 1.4041
threshold=0.49207117383996574 0.49537760054563501 0.47626909517143801 5.6416470497296496 0.79128459478471869 0.50134858544502225 0.8674031732398445 5.7477666165696073
decision_type=2 2 2 2 2 2 2 2
left_child=2 -2 3 7 5 -3 -6 -1
right_child=1 4 -4 -5 6 -7 -8 -9
leaf_value=-0.011365324944713583 -0.15315533438868351 -0.030255796137184956 0.062575746325263817 0.045954145760226661 -0.024276556385756438 0.01647213174175936 0.0042073086268310297 -0.081701230586682702
leaf_weight=6.1103179156780296 2.3978861942887297 11.834386460483072 7.4307876229286185 11.630889862775801 46.26911535859108 70.868994295597076 44.62044569849968 5.3000762388110161
leaf_count=21 12 49 21 36 167 237 155 21
internal_value=1.71409e-05 -0.00280394 0.0163102 0.00138964 -0.000727093 0.00978563 -0.010293 -0.044036
internal_weight=206.463 175.991 30.4721 23.0413 173.593 82.7034 90.8896 11.4104
internal_count=719 620 99 78 608 286 322 42
is_linear=0
shrinkage=0.1


Tree=72
num_leaves=6
num_cat=0
split_feature=4 4 7 6 9
split_gain=0.977605 1.89715 2.939 2.0973 0.728385
threshold=8.8248019142937313 7.9210343456361452 11.180821996211055 7.2359776461540308 10.211838139676525
decision_type=2 2 2 2 2
left_child=1 2 3 -1 -3
right_child=-2 4 -4 -5 -6
leaf_value=-0.00051311832861251601 -0.035332915173547121 0.012415625444063766 -0.058565098830826161 0.058280468017018187 0.06088292846451248
leaf_weight=170.95448874682188 7.5387218594551078 5.6471150517463666 8.5167611390352231 6.2906492352485648 6.8764695972204208
leaf_count=599 28 21 30 20 21
internal_value=1.22638e-05 0.00135607 -0.00118368 0.00157354 0.0390281
internal_weight=205.824 198.285 185.762 177.245 12.5236
internal_count=719 691 649 619 42
is_linear=0
shrinkage=0.1


Tree=73
num_leaves=8
num_cat=0
split_feature=4 4 6 4 5 5 4
split_gain=0.94939 3.39849 4.39492 3.66679 4.13303 2.51223 2.22446
threshold=2.8750998377799992 3.2807922363281254 3.2790538965353155 3.6503752400094531 4.0384849870446589 2.5915711427237356 1.9373146295547488
decision_type=2 2 2 2 2 2 2
left_child=5 2 -2 -3 -5 6 -1
right_child=1 3 -4 4 -6 -7 -8
leaf_value=0.036074263486030038 -0.10868999975357869 0.05223255193447162 0.020571824405282074 -0.054520155671650972 0.0020396991255394949 0.063932678030052231 -0.053710503498145316
leaf_weight=5.4193324372172373 6.4902731329202634 13.038767054677008 4.4227484613656998 14.151434935629366 148.4337155148387 8.0057355388998968 5.622101716697216
leaf_count=20 29 39 15 56 502 26 32
internal_value=1.55003e-05 -0.002156 -0.0563037 0.00120866 -0.00288328 0.0212819 -0.00964254
internal_weight=205.584 186.537 10.913 175.624 162.585 19.0472 11.0414
internal_count=719 641 44 597 558 78 52
is_linear=0
shrinkage=0.1


Tree=74
num_leaves=6
num_cat=0
split_feature=6 9 5 8 8
split_gain=0.941698 2.50724 1.62522 2.97154 3.04989
threshold=2.6201257015618289 4.0971573464998423 2.6312873865584341 4.0334948154490018 4.5959687362891204
decision_type=2 2 2 2 2
left_child=1 -1 -2 -4 -5
right_child=2 -3 3 4 -6
leaf_value=-0.011665921913994463 -0.082051468077980361 0.078151078543282376 0.082805749949035418 -0.062404626125172481 0.0001851644558526457
leaf_weight=7.3440185301005823 2.4869701564311972 5.388327918946743 4.1693030744791022 8.1423951983451825 177.53562313318253
leaf_count=36 14 17 14 33 605
internal_value=6.6406e-06 0.0263446 -0.00173691 -0.000684801 -0.00255954
internal_weight=205.067 12.7323 192.334 189.847 185.678
internal_count=719 53 666 652 638
is_linear=0
shrinkage=0.1


Tree=75
num_leaves=9
num_cat=0
split_feature=0 0 4 4 4 5 0 7
split_gain=0.925685 2.41678 2.3384 2.15029 3.75495 2.37495 1.78649 1.73222
threshold=0.71803719901282725 0.75914030306629754 6.2864498913347502 2.8750998377799992 3.2807922363281254 2.5915711427237356 0.65821402462726775 7.2373046875000009
decision_type=2 2 2 2 2 2 2 2
left_child=6 2 -2 5 -5 -3 7 -1
right_child=1 3 -4 4 -6 -7 -8 -9
leaf_value=0.037027397033027674 0.071763286853909189 -0.00038142329599033823 -0.0099406360802226992 -0.068273978125584139 -0.00085264488381831037 0.080995024596636434 -0.06267793874282758 -0.037600163923059551
leaf_weight=6.5190978720784205 9.2456754073500615 8.1169264279305917 5.6396794468164435 8.7506996095180494 147.48194149136543 6.4253794178366652 6.676296427845954 5.9482812583446503
leaf_count=25 31 39 19 35 502 19 27 22
internal_value=4.11815e-06 0.00216293 0.0408078 -0.00120549 -0.00462896 0.035574 -0.0209326 0.00142202
internal_weight=204.804 185.66 14.8854 170.775 156.233 14.5423 19.1437 12.4674
internal_count=719 645 50 595 537 58 74 47
is_linear=0
shrinkage=0.1


Tree=76
num_leaves=5
num_cat=0
split_feature=0 0 0 6
split_gain=0.839119 1.16156 2.25333 1.31256
threshold=1.2534867737796742 1.1875319480895998 1.1275332610796343 2.1919759928211238
decision_type=2 2 2 2
left_child=1 2 3 -1
right_child=-2 -3 -4 -5
leaf_value=0.045447947188743669 -0.037911088422702445 0.041907613037137047 -0.048405629379030542 0.00043941464658701462
leaf_weight=6.7268093451857558 5.6752295494079581 6.734362080693244 9.2840239405632001 176.11749701946974
leaf_count=28 21 21 38 611
internal_value=3.79476e-06 0.00108583 -0.000345034 0.00209527
internal_weight=204.538 198.863 192.128 182.844
internal_count=719 698 677 639
is_linear=0
shrinkage=0.1


Tree=77
num_leaves=7
num_cat=0
split_feature=1 0 2 0 0 2
split_gain=0.803167 1.77109 3.01654 2.00991 1.46274 1.45014
threshold=0.9778143922543161 1.1275332610796343 0.61874247105075841 1.0939655974507334 1.0235936821719147 0.68139056871577253
decision_type=2 2 2 2 2 2
left_child=1 3 -3 4 -1 -4
right_child=-2 2 5 -5 -6 -7
leaf_value=0.0032160685278311875 0.034505740628922692 0.015325153695028191 -0.10771833081961341 0.051531063232676914 -0.023129446421653568 -0.028015300855418271
leaf_weight=149.10591431707144 6.5306555032730094 7.3329439908266094 4.9151448905467969 7.7534800171852103 24.543305646628141 4.2623430639505386
leaf_count=515 20 25 23 24 95 17
internal_value=1.31286e-06 -0.00113725 -0.0324936 0.00171666 -0.000507565 -0.0707015
internal_weight=204.444 197.913 16.5104 181.403 173.649 9.17749
internal_count=719 699 65 634 610 40
is_linear=0
shrinkage=0.1


Tree=78
num_leaves=9
num_cat=0
split_feature=0 0 7 6 5 8 1 1
split_gain=0.793334 1.89743 2.00728 7.8743 3.11482 2.00554 1.73016 1.91318
threshold=0.71803719901282725 0.75914030306629754 6.5296965416459791 4.3773099512946239 4.5776694698766969 8.5003983324598362 0.74798942114782996 0.82899093133717405
decision_type=2 2 2 2 2 2 2 2
left_child=6 5 4 -4 -3 -2 -1 -8
right_child=1 2 3 -5 -6 -7 7 -9
leaf_value=0.011415743991816824 0.065037669485753943 0.004238041793541451 -0.079434637535013175 0.0011664433874415954 0.068511899639201831 -0.010792580034938659 -0.089986270162748683 -0.0014030863658132445
leaf_weight=9.3367335274815577 9.2081206515431386 54.615566071122885 13.940630748867987 92.848527990281582 8.7474928945302945 5.6142939627170554 5.2362736761569959 4.5624738186597824
leaf_count=34 31 200 54 315 26 19 24 16
internal_value=-5.00967e-06 0.0020002 -0.000989091 -0.0093555 0.0131113 0.0363154 -0.0193885 -0.0487403
internal_weight=204.11 184.975 170.152 106.789 63.3631 14.8224 19.1355 9.79875
internal_count=719 645 595 369 226 50 74 40
is_linear=0
shrinkage=0.1


Tree=79
num_leaves=7
num_cat=0
split_feature=1 1 1 3 2 0
split_gain=0.856396 1.44766 2.1489 1.82571 7.47301 1.8691
threshold=0.70711663744572706 0.72079639985418253 0.71621241530843949 1.0369276484974097 0.60660909839051957 1.1251974114390253
decision_type=2 2 2 2 2 2
left_child=-1 2 -2 5 -5 -3
right_child=1 3 -4 4 -6 -7
leaf_value=-0.028645674350720896 0.00042456763229711852 0.0070204170622441102 0.072702551922498068 -0.10734659881469917 0.010907290284826931 -0.026792827720521325
leaf_weight=9.9333877116441709 10.339449658989908 133.15573570504785 6.8310985639691344 7.8097257837653187 16.925875321030617 18.635747633874416
leaf_count=37 35 458 22 36 59 72
internal_value=-8.58483e-06 0.00146001 0.0291795 -0.00123623 -0.0264288 0.0028691
internal_weight=203.631 193.698 17.1705 176.527 24.7356 151.791
internal_count=719 682 57 625 95 530
is_linear=0
shrinkage=0.1


Tree=80
num_leaves=5
num_cat=0
split_feature=6 3 0 3
split_gain=0.791992 1.19391 2.18139 1.96763
threshold=7.8791953613811456 1.2130537119775471 0.60513306603060513 1.0825790218069671
decision_type=2 2 2 2
left_child=1 2 -1 -4
right_child=-2 -3 3 -5
leaf_value=-0.079025753600147033 0.029354246948776364 -0.04608342918508266 -0.00053039885446643713 0.053929348310582582
leaf_weight=3.4266754314303389 8.7866026908159238 5.7860196977853766 178.33613872528076 6.8906039819121352
leaf_count=19 30 22 626 22
internal_value=-1.22752e-05 -0.00133933 3.29752e-05 0.00149555
internal_weight=203.226 194.439 188.653 185.227
internal_count=719 689 667 648
is_linear=0
shrinkage=0.1


Tree=81
num_leaves=5
num_cat=0
split_feature=4 7 9 7
split_gain=0.850686 1.73501 2.86963 2.89217
threshold=8.8248019142937313 11.925922522949724 10.520118137937088 10.491361228188016
decision_type=2 2 2 2
left_child=1 2 3 -1
right_child=-2 -3 -4 -5
leaf_value=-0.001789543259882437 -0.033092862390311596 0.041158868466217462 -0.059556419097702346 0.048801608362924714
leaf_weight=164.97169104963541 7.4870744794607154 10.320379659533499 7.9993098825216284 12.130825415253637
leaf_count=591 28 32 30 38
internal_value=-1.2932e-05 0.00125444 -0.000970441 0.00167575
internal_weight=202.909 195.422 185.102 177.103
internal_count=719 691 659 629
is_linear=0
shrinkage=0.1


Tree=82
num_leaves=7
num_cat=0
split_feature=6 4 9 5 9 6
split_gain=0.784368 1.33329 4.46882 4.32293 3.63376 3.18239
threshold=7.8791953613811456 6.6982707444151623 8.5194745705585291 6.2582758449729825 8.7313001380445066 7.0170036891224781
decision_type=2 2 2 2 2 2
left_child=1 3 -3 4 -1 -4
right_child=-2 2 5 -5 -6 -7
leaf_value=0.0030963423695343447 0.029243010339408244 -0.093771408520522834 0.026796840582816818 0.066473178575360434 -0.055944706891104881 -0.0351308816509475
leaf_weight=133.01329755783081 8.7701797038316709 6.4611956104636183 17.313444003462791 9.9951974451541883 11.310775369405745 15.936294853687285
leaf_count=473 30 32 56 30 41 57
internal_value=-9.02467e-06 -0.00133122 -0.0176724 0.00287384 -0.00153074 -0.00288455
internal_weight=202.8 194.03 39.7109 154.319 144.324 33.2497
internal_count=719 689 145 544 514 113
is_linear=0
shrinkage=0.1


Tree=83
num_leaves=9
num_cat=0
split_feature=1 1 9 9 1 4 6 0
split_gain=0.74107 3.40672 3.23579 3.03256 2.22377 1.82784 3.55235 2.98647
threshold=0.81040184324599263 0.81617060924628115 11.103456972467955 9.845767563078871 0.80243620646506397 6.767350379911961 4.9480971731703791 0.81250000003001344
decision_type=2 2 2 2 2 2 2 2
left_child=4 -2 3 -3 5 6 -1 -7
right_child=1 2 -4 -5 -6 7 -8 -9
leaf_value=-0.0047245795471171914 -0.078033189205107573 0.0017071197567759674 0.067268567235787113 -0.050489069722633499 0.064270808754126607 0.019000790949790652 0.040734469449807298 -0.062948288444436118
leaf_weight=59.811867445707321 6.2164495512843123 68.420026618987322 6.3598346710205069 13.293618410825728 6.1045024544000617 7.9654588475823429 24.122864320874214 10.067744359374045
leaf_count=220 28 244 19 49 18 26 73 42
internal_value=-8.2202e-06 -0.00648695 -0.00143703 -0.00678444 0.00564427 0.00213448 0.00834036 -0.0267505
internal_weight=202.362 94.2899 88.0735 81.7136 108.072 101.968 83.9347 18.0332
internal_count=719 340 312 293 379 361 293 68
is_linear=0
shrinkage=0.1


Tree=84
num_leaves=7
num_cat=0
split_feature=1 7 7 2 7 3
split_gain=0.72643 1.36982 6.61582 4.93329 3.49106 2.87474
threshold=0.70711663744572706 9.0802629235750221 9.4887029606682898 0.73287571566825294 8.7625254425391308 0.9881436956423546
decision_type=2 2 2 2 2 2
left_child=-1 4 -3 -4 5 -2
right_child=1 2 3 -5 -6 -7
leaf_value=-0.026482258287184198 0.008533471516264924 0.088948003755549732 0.020531094511410348 -0.043134148954312675 -0.081861530938586127 -0.025678643563148154
leaf_weight=9.8548671901226026 86.946894630789757 9.7836741134524328 37.276482231914997 18.071793526411057 5.604194037616252 34.229712545871735
leaf_count=37 303 29 125 66 23 136
internal_value=-3.5038e-06 0.0013562 0.0131434 -0.000256276 -0.0046993 -0.00113069
internal_weight=201.768 191.913 65.1319 55.3483 126.781 121.177
internal_count=719 682 220 191 462 439
is_linear=0
shrinkage=0.1


Tree=85
num_leaves=6
num_cat=0
split_feature=6 8 5 1 1
split_gain=0.76615 2.49554 1.90108 1.5346 1.39942
threshold=7.2445769277732337 11.328381490601558 7.5369327187757262 0.9778143922543161 0.81040184324599263
decision_type=2 2 2 2 2
left_child=2 -2 3 4 -1
right_child=1 -3 -4 -5 -6
leaf_value=0.0058905617038012221 0.053449529215303118 -0.020939622193690045 -0.061503720380558284 0.050235077923901153 -0.01232620050894458
leaf_weight=98.478668909519911 9.9041098430752772 8.2796828597784025 5.2067201882600775 5.8349419683217993 73.751990120857954
leaf_count=347 34 29 20 17 272
internal_value=-5.1854e-07 0.0195777 -0.00194302 -0.000201434 -0.00191015
internal_weight=201.456 18.1838 183.272 178.066 172.231
internal_count=719 63 656 636 619
is_linear=0
shrinkage=0.1


Tree=86
num_leaves=9
num_cat=0
split_feature=3 3 4 5 7 2 0 2
split_gain=0.652326 4.82342 1.97576 5.46655 2.38038 1.2928 4.6262 1.9248
threshold=0.49207117383996574 0.49537760054563501 3.676159674449444 5.5503233377409424 9.8246225286600897 0.73256062808053191 0.87735056426620894 0.67129075218692191
decision_type=2 2 2 2 2 2 2 2
left_child=2 -2 -1 -4 -5 7 -7 -3
right_child=1 5 3 4 -6 6 -8 -9
leaf_value=0.05768809001014627 -0.14743106831904107 -0.0028073394590437482 -0.066280452582578975 0.078575079801699949 -0.0039880596674673769 0.0077992675766159541 -0.059291369337545585 0.02515835763786739
leaf_weight=7.5945895239710834 2.2619418650865546 89.067284040153027 8.1904629394412058 6.8705750629305822 7.1012513637542725 30.628719039261341 15.46843048930168 34.00859796255827
leaf_count=22 12 322 32 21 24 111 62 113
internal_value=2.985e-06 -0.00236932 0.0136703 -0.00141374 0.0366119 -0.000429764 -0.0147138 0.0049202
internal_weight=201.192 171.435 29.7569 22.1623 13.9718 169.173 46.0971 123.076
internal_count=719 620 99 77 45 608 173 435
is_linear=0
shrinkage=0.1


Tree=87
num_leaves=8
num_cat=0
split_feature=0 1 1 2 7 4 7
split_gain=0.661932 1.11519 4.84588 3.60246 3.55449 3.12314 2.76768
threshold=1.2534867737796742 0.8674031732398445 0.85253772290809338 0.81457767395205793 7.9740552416143577 4.2483969442236527 10.491361228188016
decision_type=2 2 2 2 2 2 2
left_child=1 2 3 -1 5 -3 -6
right_child=-2 4 -4 -5 6 -7 -8
leaf_value=0.0056344080440257939 -0.034112957901081542 -0.0061645208707297077 -0.077951499163593729 -0.055597535707582718 -0.048473098051872512 0.064508742707092934 0.026733058807026013
leaf_weight=129.5333852879703 5.5312510281801215 9.9453492127358931 8.2111392766237241 10.378034323453901 11.810882292687895 16.841737136244774 8.3549344986677152
leaf_count=453 21 37 33 49 47 51 28
internal_value=3.32686e-07 0.000967595 -0.0032893 0.00109248 0.0143968 0.0382696 -0.0173143
internal_weight=200.607 195.075 148.123 139.911 46.9529 26.7871 20.1658
internal_count=719 698 535 502 163 88 75
is_linear=0
shrinkage=0.1


Tree=88
num_leaves=9
num_cat=0
split_feature=6 6 5 2 2 3 4 9
split_gain=0.738071 3.05633 1.97042 2.18096 6.43139 1.54276 1.84414 0.787372
threshold=6.4672109030662739 6.1447627723059943 7.1388015858660996 0.77124310818257802 0.72391259200484315 0.45090999898065126 6.2463672409045854 9.845767563078871
decision_type=2 2 2 2 2 2 2 2
left_child=1 5 7 4 -4 -1 -7 -2
right_child=2 -3 3 -5 -6 6 -8 -9
leaf_value=-0.042423113381144274 0.068393628008496896 -0.064856385934304622 0.011427652076051949 0.032555546908549858 -0.11981036349411574 -0.0019579579298021079 0.032509112929588677 0.019990446831697917
leaf_weight=8.1217567101120931 6.4861829131841642 7.6512930840253821 14.246929347515112 11.164710119366644 5.0604219734668723 122.69275178387761 17.771881386637688 6.9743942469358444
leaf_count=31 21 30 50 37 20 445 63 22
internal_value=-1.19164e-06 -0.00322115 0.0114499 -0.00262564 -0.0229696 -4.73082e-05 0.00240289 0.0433143
internal_weight=200.17 156.238 43.9326 30.4721 19.3074 148.586 140.465 13.4606
internal_count=719 569 150 107 70 539 508 43
is_linear=0
shrinkage=0.1


Tree=89
num_leaves=7
num_cat=0
split_feature=1 7 7 2 7 1
split_gain=0.676948 1.1854 5.49154 3.51501 2.68745 2.6615
threshold=0.70711663744572706 9.0802629235750221 9.4887029606682898 0.73287571566825294 8.7625254425391308 0.77823502514860565
decision_type=2 2 2 2 2 2
left_child=-1 4 -3 -4 5 -2
right_child=1 2 3 -5 -6 -7
leaf_value=-0.025575944426447773 0.016141444475646801 0.082426565603001323 0.017843490438729247 -0.036101613368184314 -0.072626109941146627 -0.013960047358330502
leaf_weight=9.8369992822408658 51.003641728311777 9.5306253731250745 36.90898223221302 17.954555280506611 5.5081203281879416 69.260663252323866
leaf_count=37 184 29 125 66 23 255
internal_value=3.69888e-06 0.00132689 0.012361 0.0001895 -0.00432243 -0.00119412
internal_weight=200.004 190.167 64.3942 54.8635 125.772 120.264
internal_count=719 682 220 191 462 439
is_linear=0
shrinkage=0.1


Tree=90
num_leaves=6
num_cat=0
split_feature=6 8 5 1 7
split_gain=0.743653 2.00687 1.48704 1.29047 1.10349
threshold=7.2445769277732337 11.328381490601558 7.5369327187757262 0.9778143922543161 9.8246225286600897
decision_type=2 2 2 2 2
left_child=2 -2 3 4 -1
right_child=1 -3 -4 -5 -6
leaf_value=0.0014946242991778077 0.050264124882128218 -0.016651640411549248 -0.054746241159403991 0.046259446199420719 -0.020773173192290321
leaf_weight=144.49093582108617 9.7090283334255236 8.3248469829559308 5.176194727420806 5.7427040189504615 26.305839017033577
leaf_count=525 34 29 20 17 94
internal_value=5.87972e-06 0.0193743 -0.00191628 -0.000367293 -0.00193503
internal_weight=199.75 18.0339 181.716 176.539 170.797
internal_count=719 63 656 636 619
is_linear=0
shrinkage=0.1


Tree=91
num_leaves=9
num_cat=0
split_feature=6 6 5 6 1 1 1 1
split_gain=0.664091 3.12977 1.91012 1.55227 1.65288 1.2408 5.50596 4.25022
threshold=6.3997133179054613 6.1036291814700432 6.5054179693960572 6.8985288373615363 0.88447817740529422 0.8674031732398445 0.91206488282662634 0.81908075818275172
decision_type=2 2 2 2 2 2 2 2
left_child=1 5 -2 -4 -5 7 -7 -1
right_child=2 -3 3 4 -6 6 -8 -9
leaf_value=0.0034431168270508158 0.059540328556450084 -0.07562013010924995 -0.031787891135784375 0.027366939897156797 -0.027458801516745231 0.060806477860145418 -0.016995591110637646 -0.047947008233203164
leaf_weight=90.574725169688463 6.7811964303255072 5.7377852648496619 10.073748938739298 22.059430837631229 7.3247157186269751 15.580697923898695 21.854844395071268 19.570988692343235
leaf_count=329 21 24 37 74 27 48 82 77
internal_value=8.37316e-06 -0.00315963 0.0105128 0.00208698 0.0137003 -0.000342453 0.0153857 -0.00568802
internal_weight=199.558 153.319 46.2391 39.4579 29.3841 147.581 37.4355 110.146
internal_count=719 560 159 138 101 536 130 406
is_linear=0
shrinkage=0.1


Tree=92
num_leaves=7
num_cat=0
split_feature=6 9 5 5 9 6
split_gain=0.635977 4.04457 2.89499 4.08286 1.64696 2.18065
threshold=2.9008717313474155 4.2097076203899606 3.0846022177848189 3.1107516508566491 3.9659041586123909 1.9291317313196492
decision_type=2 2 2 2 2 2
left_child=4 -2 -3 -4 5 -1
right_child=1 2 3 -5 -6 -7
leaf_value=0.030307577259108005 -0.10503601353364485 -0.081496259932690232 0.1463257991242978 0.00069551126121898373 0.043270027453575471 -0.071310059741708953
leaf_weight=4.6781444400548953 3.7196042649447909 4.2194916531443587 1.9471958577632893 169.92583372443914 10.763622976839541 3.8494804054498672
leaf_count=20 20 19 5 595 37 23
internal_value=7.8549e-06 -0.00184334 0.0003364 0.0023454 0.0172627 -0.0155639
internal_weight=199.103 179.812 176.093 171.873 19.2912 8.52762
internal_count=719 639 619 600 80 43
is_linear=0
shrinkage=0.1


Tree=93
num_leaves=5
num_cat=0
split_feature=4 7 9 7
split_gain=0.599163 1.76534 2.40627 2.40689
threshold=8.8248019142937313 11.925922522949724 10.520118137937088 10.491361228188016
decision_type=2 2 2 2
left_child=1 2 3 -1
right_child=-2 -3 -4 -5
leaf_value=-0.001969882873420154 -0.028106055169696505 0.041446228808853978 -0.055881744927156078 0.044727912685718199
leaf_weight=161.62019239738584 7.305223047733306 10.250959277153013 7.7079582363367072 11.846345663070677
leaf_count=591 28 32 30 38
internal_value=1.49907e-06 0.00107415 -0.00121013 0.00121919
internal_weight=198.731 191.425 181.174 173.467
internal_count=719 691 659 629
is_linear=0
shrinkage=0.1


Tree=94
num_leaves=7
num_cat=0
split_feature=6 7 7 5 5 9
split_gain=0.672261 0.923213 6.59942 3.20177 3.19959 1.76868
threshold=7.8791953613811456 7.2373046875000009 7.4980120407417425 5.0973934770393639 4.6759586396342199 6.865531317211822
decision_type=2 2 2 2 2 2
left_child=1 3 -3 4 -1 -4
right_child=-2 2 5 -5 -6 -7
leaf_value=0.0054759078206216213 0.027537067660374556 -0.1129351505898121 -0.046687514089273324 0.062814539814348022 -0.069156443986109026 0.002645121608160432
leaf_weight=76.185610763728619 8.4887569248676282 5.6430700570344916 7.9453712925314894 8.9531804323196393 6.2127840816974631 85.170477882027626
leaf_count=285 30 24 32 28 24 296
internal_value=3.58703e-06 -0.00122583 -0.00792804 0.00601983 -0.000151322 -0.00156432
internal_weight=198.599 190.11 98.7589 91.3516 82.3984 93.1158
internal_count=719 689 352 337 309 328
is_linear=0
shrinkage=0.1


Tree=95
num_leaves=7
num_cat=0
split_feature=0 5 5 2 0 1
split_gain=0.572716 2.16447 2.14145 2.06496 1.96303 1.17933
threshold=0.71803719901282725 1.5395476533733972 1.8073464410912978 0.77124310818257802 0.75914030306629754 0.78069405022082095
decision_type=2 2 2 2 2 2
left_child=3 -2 -3 -1 -4 -5
right_child=1 2 4 5 -6 -7
leaf_value=-0.06061225055351991 -0.1333182365293222 0.10754252762399581 0.03790500915905437 0.038970117135058831 -0.0015739652317545893 -0.024375921281505033
leaf_weight=6.7953139916062382 1.1789873093366612 1.9243614077568043 13.650584124028681 6.1329782605171186 162.8608562014997 5.6432730406522751
leaf_count=28 7 6 46 23 586 23
internal_value=2.12931e-06 0.00173069 0.00262301 -0.0167157 0.00147916 0.00861419
internal_weight=198.186 179.615 178.436 18.5716 176.511 11.7763
internal_count=719 645 638 74 632 46
is_linear=0
shrinkage=0.1


Tree=96
num_leaves=6
num_cat=0
split_feature=4 4 7 6 7
split_gain=0.589141 1.44676 2.53622 1.55164 1.32804
threshold=8.8248019142937313 7.9210343456361452 11.180821996211055 7.2359776461540308 11.925922522949724
decision_type=2 2 2 2 2
left_child=1 2 3 -1 -3
right_child=-2 4 -4 -5 -6
leaf_value=-0.0003542586628908881 -0.027934632100963565 0.0039769051501115727 -0.055164445482677821 0.051970161810599963 0.071053071353920472
leaf_weight=164.63699426501989 7.272718906402587 6.4120277911424619 8.2988880574703199 5.8694241642951956 5.4696162492036819
leaf_count=599 28 25 30 20 17
internal_value=-6.08118e-07 0.00106478 -0.00118057 0.00144693 0.0348549
internal_weight=197.96 190.687 178.805 170.506 11.8816
internal_count=719 691 649 619 42
is_linear=0
shrinkage=0.1


Tree=97
num_leaves=8
num_cat=0
split_feature=3 3 3 3 3 6 0
split_gain=0.586209 2.65625 1.70971 2.86844 1.52764 3.36719 1.51058
threshold=0.49207117383996574 0.49986552551707369 0.50552272801441578 0.52040572699782262 0.47626909517143801 5.7741292033288314 0.92300265077266341
decision_type=2 2 2 2 2 2 2
left_child=4 -2 -3 -4 5 6 -1
right_child=1 2 3 -5 -6 -7 -8
leaf_value=-0.070487631762813183 -0.065771405426885393 0.053301771080546727 -0.053150827445458161 0.0018037285389323953 0.05369554041897201 0.041455747085609541 0.0017054487031467399
leaf_weight=6.2080922871828133 6.3374712578952304 5.8493206799030295 10.157464832067488 146.32544491067529 7.0328747928142539 10.425866961479185 5.4365064054727554
leaf_count=26 27 18 43 532 21 34 18
internal_value=2.69277e-06 -0.0022588 0.000220738 -0.00176343 0.0131093 0.000176257 -0.0367829
internal_weight=197.773 168.67 162.332 156.483 29.1033 22.0705 11.6446
internal_count=719 620 593 575 99 78 44
is_linear=0
shrinkage=0.1


Tree=98
num_leaves=7
num_cat=0
split_feature=8 8 8 7 2 9
split_gain=0.589094 3.50302 2.56627 3.37905 1.874 1.67579
threshold=4.0334948154490018 3.6093490256784033 4.5959687362891204 4.4817727804183969 0.48080428946746884 2.8044403963061222
decision_type=2 2 2 2 2 2
left_child=1 5 -2 -4 -5 -1
right_child=2 -3 3 4 -6 -7
leaf_value=0.028573700841751194 -0.053335946194448126 0.090594002658056172 0.098947225518029383 0.054542377629672435 -0.0026685415223352909 -0.064483717934557386
leaf_weight=3.724987640976904 9.0511829294264299 4.5721043348312378 3.4713576212525359 5.929280921816825 166.57371059060097 4.0274793058633804
leaf_count=17 39 15 10 20 594 24
internal_value=2.79245e-06 0.0211719 -0.00140729 0.00126365 -0.000702085 -0.0197705
internal_weight=197.35 12.3246 185.026 175.974 172.503 7.75247
internal_count=719 56 663 624 614 41
is_linear=0
shrinkage=0.1


Tree=99
num_leaves=7
num_cat=0
split_feature=7 8 7 8 7 8
split_gain=0.557815 3.20601 2.7698 2.29256 1.61019 1.41205
threshold=3.945243433117867 4.5959687362891204 4.4817727804183969 3.6093490256784033 4.8164028358340367 2.8378306096764034
decision_type=2 2 2 2 2 2
left_child=3 -2 -3 5 -4 -1
right_child=1 2 4 -5 -6 -7
leaf_value=0.026120891604700894 -0.068390455772443529 0.090061480602848493 -0.070182640183581765 0.062509856741377143 0.00070903932478128266 -0.05967861067657379
leaf_weight=3.7293572574853879 6.8917716816067687 3.4343894943594924 3.2657533660531035 6.554417185485363 169.30857476592064 3.9495307430624962
leaf_count=17 32 10 15 22 599 24
internal_value=1.26487e-06 -0.00148265 0.00113718 0.0190699 -0.000632497 -0.0180089
internal_weight=197.134 182.9 176.009 14.2333 172.574 7.67889
internal_count=719 656 624 63 614 41
is_linear=0
shrinkage=0.1


end of trees

feature_importances:
rec_tds_L5=105
rec_tds_L3=80
receptions_L10=80
receptions_L3=73
rec_tds_L10=70
targets_L10=61
targets_L3=59
rec_tds_std_L5=57
receptions_L5=51
targets_L5=37

parameters:
[boosting: gbdt]
[objective: binary]
[metric: binary_logloss]
[tree_learner: serial]
[device_type: cpu]
[data_sample_strategy: bagging]
[data: ]
[valid: ]
[num_iterations: 100]
[learning_rate: 0.1]
[num_leaves: 31]
[num_threads: 2]
[seed: 42]
[deterministic: 0]
[force_col_wise: 0]
[force_row_wise: 0]
[histogram_pool_size: -1]
[max_depth: 4]
[min_data_in_leaf: 20]
[min_sum_hessian_in_leaf: 0.001]
[bagging_fraction: 1]
[pos_bagging_fraction: 1]
[neg_bagging_fraction: 1]
[bagging_freq: 0]
[bagging_seed: 400]
[bagging_by_query: 0]
[feature_fraction: 1]
[feature_fraction_bynode: 1]
[feature_fraction_seed: 30056]
[extra_trees: 0]
[extra_seed: 12879]
[early_stopping_round: 0]
[early_stopping_min_delta: 0]
[first_metric_only: 0]
[max_delta_step: 0]
[lambda_l1: 0]
[lambda_l2: 0]
[linear_lambda: 0]
[min_gain_to_split: 0]
[drop_rate: 0.1]
[max_drop: 50]
[skip_drop: 0.5]
[xgboost_dart_mode: 0]
[uniform_drop: 0]
[drop_seed: 17869]
[top_rate: 0.2]
[other_rate: 0.1]
[min_data_per_group: 100]
[max_cat_threshold: 32]
[cat_l2: 10]
[cat_smooth: 10]
[max_cat_to_onehot: 4]
[top_k: 20]
[monotone_constraints: ]
[monotone_constraints_method: basic]
[monotone_penalty: 0]
[feature_contri: ]
[forcedsplits_filename: ]
[refit_decay_rate: 0.9]
[cegb_tradeoff: 1]
[cegb_penalty_split: 0]
[cegb_penalty_feature_lazy: ]
[cegb_penalty_feature_coupled: ]
[path_smooth: 0]
[interaction_constraints: ]
[verbosity: -1]
[saved_feature_importance_type: 0]
[use_quantized_grad: 0]
[num_grad_quant_bins: 4]
[quant_train_renew_leaf: 0]
[stochastic_rounding: 1]
[linear_tree: 0]
[max_bin: 255]
[max_bin_by_feature: ]
[min_data_in_bin: 3]
[bin_construct_sample_cnt: 200000]
[data_random_seed: 175]
[is_enable_sparse: 1]
[enable_bundle: 1]
[use_missing: 1]
[zero_as_missing: 0]
[feature_pre_filter: 1]
[pre_partition: 0]
[two_round: 0]
[header: 0]
[label_column: ]
[weight_column: ]
[group_column: ]
[ignore_column: ]
[categorical_feature: ]
[forcedbins_filename: ]
[precise_float_parser: 0]
[parser_config_file: ]
[objective_seed: 16083]
[num_class: 1]
[is_unbalance: 0]
[scale_pos_weight: 1.95885]
[sigmoid: 1]
[boost_from_average: 1]
[reg_sqrt: 0]
[alpha: 0.9]
[fair_c: 1]
[poisson_max_delta_step: 0.7]
[tweedie_variance_power: 1.5]
[lambdarank_truncation_level: 30]
[lambdarank_norm: 1]
[label_gain: ]
[lambdarank_position_bias_regularization: 0]
[eval_at: ]
[multi_error_top_k: 1]
[auc_mu_weights: ]
[num_machines: 1]
[local_listen_port: 12400]
[time_out: 120]
[machine_list_filename: ]
[machines: ]
[gpu_platform_id: -1]
[gpu_device_id: -1]
[gpu_use_dp: 0]
[num_gpu: 1]

end of parameters

pandas_categorical:[]
