tree
version=v4
num_class=1
num_tree_per_iteration=1
label_index=0
max_feature_idx=9
objective=binary sigmoid:1
feature_names=receptions_L3 receptions_L5 receptions_L10 receptions_std_L5 rec_tds_L3 rec_tds_L5 targets_L3 targets_L5 target_share_L3 target_share_L5
feature_infos=[7.25:14] [8:14] [6.387191790584497:14] [0:7.7781745930520225] [0:2.1640625] [0:2] [8:17.5] [8:17] [0.0184990901274097:0.047619047619047603] [0.018867924528301799:0.047619047619047603]
tree_sizes=753 854 755 753 857 757 866 761 756 757 860 763 755 660 865 760 758 975 771 767 871 662 770 663 874 663 662 664 768 760 664 767 662 761 763 663 768 762 767 863 663 868 963 671 767 665 766 865 868 766 670 772 775 768 667 767 665 767 665 868 865 769 772 765 772 671 771 666 770 768 769 774 770 762 773 773 772 767 665 672 773 766 867 668 773 867 767 870 772 771 770 767 770 873 666 670 771 774 873 768

Tree=0
num_leaves=6
num_cat=0
split_feature=8 8 1 3 1
split_gain=20.0312 8.174 7.16288 7.06194 4.1118
threshold=0.026680835891943356 0.028483992514589152 8.5789643652532828 3.1136392899723071 8.6448215892424134
decision_type=2 2 2 2 2
left_child=3 -2 -3 4 -1
right_child=1 2 -4 -5 -6
leaf_value=-0.75847170924771112 -0.55895331624247202 -0.60963993081773193 -0.74121818792921357 -0.83053053322459103 -0.64156299361596347
leaf_weight=6.204081594944002 13.838009968400003 10.372448831796648 6.8826530128717414 6.5918367207050315 5.8405611515045166
leaf_count=24 39 32 26 28 19
internal_value=-0.665343 -0.616207 -0.662123 -0.747321 -0.701782
internal_weight=49.7296 31.0931 17.2551 18.6365 12.0446
internal_count=168 97 58 71 43
is_linear=0
shrinkage=1


Tree=1
num_leaves=7
num_cat=0
split_feature=8 2 2 3 1 6
split_gain=15.0731 5.87256 8.50495 5.81115 4.59126 3.50979
threshold=0.026680835891943356 7.8167742504915685 8.4654093391287457 3.1136392899723071 9.1649032841444935 11.979010454351284
decision_type=2 2 2 2 2 2
left_child=3 -2 -3 5 -4 -1
right_child=1 2 4 -5 -6 -7
leaf_value=0.08468535027998958 0.036546070077227925 0.20056327502807114 0.019346087813923218 -0.077495978003052857 0.13660550115465625 -0.024306140571296833
leaf_weight=7.2354690134525317 7.7188542187213889 11.265131801366808 6.1732995361089689 6.3889981210231772 7.2732990682125092 4.9937711656093597
leaf_count=24 26 28 22 28 21 19
internal_value=0.071514 0.112686 0.136469 -0.000202099 0.082772 0.040179
internal_weight=51.0488 32.4306 24.7117 18.6182 13.4466 12.2292
internal_count=168 97 71 71 43 43
is_linear=0
shrinkage=0.1


Tree=2
num_leaves=6
num_cat=0
split_feature=8 8 1 2 4
split_gain=11.6408 6.59193 4.88704 4.36635 4.04066
threshold=0.026876990273229102 0.028483992514589152 8.5789643652532828 7.9655940228339519 0.66908917878788554
decision_type=2 2 2 2 2
left_child=3 -2 -3 -1 -5
right_child=1 2 -4 4 -6
leaf_value=-0.057674200227019835 0.15523219200301383 0.10361150009625711 -0.0026033224440224871 0.091561894751887918 -0.01894831426493546
leaf_weight=7.2856102436780956 13.172360122203829 11.164592504501345 7.0782349556684485 6.9156129360198957 6.343566045165062
leaf_count=31 33 32 26 22 24
internal_value=0.0630474 0.101324 0.0624 0.00451769 0.0386907
internal_weight=51.96 31.4152 18.2428 20.5448 13.2592
internal_count=168 91 58 77 46
is_linear=0
shrinkage=0.1


Tree=3
num_leaves=6
num_cat=0
split_feature=8 2 2 1 0
split_gain=9.775 5.54923 3.27017 3.85548 2.21622
threshold=0.024565429434938602 7.8167742504915685 8.4654093391287457 9.4191434232586531 8.6105320930840907
decision_type=2 2 2 2 2
left_child=-1 -2 4 -4 -3
right_child=1 2 3 -5 -6
leaf_value=-0.036217084629437145 0.014764509052764059 0.088418611182529569 0.012599265562507071 0.11113402558226659 0.16267457590269221
leaf_weight=9.4329145401716215 10.973739445209501 7.3965474516153362 7.4701526612043372 8.477459639310835 8.8027306348085386
leaf_count=38 38 21 26 24 21
internal_value=0.0559927 0.0761642 0.0971237 0.0649785 0.128769
internal_weight=52.5535 43.1206 32.1469 15.9476 16.1993
internal_count=168 130 92 50 42
is_linear=0
shrinkage=0.1


Tree=4
num_leaves=7
num_cat=0
split_feature=8 3 3 8 1 1
split_gain=8.0887 6.3716 3.85641 3.58923 4.78879 3.22372
threshold=0.026876990273229102 2.0600016337156881 3.4098312077308126 0.028483992514589152 8.4871896866308045 8.4871896866308045
decision_type=2 2 2 2 2 2
left_child=2 -2 5 -3 -5 -1
right_child=1 3 -4 4 -6 -7
leaf_value=-0.023867012791291196 -0.0017046976972359012 0.15114637545737358 -0.070531520029275013 0.12864322097796907 0.015781169689691506 0.068888421850740567
leaf_weight=6.8165802657604244 7.2128063738346091 10.067672833800318 5.5186037570238105 7.7669472992420179 7.2863738089799881 8.3207129836082441
leaf_count=27 23 23 24 20 25 26
internal_value=0.049912 0.0811395 0.00102992 0.104926 0.0740137 0.0271191
internal_weight=52.9897 32.3338 20.6559 25.121 15.0533 15.1373
internal_count=168 91 77 68 45 53
is_linear=0
shrinkage=0.1


Tree=5
num_leaves=6
num_cat=0
split_feature=8 2 2 0 1
split_gain=6.81459 4.54122 4.61851 3.73322 3.20545
threshold=0.024565429434938602 8.0159193277131848 8.4654093391287457 9.0547306157148189 9.4191434232586531
decision_type=2 2 2 2 2
left_child=-1 3 -3 -2 -4
right_child=1 2 4 -5 -6
leaf_value=-0.033170512051247436 -0.02449005401995788 0.13612280688630843 0.0048087384541940165 0.070634625300403792 0.093767032809886228
leaf_weight=9.2761514782905561 8.8469244986772555 11.045766696333887 7.5797315537929562 7.7309775203466407 8.6995619684457761
leaf_count=38 31 26 26 23 24
internal_value=0.044707 0.0611616 0.0862125 0.0198706 0.0523475
internal_weight=53.1791 43.903 27.3251 16.5779 16.2793
internal_count=168 130 76 54 50
is_linear=0
shrinkage=0.1


Tree=6
num_leaves=7
num_cat=0
split_feature=8 8 8 3 8 1
split_gain=5.72634 5.03727 7.80386 5.00743 2.78792 3.9043
threshold=0.026876990273229102 0.025977645393418753 0.024565429434938602 2.0600016337156881 0.028483992514589152 8.4871896866308045
decision_type=2 2 2 2 2 2
left_child=1 2 -1 -2 -5 -6
right_child=3 -3 -4 4 5 -7
leaf_value=-0.030246683398183677 -0.0072630518611363831 -0.084656328594625338 0.11569373392504595 0.12781371860792626 0.10894517413219412 0.0079437935028903121
leaf_weight=9.1618009209632891 7.2300984710454932 5.3480708748102179 6.1059362590312949 10.108628392219545 7.9237965047359449 7.4029595106840134
leaf_count=38 23 21 18 23 20 25
internal_value=0.0401291 -0.00113716 0.0281184 0.0661731 0.0870476 0.0601606
internal_weight=53.2813 20.6158 15.2677 32.6655 25.4354 15.3268
internal_count=168 77 56 91 68 45
is_linear=0
shrinkage=0.1


Tree=7
num_leaves=6
num_cat=0
split_feature=8 6 2 2 1
split_gain=4.92043 4.19182 3.77228 3.30254 2.47851
threshold=0.026680835891943356 11.850845306257726 7.8167742504915685 8.4654093391287457 9.1649032841444935
decision_type=2 2 2 2 2
left_child=1 -1 -2 -4 -5
right_child=2 -3 3 4 -6
leaf_value=0.040749560219077947 -0.00068068825745090525 -0.05431268667882086 0.11525961680833059 -0.001631007840584934 0.082012852911796899
leaf_weight=9.5527261793613452 8.2416729927062971 9.0170883983373624 12.103777974843981 6.4527857303619367 7.8550445735454559
leaf_count=33 26 38 28 22 21
internal_value=0.036125 -0.00541055 0.0583828 0.0768135 0.0442897
internal_weight=53.2231 18.5698 34.6533 26.4116 14.3078
internal_count=168 71 97 71 43
is_linear=0
shrinkage=0.1


Tree=8
num_leaves=6
num_cat=0
split_feature=8 4 7 3 4
split_gain=4.124 9.79824 3.70364 4.16589 3.94448
threshold=0.025581731240087804 0.72059966115922924 10.765474197368135 2.4418171056156415 0.66908917878788554
decision_type=2 2 2 2 2
left_child=1 -1 -2 -4 -5
right_child=2 -3 3 4 -6
leaf_value=0.044254596890833164 -0.0048275320348911497 -0.14372487539779052 0.0029638177114024392 0.042375528727326327 0.12611792756852921
leaf_weight=8.4538852572441083 9.9522674977779371 4.1262598782777777 7.912072122097018 10.49230468273163 12.124228954315184
leaf_count=30 31 20 25 31 31
internal_value=0.0326074 -0.0174023 0.0481488 0.065419 0.087268
internal_weight=53.061 12.5801 40.4809 30.5286 22.6165
internal_count=168 50 118 87 62
is_linear=0
shrinkage=0.1


Tree=9
num_leaves=6
num_cat=0
split_feature=2 1 3 6 6
split_gain=3.7994 4.86562 3.86818 4.28251 3.27166
threshold=7.7520663141881867 8.2516953717455817 1.6653281960528188 13.287297241376409 11.424633325776087
decision_type=2 2 2 2 2
left_child=1 -1 -2 4 -4
right_child=2 -3 3 -5 -6
leaf_value=0.036525992178646494 -0.029972317332507787 -0.087090225383283579 0.038227548478855816 -0.012282859081223535 0.10777391908818834
leaf_weight=7.2362681925296766 5.9452972263097754 5.6861065179109573 12.659046515822412 7.0078008621931067 14.526207372546194
leaf_count=24 21 24 37 25 37
internal_value=0.029293 -0.0178676 0.0444762 0.0574209 0.0753891
internal_weight=53.0607 12.9224 40.1384 34.1931 27.1853
internal_count=168 48 120 99 74
is_linear=0
shrinkage=0.1


Tree=10
num_leaves=7
num_cat=0
split_feature=8 9 8 9 6 3
split_gain=3.36081 6.18228 6.12887 3.22109 2.40149 1.01775
threshold=0.026680835891943356 0.026395124135217305 0.024565429434938602 0.029006274829773353 11.680416216302548 3.4098312077308126
decision_type=2 2 2 2 2 2
left_child=1 2 -1 5 -5 -2
right_child=3 -3 -4 4 -6 -7
leaf_value=-0.0254486210128584 0.053338265411528946 -0.11009674040223426 0.11208406967024309 -0.023390624451267966 0.053260456121480663 0.10124118970055195
leaf_weight=8.8769351989030856 10.33843816816807 4.4923086613416663 5.1027206927537909 8.6779194474220294 7.7267248779535285 7.767606869339942
leaf_count=38 28 19 14 28 22 19
internal_value=0.0263826 -0.00804249 0.0247523 0.0448088 0.0127127 0.0738889
internal_weight=52.9827 18.472 13.9797 34.5107 16.4046 18.106
internal_count=168 71 52 97 50 47
is_linear=0
shrinkage=0.1


Tree=11
num_leaves=6
num_cat=0
split_feature=2 1 3 9 2
split_gain=3.05168 3.89349 3.01053 3.88615 3.48533
threshold=7.7520663141881867 8.2516953717455817 1.6653281960528188 0.027374031230509653 8.4654093391287457
decision_type=2 2 2 2 2
left_child=1 -1 -2 -4 -5
right_child=2 -3 3 4 -6
leaf_value=0.029365241282972243 -0.028473151313329077 -0.082017063222514605 -0.00045144563957641161 0.10980018671057322 0.03219067229930709
leaf_weight=7.2793573141098005 5.9014065563678733 5.5169312506914139 10.863046482205389 11.893438100814821 11.269302129745482
leaf_count=24 21 24 38 28 33
internal_value=0.0238416 -0.0186556 0.0374615 0.0488972 0.0720411
internal_weight=52.7235 12.7963 39.9272 34.0258 23.1627
internal_count=168 48 120 99 61
is_linear=0
shrinkage=0.1


Tree=12
num_leaves=6
num_cat=0
split_feature=2 1 0 6 4
split_gain=2.5788 3.92573 6.32411 2.634 3.16285
threshold=8.0159193277131848 8.069091561072387 9.0547306157148189 12.990726148243995 0.68961377442276384
decision_type=2 2 2 2 2
left_child=1 -1 -3 4 -2
right_child=3 2 -4 -5 -6
leaf_value=0.060043370049419821 0.091755204320972839 -0.10589213569685052 0.027653386060672927 -0.0066863226338525943 0.017316863812035486
leaf_weight=6.2419955134391811 12.338451325893407 6.6866275221109372 7.5497675389051437 8.9305581748485547 10.621919155120848
leaf_count=19 32 28 26 31 32
internal_value=0.0216128 -0.0060793 -0.035071 0.039395 0.0573186
internal_weight=52.3693 20.4784 14.2364 31.8909 22.9604
internal_count=168 73 54 95 64
is_linear=0
shrinkage=0.1


Tree=13
num_leaves=5
num_cat=0
split_feature=3 4 4 6
split_gain=2.43154 4.94568 5.22992 6.34912
threshold=1.6653281960528188 1.3249711304273739 0.84864200317117355 12.816074517635263
decision_type=2 2 2 2
left_child=-1 2 3 -2
right_child=1 -3 -4 -5
leaf_value=-0.038357587671097648 0.056936371780809972 0.10535990310366664 -0.060329266373482675 -0.049130371410126272
leaf_weight=6.3787588924169532 23.849865674972538 6.9316119998693457 7.6675810962915412 7.3929870873689643
leaf_count=23 70 18 29 28
internal_value=0.0194897 0.0275389 0.0136756 0.0318378
internal_weight=52.2208 45.842 38.9104 31.2429
internal_count=168 145 127 98
is_linear=0
shrinkage=0.1


Tree=14
num_leaves=7
num_cat=0
split_feature=8 8 8 5 8 1
split_gain=2.4232 5.06258 4.11955 4.10206 3.29357 2.77656
threshold=0.026876990273229102 0.025977645393418753 0.024731856623538953 0.41304099004650785 0.028483992514589152 8.5789643652532828
decision_type=2 2 2 2 2 2
left_child=1 2 3 -1 -2 -6
right_child=4 -3 -4 -5 5 -7
leaf_value=0.042052166825433376 0.073942636313018381 -0.093955721922914306 0.090312677955384182 -0.088815904000860341 0.039317784508938053 -0.03876581366183468
leaf_weight=5.1316695064306277 12.820886284112932 5.253514736890792 5.3676208406686774 4.4915432929992676 11.491515442728998 7.5432063192129126
leaf_count=18 33 21 15 23 32 26
internal_value=0.0175712 -0.00948197 0.0201217 -0.0190293 0.0347635 0.0083743
internal_weight=52.1 20.2443 14.9908 9.62321 31.8556 19.0347
internal_count=168 77 56 41 91 58
is_linear=0
shrinkage=0.1


Tree=15
num_leaves=6
num_cat=0
split_feature=9 2 0 2 3
split_gain=3.25555 2.11308 3.5796 1.93657 3.38799
threshold=0.023977233318428104 8.0159193277131848 9.0547306157148189 8.4654093391287457 2.7944587104552747
decision_type=2 2 2 2 2
left_child=-1 2 -2 -3 -5
right_child=1 3 -4 4 -6
leaf_value=-0.061245478960394284 -0.045174425112406456 0.074866880439671268 0.044939558809732216 -0.033526730405570894 0.054749984972248616
leaf_weight=4.9430485963821402 9.4459689930081385 10.558994114398958 8.2651235312223417 7.0174719095230129 11.427172467112539
leaf_count=22 35 28 26 24 33
internal_value=0.015929 0.0240951 -0.0031215 0.040715 0.0211641
internal_weight=51.6578 46.7147 17.7111 29.0036 18.4446
internal_count=168 146 61 85 57
is_linear=0
shrinkage=0.1


Tree=16
num_leaves=6
num_cat=0
split_feature=9 2 0 2 3
split_gain=2.68302 1.72692 2.91005 1.62414 2.74323
threshold=0.023977233318428104 8.0159193277131848 9.0547306157148189 8.4654093391287457 2.7944587104552747
decision_type=2 2 2 2 2
left_child=-1 2 -2 -3 -5
right_child=1 3 -4 4 -6
leaf_value=-0.056540338239354795 -0.040978286451411078 0.0684895037449679 0.040381701258006122 -0.030305060746085077 0.049212204466886546
leaf_weight=4.8252954334020606 9.3757095560431498 10.3966570943594 8.2774611860513669 6.9886963814497021 11.440855070948599
leaf_count=22 35 28 26 24 33
internal_value=0.014434 0.0218023 -0.0028291 0.0368865 0.0190583
internal_weight=51.3047 46.4794 17.6532 28.8262 18.4296
internal_count=168 146 61 85 57
is_linear=0
shrinkage=0.1


Tree=17
num_leaves=8
num_cat=0
split_feature=5 9 9 8 9 9 8
split_gain=4.13726 5.87818 4.18069 3.32076 2.01 2.14008 1.80334
threshold=1.0000000180025095e-35 0.027374031230509653 0.026395124135217305 0.024333303846113454 0.029006274829773353 0.030369623800127355 0.027567973065221203
decision_type=2 2 2 2 2 2 2
left_child=-1 2 3 -2 6 -6 -3
right_child=1 4 -4 -5 5 -7 -8
leaf_value=0.098401675090609222 -0.063604239318110392 0.017870000868927576 -0.12446412405268031 0.047394653480040669 -0.031065218788640377 0.043222771944232928 0.088191756534720861
leaf_weight=5.1133820116519919 5.797251380980013 6.7561562210321444 4.7563296258449546 5.0371082425117493 8.1611890196800214 7.3886687010526648 7.9234374761581421
leaf_count=14 29 21 20 16 27 21 20
internal_value=0.0130861 0.00356511 -0.0463091 -0.0119987 0.0292875 0.00423345 0.0558268
internal_weight=50.9335 45.8201 15.5907 10.8344 30.2295 15.5499 14.6796
internal_count=168 154 65 45 89 48 41
is_linear=0
shrinkage=0.1


Tree=18
num_leaves=6
num_cat=0
split_feature=5 9 0 9 5
split_gain=3.31205 4.84236 3.81137 1.69345 1.90277
threshold=1.0000000180025095e-35 0.027374031230509653 8.8852539062500018 0.028574599808391356 0.87573494466401913
decision_type=2 2 2 2 2
left_child=-1 2 -2 -3 -5
right_child=1 3 -4 4 -6
leaf_value=0.087816008594453265 -0.10319011381524151 0.059249506504838657 -0.0014467137778099916 -0.016515065868423679 0.046691532391773295
leaf_weight=5.1543023288249961 6.1835419610142699 10.360583052039148 9.1006983891129476 11.655821532011034 8.0536914467811567
leaf_count=14 28 29 37 37 23
internal_value=0.0118551 0.00322252 -0.042609 0.0265181 0.00931238
internal_weight=50.5086 45.3543 15.2842 30.0701 19.7095
internal_count=168 154 65 89 60
is_linear=0
shrinkage=0.1


Tree=19
num_leaves=6
num_cat=0
split_feature=5 8 1 5 3
split_gain=2.66799 4.17945 5.18076 2.60179 4.70337
threshold=1.0000000180025095e-35 0.025581731240087804 8.7243751600805712 0.43905218325977935 2.7944587104552747
decision_type=2 2 2 2 2
left_child=-1 2 -2 -3 -5
right_child=1 3 -4 4 -6
leaf_value=0.07873322937621649 -0.13704875951662854 -0.038492681213825694 0.015858083827332118 -0.012333914482315434 0.067693513071511877
leaf_weight=5.1728263348340979 4.3198153451085073 6.6580573618412009 4.5495181828737259 13.655451625585558 15.889349728822706
leaf_count=14 24 23 19 44 44
internal_value=0.0107133 0.00290679 -0.0586153 0.0179791 0.0307053
internal_weight=50.245 45.0722 8.86933 36.2029 29.5448
internal_count=168 154 43 111 88
is_linear=0
shrinkage=0.1


Tree=20
num_leaves=7
num_cat=0
split_feature=5 9 0 4 9 4
split_gain=2.15919 3.57488 4.89033 1.81514 2.47231 1.49564
threshold=1.0000000180025095e-35 0.027517929884654752 8.6105320930840907 0.84864200317117355 0.029006274829773353 0.70422707079114855
decision_type=2 2 2 2 2 2
left_child=-1 2 -2 4 -3 -4
right_child=1 3 5 -5 -6 -7
leaf_value=0.07083028979997133 -0.11936734197350359 0.0758404181693597 -0.040971697917734778 -0.0098075295143391569 0.0023462537553568027 0.033478776292918476
leaf_weight=5.1747531890869132 4.8384703695774069 10.052553892135625 4.7547531202435476 10.433650299906729 8.403506010770796 6.2388856187462807
leaf_count=14 24 27 20 33 26 24
internal_value=0.00967626 0.00260014 -0.0355919 0.0235301 0.0423767 0.00127892
internal_weight=49.8966 44.7218 15.8321 28.8897 18.4561 10.9936
internal_count=168 154 68 86 53 44
is_linear=0
shrinkage=0.1


Tree=21
num_leaves=5
num_cat=0
split_feature=3 4 1 2
split_gain=2.00001 3.86768 4.32842 3.74509
threshold=1.6653281960528188 1.3249711304273739 9.0735072731962401 8.0159193277131848
decision_type=2 2 2 2
left_child=-1 2 3 -2
right_child=1 -3 -4 -5
leaf_value=-0.044725447002009026 -0.014792478961205991 0.085529005717749448 -0.06338092897687965 0.057166711450012245
leaf_weight=6.1262381970882407 14.484536714851858 6.8065951764583579 7.6644552797079077 14.445582106709479
leaf_count=23 56 18 30 41
internal_value=0.00876134 0.0163112 0.00343668 0.0211387
internal_weight=49.5274 43.4012 36.5946 28.9301
internal_count=168 145 127 97
is_linear=0
shrinkage=0.1


Tree=22
num_leaves=6
num_cat=0
split_feature=4 9 0 4 9
split_gain=1.98014 2.79768 3.50914 1.70923 2.20375
threshold=1.0000000180025095e-35 0.027517929884654752 8.8852539062500018 0.84864200317117355 0.029006274829773353
decision_type=2 2 2 2 2
left_child=-1 2 -2 4 -3
right_child=1 3 -4 -5 -6
leaf_value=0.066520793780797324 -0.094452698025873943 0.070117640736984413 0.003805057131885517 -0.012817148875328498 0.0003215389631033492
leaf_weight=5.1644078642129889 5.8258970454335204 9.8509839773178154 9.663733556866644 10.35403151810169 8.3652813881635648
leaf_count=14 29 27 39 33 26
internal_value=0.00793811 0.00107144 -0.0331513 0.0196256 0.0380658
internal_weight=49.2243 44.0599 15.4896 28.5703 18.2163
internal_count=168 154 68 86 53
is_linear=0
shrinkage=0.1


Tree=23
num_leaves=5
num_cat=0
split_feature=3 4 4 6
split_gain=1.75528 3.29994 3.99139 4.85545
threshold=1.6653281960528188 1.3249711304273739 0.84864200317117355 12.816074517635263
decision_type=2 2 2 2
left_child=-1 2 3 -2
right_child=1 -3 -4 -5
leaf_value=-0.04325737581853463 0.041713114993425282 0.078358542420808863 -0.064601648104601297 -0.054571362371677694
leaf_weight=6.0437832027673712 22.037964493036274 6.7724928855895987 7.1527128070592871 6.8701235800981513
leaf_count=23 70 18 29 28
internal_value=0.00719207 0.0143105 0.00228179 0.0188307
internal_weight=48.8771 42.8333 36.0608 28.9081
internal_count=168 145 127 98
is_linear=0
shrinkage=0.1


Tree=24
num_leaves=7
num_cat=0
split_feature=4 9 9 8 2 2
split_gain=1.78964 2.35418 3.17144 3.43368 1.52907 2.4605
threshold=1.0000000180025095e-35 0.027517929884654752 0.026395124135217305 0.024565429434938602 7.8167742504915685 8.4654093391287457
decision_type=2 2 2 2 2 2
left_child=-1 2 3 -2 -3 -6
right_child=1 4 -4 -5 5 -7
leaf_value=0.062376725892995234 -0.051411593230312629 -0.020492993868547169 -0.093941794169464937 0.066999472664002066 0.066665381239905161 -0.002782710877039336
leaf_weight=5.1284088194370261 5.4581137746572477 7.8560527563095119 5.3327874690294257 4.4418987929821014 10.053688615560533 10.357058539986609
leaf_count=14 32 26 23 13 28 32
internal_value=0.00650519 -8.18129e-05 -0.031772 0.00171662 0.0169958 0.0314252
internal_weight=48.628 43.4996 15.2328 9.90001 28.2668 20.4107
internal_count=168 154 68 45 86 60
is_linear=0
shrinkage=0.1


Tree=25
num_leaves=5
num_cat=0
split_feature=6 7 8 1
split_gain=2.0837 3.58641 2.3102 2.66121
threshold=9.9284380252938735 10.66505812715828 0.025581731240087804 8.2847323965474313
decision_type=2 2 2 2
left_child=-1 -2 -3 -4
right_child=1 2 3 -5
leaf_value=0.067682175256558785 -0.071976449038030216 -0.037270567973343022 0.082214236381643366 0.0080451858243242112
leaf_weight=4.9048930108547202 6.1261960864067069 7.9205356538295737 6.1251102983951595 23.015036821365356
leaf_count=15 25 38 17 73
internal_value=0.00591703 -0.00109786 0.0106185 0.0236351
internal_weight=48.0918 43.1869 37.0607 29.1401
internal_count=168 153 128 90
is_linear=0
shrinkage=0.1


Tree=26
num_leaves=5
num_cat=0
split_feature=6 7 8 1
split_gain=1.69459 2.92892 1.88465 2.17075
threshold=9.9284380252938735 10.66505812715828 0.025581731240087804 8.2847323965474313
decision_type=2 2 2 2
left_child=-1 -2 -3 -4
right_child=1 2 3 -5
leaf_value=0.061141896278418498 -0.06532497450533957 -0.033966150644648432 0.074368243169064388 0.0072475828209156504
leaf_weight=4.8874994516372672 6.0775717049837104 7.827092930674552 6.095671862363818 22.994229689240456
leaf_count=15 25 38 17 73
internal_value=0.0053451 -0.000997718 0.00959235 0.0213124
internal_weight=47.8821 42.9946 36.917 29.0899
internal_count=168 153 128 90
is_linear=0
shrinkage=0.1


Tree=27
num_leaves=5
num_cat=0
split_feature=3 4 4 6
split_gain=1.68869 2.63259 3.43239 3.78333
threshold=1.6653281960528188 1.3249711304273739 0.84864200317117355 12.816074517635263
decision_type=2 2 2 2
left_child=-1 2 3 -2
right_child=1 -3 -4 -5
leaf_value=-0.044859421061960503 0.036959169408206163 0.069295083806385729 -0.062130515407845359 -0.049460030574475643
leaf_weight=5.9810337349772444 21.407362475991253 6.7178366482257834 6.919847920536994 6.6362746730446807
leaf_count=23 70 18 29 28
internal_value=0.00483068 0.0119609 0.000944822 0.0165088
internal_weight=47.6624 41.6813 34.9635 28.0436
internal_count=168 145 127 98
is_linear=0
shrinkage=0.1


Tree=28
num_leaves=6
num_cat=0
split_feature=4 0 5 4 4
split_gain=1.40611 3.43363 3.54074 5.79732 2.31561
threshold=0.18413116130977866 9.0869573825691923 0.51197451855080589 0.80989846517331909 0.68961377442276384
decision_type=2 2 2 2 2
left_child=-1 2 -2 -4 -3
right_child=1 4 3 -5 -6
leaf_value=0.038081507305085395 -0.10405074401367208 -0.023041408703758516 0.072245125822974862 -0.05923922615269786 0.052139548617379794
leaf_weight=9.8125008642673475 5.2347978949546841 6.2000343203544643 5.5139761120080939 8.5578621216118318 12.077224314212797
leaf_count=32 22 23 16 36 39
internal_value=0.00437228 -0.00442861 -0.0338375 -0.00771777 0.0266366
internal_weight=47.3964 37.5839 19.3066 14.0718 18.2773
internal_count=168 136 74 52 62
is_linear=0
shrinkage=0.1


Tree=29
num_leaves=6
num_cat=0
split_feature=6 6 7 6 9
split_gain=1.6326 2.62269 2.51287 2.10212 1.51356
threshold=9.9284380252938735 11.57147543595943 11.007446928303333 12.108966389859235 0.028574599808391356
decision_type=2 2 2 2 2
left_child=-1 2 -2 -3 -5
right_child=1 3 -4 4 -6
leaf_value=0.059024104181612129 -0.068981271006562303 0.057434314580376011 0.017845873166511515 0.015472237830514025 -0.04551899253096417
leaf_weight=4.8318239897489539 9.0780151039361936 8.3724231719970721 5.2670978009700766 13.876759856939318 5.7566746026277533
leaf_count=15 37 26 17 53 20
internal_value=0.00395288 -0.0023302 -0.0371009 0.01548 -0.00241086
internal_weight=47.1828 42.351 14.3451 28.0059 19.6334
internal_count=168 153 54 99 73
is_linear=0
shrinkage=0.1


Tree=30
num_leaves=5
num_cat=0
split_feature=3 4 1 1
split_gain=1.48839 2.10179 2.79634 3.15381
threshold=1.6653281960528188 1.3249711304273739 9.0735072731962401 8.7243751600805712
decision_type=2 2 2 2
left_child=-1 2 3 -2
right_child=1 -3 -4 -5
leaf_value=-0.043356757366956683 -0.0039576960242577799 0.061738091542327123 -0.055003992634366762 0.075961781753371316
leaf_weight=5.9106614068150511 20.795569699257616 6.6598254144191733 7.2112101912498465 6.4752781242132178
leaf_count=23 78 18 30 19
internal_value=0.00356673 0.010308 0.000374855 0.0150186
internal_weight=47.0525 41.1419 34.4821 27.2708
internal_count=168 145 127 97
is_linear=0
shrinkage=0.1


Tree=31
num_leaves=6
num_cat=0
split_feature=6 6 6 1 6
split_gain=1.45067 2.25052 1.51774 3.74041 2.6983
threshold=9.9284380252938735 10.819792126972517 11.850845306257726 9.0047293198695808 11.424633325776087
decision_type=2 2 2 2 2
left_child=-1 -2 4 -4 -3
right_child=1 2 3 -5 -6
leaf_value=0.055286102640840377 -0.058999392344586316 -0.0088196074964988474 -0.054059523769183354 0.026973718299833433 0.083317307106303196
leaf_weight=4.8044202327728263 6.0773463770747176 6.7613630294799787 10.122913450002672 13.026501402258871 5.9982925727963448
leaf_count=15 24 24 43 44 18
internal_value=0.00323397 -0.00272225 0.00680225 -0.00846098 0.0344938
internal_weight=46.7908 41.9864 35.9091 23.1494 12.7597
internal_count=168 153 129 87 42
is_linear=0
shrinkage=0.1


Tree=32
num_leaves=5
num_cat=0
split_feature=3 4 1 2
split_gain=1.30716 1.65208 2.50332 2.32427
threshold=1.7234551683018788 1.3249711304273739 9.0735072731962401 7.478140418506686
decision_type=2 2 2 2
left_child=-1 2 3 -2
right_child=1 -3 -4 -5
leaf_value=-0.038330367787923744 -0.043070074100656594 0.05557655286882434 -0.051705503184501012 0.030160288101259605
leaf_weight=6.5967384353280059 5.4687787480652359 6.5659920722246161 7.1615720689296714 20.889950506389141
leaf_count=26 23 18 30 71
internal_value=0.00291912 0.00970728 0.000722354 0.0149668
internal_weight=46.683 40.0863 33.5203 26.3587
internal_count=168 142 124 94
is_linear=0
shrinkage=0.1


Tree=33
num_leaves=6
num_cat=0
split_feature=4 0 6 8 2
split_gain=1.38686 4.30463 3.9642 3.36007 1.89632
threshold=0.39534453453961765 9.0547306157148189 11.850845306257726 0.027333953594296152 8.0159193277131848
decision_type=2 2 2 2 2
left_child=2 4 -1 -3 -2
right_child=1 3 -4 -5 -6
leaf_value=0.079782356089782597 -0.093522500543137932 -0.021648097502220437 -0.02638342068973348 0.066562879833763605 -0.020202662333892552
leaf_weight=7.3272535130381566 5.6866725943982592 8.139490947127344 6.7637516334652901 9.1979299336671811 9.2905920147895795
leaf_count=22 28 34 25 26 33
internal_value=0.00264287 -0.0087728 0.0288223 0.02515 -0.0480413
internal_weight=46.4057 32.3147 14.091 17.3374 14.9773
internal_count=168 121 47 60 61
is_linear=0
shrinkage=0.1


Tree=34
num_leaves=6
num_cat=0
split_feature=4 4 0 4 3
split_gain=1.15366 3.78804 2.29716 6.05994 5.09517
threshold=0.84864200317117355 1.2760134413838389 8.5622950328953351 0.68961377442276384 2.6627842262825738
decision_type=2 2 2 2 2
left_child=2 -2 -1 4 -4
right_child=1 -3 3 -5 -6
leaf_value=0.049968984193253421 -0.078551004565174387 0.023132470583296896 0.024482714800739297 0.091093782915756025 -0.09129810625483166
leaf_weight=11.053188711404802 6.4100037552416316 8.5509730577468854 7.0886071324348476 4.810708910226821 8.1950702071189863
leaf_count=35 31 27 24 16 35
internal_value=0.00238978 -0.0204336 0.0133524 -0.00678898 -0.0375987
internal_weight=46.1086 14.961 31.1476 20.0944 15.2837
internal_count=168 58 110 75 59
is_linear=0
shrinkage=0.1


Tree=35
num_leaves=5
num_cat=0
split_feature=3 4 0 4
split_gain=1.13995 1.30897 1.86313 2.47015
threshold=1.7234551683018788 1.3249711304273739 8.5622950328953351 0.68961377442276384
decision_type=2 2 2 2
left_child=-1 2 -2 -4
right_child=1 -3 3 -5
leaf_value=-0.036703463151433809 0.034993289970006239 0.04966712206158963 -0.044366401003010987 0.023111147275042484
leaf_weight=6.4805496037006369 10.588382482528685 6.4718792140483847 12.888938173651697 9.368251405656336
leaf_count=26 36 18 52 36
internal_value=0.00215683 0.00856203 0.000462698 -0.0159645
internal_weight=45.798 39.3175 32.8456 22.2572
internal_count=168 142 124 88
is_linear=0
shrinkage=0.1


Tree=36
num_leaves=6
num_cat=0
split_feature=4 0 6 8 5
split_gain=1.35144 3.65672 3.00924 2.6746 1.59626
threshold=0.39534453453961765 9.0547306157148189 11.850845306257726 0.027333953594296152 0.87573494466401913
decision_type=2 2 2 2 2
left_child=2 4 -1 -3 -2
right_child=1 3 -4 -5 -6
leaf_value=0.072913877933699633 -0.076203586407742219 -0.01965451366991228 -0.020349835622363466 0.059524843774752673 -0.0098329492396186016
leaf_weight=7.1849839538335782 8.0004042908549327 8.1173364669084567 6.6725559011101723 8.9919387549161893 6.6238979361951342
leaf_count=22 35 34 25 26 26
internal_value=0.00195233 -0.00942505 0.0280064 0.0219589 -0.0461418
internal_weight=45.5911 31.7336 13.8575 17.1093 14.6243
internal_count=168 121 47 60 61
is_linear=0
shrinkage=0.1


Tree=37
num_leaves=6
num_cat=0
split_feature=4 4 0 0 6
split_gain=1.22345 3.00979 1.62663 3.22773 3.23737
threshold=0.84864200317117355 1.2760134413838389 8.5622950328953351 9.8287326365243661 11.979010454351284
decision_type=2 2 2 2 2
left_child=2 -2 -1 4 -4
right_child=1 -3 3 -5 -6
leaf_value=0.044202599292763878 -0.074503511083122642 0.017064692718165197 0.0093895576702247834 0.045694800183648722 -0.095624811591706327
leaf_weight=10.876080729067327 6.2572201713919631 8.4198769703507406 6.6775191724300402 7.886173039674758 5.2385824546217918
leaf_count=35 31 27 23 28 24
internal_value=0.00177192 -0.0219732 0.013132 -0.003933 -0.0367771
internal_weight=45.3555 14.6771 30.6784 19.8023 11.9161
internal_count=168 58 110 75 47
is_linear=0
shrinkage=0.1


Tree=38
num_leaves=6
num_cat=0
split_feature=8 4 3 0 0
split_gain=1.13132 1.71717 3.82709 2.09181 1.71754
threshold=0.031001097395302952 0.80989846517331909 2.7247707097754179 8.5622950328953351 9.0869573825691923
decision_type=2 2 2 2 2
left_child=1 3 -3 -1 -5
right_child=-2 2 -4 4 -6
leaf_value=0.063120661359789401 -0.040001436861616627 -0.086589259010884934 0.022119640172295243 -0.045338061456494806 0.023353902467548284
leaf_weight=8.5671051442623156 5.7113137394189826 5.3911079615354529 8.1104415692388994 5.2041811272501972 12.110033370554445
leaf_count=27 19 25 31 22 44
internal_value=0.00159128 0.00762307 -0.0212873 0.0227048 0.00270697
internal_weight=45.0942 39.3829 13.5015 25.8813 17.3142
internal_count=168 149 56 93 66
is_linear=0
shrinkage=0.1


Tree=39
num_leaves=7
num_cat=0
split_feature=6 6 6 7 8 9
split_gain=0.992889 3.34928 2.2768 2.44916 1.73071 3.3993
threshold=11.57147543595943 11.979010454351284 9.9284380252938735 10.66505812715828 0.026680835891943356 0.028574599808391356
decision_type=2 2 2 2 2 2
left_child=2 -2 -1 -4 -3 -6
right_child=1 4 3 -5 5 -7
leaf_value=0.044515057487731935 0.086587050233833493 -0.044577155358054385 -0.089217632105437525 -0.00266686443101068 0.058462830731908812 -0.038872190014699742
leaf_weight=4.5758724957704571 5.1033329814672497 6.9511453509330776 5.4174074679613105 8.245992071926592 8.2344598323106748 6.3586391359567633
leaf_count=15 15 37 24 30 24 23
internal_value=0.00143988 0.0137444 -0.0165371 -0.0369834 -0.0035103 0.0160511
internal_weight=44.8868 26.6476 18.2393 13.6634 21.5442 14.5931
internal_count=168 99 69 54 84 47
is_linear=0
shrinkage=0.1


Tree=40
num_leaves=5
num_cat=0
split_feature=3 4 1 2
split_gain=1.03622 1.12205 1.84056 1.48479
threshold=1.7234551683018788 1.3249711304273739 9.0735072731962401 8.0159193277131848
decision_type=2 2 2 2
left_child=-1 2 3 -2
right_child=1 -3 -4 -5
leaf_value=-0.036598747531612158 -0.011534487387829013 0.045652219460642747 -0.045761720823026542 0.037313398068264378
leaf_weight=6.202988274395465 12.66036937013269 6.4051415622234336 6.9397637695074073 12.23731419444084
leaf_count=26 55 18 30 39
internal_value=0.00131389 0.00746336 -0.000219572 0.0124744
internal_weight=44.4456 38.2426 31.8374 24.8977
internal_count=168 142 124 94
is_linear=0
shrinkage=0.1


Tree=41
num_leaves=7
num_cat=0
split_feature=8 4 3 3 7 2
split_gain=0.903792 1.53254 3.27096 1.61349 2.39358 1.25635
threshold=0.031001097395302952 0.80989846517331909 2.7247707097754179 3.0864679438892222 12.010053353209498 8.036742124825528
decision_type=2 2 2 2 2 2
left_child=1 3 -3 5 -5 -1
right_child=-2 2 -4 4 -6 -7
leaf_value=0.0068792781337091401 -0.036074264631748593 -0.081947162598192277 0.019609681571954019 0.031059606944522828 -0.067622922965099502 0.065590083054956325
leaf_weight=6.1254488974809673 5.6714086681604376 5.275029890239237 7.9528327621519566 5.9435978010296804 4.1911268830299377 9.0000531226396543
leaf_count=25 19 25 31 21 19 28
internal_value=0.00119407 0.00668574 -0.0208893 0.0211258 -0.00974969 0.0418137
internal_weight=44.1595 38.4881 13.2279 25.2602 10.1347 15.1255
internal_count=168 149 56 93 40 53
is_linear=0
shrinkage=0.1


Tree=42
num_leaves=8
num_cat=0
split_feature=6 6 6 7 1 6 3
split_gain=0.855859 2.71149 1.96068 1.803 1.52516 1.14746 1.00092
threshold=11.57147543595943 11.979010454351284 9.9284380252938735 10.66505812715828 9.0047293198695808 13.287297241376409 3.2442961588709163
decision_type=2 2 2 2 2 2 2
left_child=2 -2 -1 -4 6 -6 -3
right_child=1 4 3 -5 5 -7 -8
leaf_value=0.041394160266265911 0.079356430800952796 -0.067791769029414847 -0.080074274150339103 -0.0051959288172175903 0.050953401290540892 -0.010579691839631266 -0.00098308231286463083
leaf_weight=4.5023716986179378 4.9391896724700954 4.4619944170117396 5.3243345767259589 8.1200969666242582 6.058937728404997 6.0632078275084496 4.5082807056605816
leaf_count=15 15 23 24 30 18 25 18
internal_value=0.001079 0.0126621 -0.0157221 -0.0348496 -0.00295565 0.020176 -0.0342151
internal_weight=43.9784 26.0316 17.9468 13.4444 21.0924 12.1221 8.97028
internal_count=168 99 69 54 84 43 41
is_linear=0
shrinkage=0.1


Tree=43
num_leaves=5
num_cat=0
split_feature=3 4 2 8
split_gain=0.817911 0.99988 1.72224 2.34746
threshold=1.7234551683018788 1.3249711304273739 9.1737682310163127 0.026811892721551805
decision_type=2 2 2 2
left_child=-1 2 3 -2
right_child=1 -3 -4 -5
leaf_value=-0.033282821885968504 -0.032181117538982645 0.042719131285507028 -0.053191747992499205 0.031157856425312349
leaf_weight=6.0089794471859923 8.863228186964994 6.3230999410152426 5.2398910596966735 17.219059824943542
leaf_count=26 48 18 20 56
internal_value=0.000977751 0.00644646 -0.000876011 0.00963414
internal_weight=43.6543 37.6453 31.3222 26.0823
internal_count=168 142 124 104
is_linear=0
shrinkage=0.1


Tree=44
num_leaves=6
num_cat=0
split_feature=8 1 5 8 8
split_gain=0.881008 2.16538 2.0036 2.10654 2.2357
threshold=0.028483992514589152 8.5789643652532828 0.31218061336356845 0.027333953594296152 0.025977645393418753
decision_type=2 2 2 2 2
left_child=2 -2 -1 4 -4
right_child=1 -3 3 -5 -6
leaf_value=0.055560692138997551 0.013201922782990143 -0.059800180262333393 0.011206827243511698 0.050675906155823229 -0.069011037602765543
leaf_weight=7.6081765517592457 9.7925736457109469 6.9446646422147742 7.6971777118742484 4.9851591289043418 6.332801565527916
leaf_count=26 32 26 41 17 26
internal_value=0.000889273 -0.0170883 0.0121912 -0.0051614 -0.0250016
internal_weight=43.3606 16.7372 26.6233 19.0151 14.03
internal_count=168 58 110 84 67
is_linear=0
shrinkage=0.1


Tree=45
num_leaves=5
num_cat=0
split_feature=3 4 4 1
split_gain=0.787637 0.959728 1.56329 1.3745
threshold=1.7234551683018788 1.3249711304273739 0.87591190704353949 8.2206213476756798
decision_type=2 2 2 2
left_child=-1 2 3 -2
right_child=1 -3 -4 -5
leaf_value=-0.032947327891832752 -0.037214986806732284 0.04179151000564673 -0.051104313320913211 0.020554036804481163
leaf_weight=5.9603469967842093 5.1436848863959375 6.2976122647523871 5.1904049739241591 20.66734542325139
leaf_count=26 23 18 24 77
internal_value=0.000807509 0.0062015 -0.00102824 0.00904169
internal_weight=43.2594 37.299 31.0014 25.811
internal_count=168 142 124 100
is_linear=0
shrinkage=0.1


Tree=46
num_leaves=6
num_cat=0
split_feature=1 2 2 4 9
split_gain=0.787278 3.1209 1.90363 2.74928 2.04597
threshold=8.069091561072387 7.7520663141881867 8.6487655169602871 0.50476949761042544 0.028319143987391503
decision_type=2 2 2 2 2
left_child=-1 -2 4 -4 -3
right_child=1 2 3 -5 -6
leaf_value=0.034011404882796512 -0.063970195497811189 -0.0096913639285063826 0.029860348127271643 -0.060924066879207761 0.062027674384946552
leaf_weight=6.1008659303188315 7.1748892143368712 6.786568805575377 6.2664811313152295 7.1326046139001846 9.6105542182922346
leaf_count=22 38 29 20 30 29
internal_value=0.000729969 -0.00476204 0.00949521 -0.018466 0.032344
internal_weight=43.072 36.9711 29.7962 13.3991 16.3971
internal_count=168 146 108 50 58
is_linear=0
shrinkage=0.1


Tree=47
num_leaves=7
num_cat=0
split_feature=8 4 4 6 3 5
split_gain=0.897476 1.1508 2.97 1.4065 2.73315 2.17862
threshold=0.031394684011649361 0.80989846517331909 1.2760134413838389 11.850845306257726 3.0864679438892222 0.50220402475252868
decision_type=2 2 2 2 2 2
left_child=1 3 -3 5 -5 -1
right_child=-2 2 -4 4 -6 -7
leaf_value=0.0027918558096979157 -0.041085407515487893 -0.073922667823508842 0.023745010929687557 0.037691038748837391 -0.056454964963909386 0.084654174089950948
leaf_weight=6.995833635330202 4.5950659215450278 5.5317428708076459 7.1223724186420441 6.6157120540738088 5.7756799906492233 6.0732000768184662
leaf_count=27 16 32 24 25 26 18
internal_value=0.000663781 0.00569704 -0.0189504 0.0179471 -0.00619081 0.0408334
internal_weight=42.7096 38.1145 12.6541 25.4604 12.3914 13.069
internal_count=168 152 56 96 51 45
is_linear=0
shrinkage=0.1


Tree=48
num_leaves=7
num_cat=0
split_feature=6 6 1 1 8 9
split_gain=0.865189 2.28053 1.60579 3.0167 1.40826 2.55885
threshold=11.57147543595943 11.979010454351284 8.4246450577512988 8.2022773007895307 0.026680835891943356 0.028574599808391356
decision_type=2 2 2 2 2 2
left_child=2 -2 3 -1 -3 -6
right_child=1 4 -4 -5 5 -7
leaf_value=-0.04411487259286441 0.075027736198194944 -0.040834921850709249 -0.055103787046357114 0.062882579672142447 0.053217979730336457 -0.032812197542392126
leaf_weight=5.4517628550529498 4.7263141274452236 6.4214844107627895 6.6628607213497153 5.1000772789120674 7.9252152517437917 6.1327334493398666
leaf_count=24 15 37 27 18 24 23
internal_value=0.000612267 0.0124146 -0.0166687 0.00760078 -0.00203547 0.0156876
internal_weight=42.4204 25.2057 17.2147 10.5518 20.4794 14.0579
internal_count=168 99 69 42 84 47
is_linear=0
shrinkage=0.1


Tree=49
num_leaves=6
num_cat=0
split_feature=8 6 6 1 8
split_gain=0.840352 1.79018 1.36283 1.8948 1.66796
threshold=0.025977645393418753 11.850845306257726 11.680416216302548 8.4246450577512988 0.027333953594296152
decision_type=2 2 2 2 2
left_child=1 -1 3 -2 -4
right_child=2 -3 4 -5 -6
leaf_value=0.061314734738449422 0.00011880845931824932 -0.018155489682324191 -0.029009959226356609 -0.076963796059335857 0.034362239988824199
leaf_weight=6.002135902643202 7.5334304645657557 5.3711912594735622 6.7247057408094433 5.5297919511795044 10.861291855573652
leaf_count=25 27 31 25 23 37
internal_value=0.000569668 0.023784 -0.0080447 -0.032511 0.0101294
internal_weight=42.0225 11.3733 30.6492 13.0632 17.586
internal_count=168 56 112 50 62
is_linear=0
shrinkage=0.1


Tree=50
num_leaves=5
num_cat=0
split_feature=3 4 2 8
split_gain=0.783383 0.862932 1.21168 1.75016
threshold=1.7234551683018788 1.3249711304273739 9.1737682310163127 0.026811892721551805
decision_type=2 2 2 2
left_child=-1 2 3 -2
right_child=1 -3 -4 -5
leaf_value=-0.03349569930350061 -0.029229896471055457 0.039898305920184979 -0.045783424926941999 0.026936072702097344
leaf_weight=5.8311161473393431 8.3653280995786243 6.2185271829366675 5.0341362133622161 16.472648203372955
leaf_count=26 48 18 20 56
internal_value=0.000512912 0.00600764 -0.00104744 0.00801961
internal_weight=41.9218 36.0906 29.8721 24.838
internal_count=168 142 124 104
is_linear=0
shrinkage=0.1


Tree=51
num_leaves=6
num_cat=0
split_feature=8 6 6 1 8
split_gain=0.844665 1.53136 1.10901 1.47873 1.28256
threshold=0.025977645393418753 11.850845306257726 11.680416216302548 8.4246450577512988 0.027333953594296152
decision_type=2 2 2 2 2
left_child=1 -1 3 -2 -4
right_child=2 -3 4 -5 -6
leaf_value=0.05830988611582303 -0.0014523335562065707 -0.015607630324608733 -0.026031305350352391 -0.069876032149319034 0.029700002680541585
leaf_weight=6.0134035572409612 7.4702515825629252 5.2494077160954475 6.7124584093689945 5.4720892608165741 10.730281732976435
leaf_count=25 27 31 25 23 37
internal_value=0.000466968 0.0238582 -0.00820343 -0.0303822 0.00825302
internal_weight=41.6479 11.2628 30.3851 12.9423 17.4427
internal_count=168 56 112 50 62
is_linear=0
shrinkage=0.1


Tree=52
num_leaves=6
num_cat=0
split_feature=8 5 8 8 8
split_gain=0.804934 2.05417 1.56766 3.69636 1.49078
threshold=0.028483992514589152 0.87573494466401913 0.026876990273229102 0.025977645393418753 0.024731856623538953
decision_type=2 2 2 2 2
left_child=2 -2 3 4 -1
right_child=1 -3 -4 -5 -6
leaf_value=-0.0068856430997869429 -0.045388921452302382 0.028398494261025361 0.042129589735499066 -0.087912725447669912 0.068212998415891055
leaf_weight=6.9911281354725379 9.8717216998338682 6.1068280562758437 10.074946433305739 4.2560683563351622 4.2503485828638077
leaf_count=41 38 20 33 21 15
internal_value=0.000419708 -0.0171882 0.0114217 -0.00854148 0.0215088
internal_weight=41.551 15.9785 25.5725 15.4975 11.2415
internal_count=168 58 110 77 56
is_linear=0
shrinkage=0.1


Tree=53
num_leaves=6
num_cat=0
split_feature=8 4 3 4 3
split_gain=0.712365 1.07477 2.61592 1.26253 1.81453
threshold=0.031394684011649361 0.80989846517331909 2.7247707097754179 0.66908917878788554 2.6627842262825738
decision_type=2 2 2 2 2
left_child=1 3 -3 4 -1
right_child=-2 2 -4 -5 -6
leaf_value=0.037193341339461027 -0.037281975469656121 -0.075985539263656254 0.018517313027034871 0.061147793544543007 -0.023908899002945759
leaf_weight=9.33325900137425 4.4769252091646186 4.8831792548298818 7.3197318203747272 5.1275289207696906 10.140798203647135
leaf_count=33 16 25 31 20 43
internal_value=0.000382714 0.00496427 -0.0192994 0.0169996 0.00537534
internal_weight=41.2814 36.8045 12.2029 24.6016 19.4741
internal_count=168 152 56 96 76
is_linear=0
shrinkage=0.1


Tree=54
num_leaves=5
num_cat=0
split_feature=3 4 4 1
split_gain=0.726486 0.794926 1.12176 1.33131
threshold=1.7234551683018788 1.3249711304273739 0.87591190704353949 8.2206213476756798
decision_type=2 2 2 2
left_child=-1 2 3 -2
right_child=1 -3 -4 -5
leaf_value=-0.032815698467956997 -0.038821420961503601 0.038430822027331168 -0.044979458858632554 0.019310452606044207
leaf_weight=5.6923313215374938 4.937439523637301 6.1265823841094962 4.8741110004484645 19.493448380380869
leaf_count=26 23 18 24 77
internal_value=0.000344466 0.00567188 -0.0011768 0.0075621
internal_weight=41.1239 35.4316 29.305 24.4309
internal_count=168 142 124 100
is_linear=0
shrinkage=0.1


Tree=55
num_leaves=6
num_cat=0
split_feature=1 2 2 4 9
split_gain=0.619648 2.80801 1.38207 2.46197 1.69856
threshold=8.069091561072387 7.7520663141881867 8.6487655169602871 0.50476949761042544 0.028319143987391503
decision_type=2 2 2 2 2
left_child=-1 -2 4 -4 -3
right_child=1 2 3 -5 -6
leaf_value=0.030249334021124799 -0.06285609070038542 -0.010565164334730415 0.031010270860643115 -0.056822002349684014 0.056713411544817433
leaf_weight=5.9148970246314994 6.7199403867125502 6.3615916669368771 6.0566925853490812 6.7458130344748497 9.1498404890298826
leaf_count=22 38 29 20 30 29
internal_value=0.00031134 -0.0047432 0.00904913 -0.0152697 0.0291209
internal_weight=40.9488 35.0339 28.3139 12.8025 15.5114
internal_count=168 146 108 50 58
is_linear=0
shrinkage=0.1


Tree=56
num_leaves=5
num_cat=0
split_feature=3 4 1 1
split_gain=0.673858 0.719545 1.01854 1.02211
threshold=1.7234551683018788 1.3249711304273739 9.0735072731962401 8.2022773007895307
decision_type=2 2 2 2
left_child=-1 2 3 -2
right_child=1 -3 -4 -5
leaf_value=-0.031804061608924426 -0.028129608969845274 0.036721787185475162 -0.036307422279135991 0.021178359904158627
leaf_weight=5.6364615336060515 5.5983986854553285 6.0803761929273596 6.4046058654785147 16.87894961796701
leaf_count=26 26 18 30 68
internal_value=0.000282592 0.00545545 -0.0011269 0.0088973
internal_weight=40.5988 34.9623 28.882 22.4773
internal_count=168 142 124 94
is_linear=0
shrinkage=0.1


Tree=57
num_leaves=6
num_cat=0
split_feature=8 4 4 4 3
split_gain=0.641753 0.89392 2.31503 1.10801 1.5357
threshold=0.031394684011649361 0.80989846517331909 1.2760134413838389 0.66908917878788554 2.6627842262825738
decision_type=2 2 2 2 2
left_child=1 3 -3 4 -1
right_child=-2 2 -4 -5 -6
leaf_value=0.034085485305906583 -0.035779879276434223 -0.069299041279996948 0.020255655707005424 0.057560562073610738 -0.022523440561040477
leaf_weight=9.2441550642252022 4.4033926576375952 5.0291607324033958 6.7753574922680855 5.0071206688880912 9.9506971985101682
leaf_count=33 16 32 24 20 43
internal_value=0.000256142 0.00466315 -0.017898 0.0156673 0.00473917
internal_weight=40.4099 36.0065 11.8045 24.202 19.1949
internal_count=168 152 56 96 76
is_linear=0
shrinkage=0.1


Tree=58
num_leaves=5
num_cat=0
split_feature=3 8 6 6
split_gain=0.619228 0.72126 1.1811 1.60439
threshold=1.7234551683018788 0.030541239720311104 12.945840416953869 11.57147543595943
decision_type=2 2 2 2
left_child=-1 2 3 -2
right_child=1 -3 -4 -5
leaf_value=-0.030685112005132482 -0.017888566491520739 0.034498031175768766 -0.035928807300508361 0.038188996361064889
leaf_weight=5.5806292667984954 10.060368776321416 6.7655759900808325 7.4675912745296946 10.351407848298548
leaf_count=26 45 21 37 39
internal_value=0.000228697 0.00520831 -0.00189952 0.01055
internal_weight=40.2256 34.6449 27.8794 20.4118
internal_count=168 142 121 84
is_linear=0
shrinkage=0.1


Tree=59
num_leaves=7
num_cat=0
split_feature=8 4 3 6 3 5
split_gain=0.61841 0.727317 2.33006 1.07277 2.3403 1.67727
threshold=0.031394684011649361 0.80989846517331909 2.7247707097754179 11.850845306257726 3.0864679438892222 0.50220402475252868
decision_type=2 2 2 2 2 2
left_child=1 3 -3 5 -5 -1
right_child=-2 2 -4 4 -6 -7
leaf_value=0.001704237503532988 -0.03519842674275396 -0.071506572573535751 0.020098261333999487 0.034197901175803701 -0.05508798720416546 0.076098840966296169
leaf_weight=6.7224940583109873 4.3920265883207312 4.5792779475450498 7.0540238618850708 6.3620046898722631 5.4509236365556717 5.5181547999382019
leaf_count=27 16 25 31 25 26 18
internal_value=0.000209622 0.00456733 -0.0159606 0.0144955 -0.00700192 0.0352418
internal_weight=40.0789 35.6869 11.6333 24.0536 11.8129 12.2406
internal_count=168 152 56 96 51 45
is_linear=0
shrinkage=0.1


Tree=60
num_leaves=7
num_cat=0
split_feature=0 3 5 5 3 4
split_gain=0.606334 1.98811 1.30253 3.71159 2.71665 1.71197
threshold=9.749305725097658 3.0864679438892222 0.43905218325977935 0.17865331557529124 3.2442961588709163 0.80989846517331909
decision_type=2 2 2 2 2 2
left_child=2 -2 3 -1 5 -4
right_child=1 -3 4 -5 -6 -7
leaf_value=0.02153441959242805 0.06127500579030936 -0.022784182020956636 0.018712622063423383 -0.10406001693959979 0.066354194520875168 -0.052267636110696993
leaf_weight=4.9684831574559229 5.7106485664844495 5.5463346615433693 6.8228551447391528 4.4697942212224007 5.556713515892624 6.7692661918699741
leaf_count=18 19 25 28 22 21 35
internal_value=0.000200509 0.0198589 -0.00754054 -0.0379448 0.00744543 -0.0166376
internal_weight=39.8441 11.257 28.5871 9.43828 19.1488 13.5921
internal_count=168 44 124 40 84 63
is_linear=0
shrinkage=0.1


Tree=61
num_leaves=6
num_cat=0
split_feature=6 6 6 3 3
split_gain=0.608081 1.56224 1.97415 1.34004 0.588249
threshold=10.011413008187761 11.57147543595943 11.979010454351284 2.5381167595910643 2.5381167595910643
decision_type=2 2 2 2 2
left_child=-1 4 -3 -4 -2
right_child=1 2 3 -5 -6
leaf_value=0.03159803554671136 -0.0095816874014382214 0.072111298627851039 -0.046577517657740201 0.012527875579705014 -0.056647447648502991
leaf_weight=5.3301048427820197 4.7009537294507009 4.1774358004331615 5.2914441712200668 13.944625925272701 6.1031519882380962
leaf_count=20 19 15 25 59 30
internal_value=0.000180145 -0.00471385 0.00980095 -0.00373079 -0.0361688
internal_weight=39.5477 34.2176 23.4135 19.2361 10.8041
internal_count=168 148 99 84 49
is_linear=0
shrinkage=0.1


Tree=62
num_leaves=6
num_cat=0
split_feature=8 5 5 8 3
split_gain=0.623257 2.06145 1.58253 1.31923 1.23919
threshold=0.028483992514589152 0.87573494466401913 0.31218061336356845 0.027333953594296152 3.1136392899723071
decision_type=2 2 2 2 2
left_child=2 -2 -1 4 -4
right_child=1 -3 3 -5 -6
leaf_value=0.049451356090531688 -0.044707586358982032 0.031027247284369265 0.00033322821604210904 0.041047572782652045 -0.065134140150831549
leaf_weight=7.1943382173776653 9.3820501714944822 5.8256976604461661 8.1687032952904719 4.3423082008957854 4.4752639085054389
leaf_count=26 38 20 41 17 26
internal_value=0.000166219 -0.0156955 0.010142 -0.00650697 -0.0228386
internal_weight=39.3884 15.2077 24.1806 16.9863 12.644
internal_count=168 58 110 84 67
is_linear=0
shrinkage=0.1


Tree=63
num_leaves=6
num_cat=0
split_feature=6 6 6 1 7
split_gain=0.781626 1.28352 1.6592 1.38225 1.02151
threshold=9.9284380252938735 11.57147543595943 11.979010454351284 9.4191434232586531 10.66505812715828
decision_type=2 2 2 2 2
left_child=-1 4 -3 -4 -2
right_child=1 2 3 -5 -6
leaf_value=0.041318210679380005 -0.066939100917664612 0.066673497914314747 -0.027730524027035339 0.026398213326980665 -0.0073043809734481581
leaf_weight=4.1271606907248488 4.8089361153542978 4.1091045439243343 10.4891923815012 8.5740175992250425 7.1328387074172497
leaf_count=15 24 15 52 32 30
internal_value=0.000151789 -0.00468674 0.00903821 -0.00338516 -0.0313192
internal_weight=39.2413 35.1141 23.1723 19.0632 11.9418
internal_count=168 153 99 84 54
is_linear=0
shrinkage=0.1


Tree=64
num_leaves=6
num_cat=0
split_feature=3 2 5 2 6
split_gain=0.641658 0.708751 2.29678 2.41891 0.316516
threshold=1.7234551683018788 8.6487655169602871 0.43905218325977935 7.8167742504915685 12.816074517635263
decision_type=2 2 2 2 2
left_child=-1 2 -2 -4 -3
right_child=1 4 3 -5 -6
leaf_value=-0.032120099505053346 -0.038679602988017231 -0.0018392775648584721 -0.015989484139133311 0.061005467302730057 -0.037694984139002331
leaf_weight=5.3251200169324866 6.0073325410485294 5.8462761342525464 6.4225307926535633 11.188691541552542 4.2529123798012733
leaf_count=26 28 22 34 40 18
internal_value=0.000138499 0.00523317 0.0147137 0.0329266 -0.0169386
internal_weight=39.0429 33.7177 23.6186 17.6112 10.0992
internal_count=168 142 102 74 40
is_linear=0
shrinkage=0.1


Tree=65
num_leaves=5
num_cat=0
split_feature=4 5 2 5
split_gain=0.794607 1.13264 1.89895 2.02889
threshold=1.0000000180025095e-35 0.43905218325977935 8.6487655169602871 0.69329239264483966
decision_type=2 2 2 2
left_child=-1 -2 3 -3
right_child=1 2 -4 -5
leaf_value=0.040128709610913131 -0.03722055660263484 0.063229468939959593 -0.037354555586380518 -0.004271285050926393
leaf_weight=4.4044473916292182 8.2768394500017148 7.3420871496200624 7.4766668975353232 11.315659470856188
leaf_count=14 38 29 33 54
internal_value=0.00013635 -0.00498245 0.00522745 0.0222912
internal_weight=38.8157 34.4113 26.1344 18.6577
internal_count=168 154 116 83
is_linear=0
shrinkage=0.1


Tree=66
num_leaves=6
num_cat=0
split_feature=4 5 3 9 3
split_gain=0.648595 0.921777 1.87345 2.31797 1.31315
threshold=1.0000000180025095e-35 0.43905218325977935 2.7944587104552747 0.028734504981743004 3.7245276561630987
decision_type=2 2 2 2 2
left_child=-1 -2 3 -3 -4
right_child=1 2 4 -5 -6
leaf_value=0.036410499639946685 -0.033633358850317367 -0.079831223845749394 0.05125585967588147 0.010946525913248673 -0.012458059735906446
leaf_weight=4.3706496655941001 8.2453785911202413 4.6375477984547633 9.3055532239377481 7.1490580439567566 4.9584276489913455
leaf_count=14 38 28 38 27 23
internal_value=0.000130493 -0.004493 0.00473033 -0.0247708 0.0291077
internal_weight=38.6666 34.296 26.0506 11.7866 14.264
internal_count=168 154 116 55 61
is_linear=0
shrinkage=0.1


Tree=67
num_leaves=5
num_cat=0
split_feature=3 8 6 6
split_gain=0.651284 0.676541 0.995827 1.27743
threshold=1.7234551683018788 0.030541239720311104 12.945840416953869 11.57147543595943
decision_type=2 2 2 2
left_child=-1 2 3 -2
right_child=1 -3 -4 -5
leaf_value=-0.032793035375756778 -0.016034564760710281 0.034138841526595368 -0.033360586634302483 0.035193604696816559
leaf_weight=5.200786691159009 9.5750601477921062 6.5219224840402594 7.271216230466961 9.9010367114096862
leaf_count=26 45 21 37 39
internal_value=0.000115688 0.00526012 -0.00178152 0.0100082
internal_weight=38.47 33.2692 26.7473 19.4761
internal_count=168 142 121 84
is_linear=0
shrinkage=0.1


Tree=68
num_leaves=6
num_cat=0
split_feature=8 5 5 7 9
split_gain=0.673075 1.69212 1.33532 1.39237 1.38272
threshold=0.028483992514589152 0.87573494466401913 0.31218061336356845 12.738920638409233 0.027903576762691503
decision_type=2 2 2 2 2
left_child=2 -2 -1 4 -4
right_child=1 -3 3 -5 -6
leaf_value=0.047247169674724351 -0.043258182440693072 0.026324245728217649 -0.045167977938542957 0.045404085467556247 0.025653382390433924
leaf_weight=6.9931187555193928 9.1260699331760389 5.6639105379581443 8.2858749907463807 4.1330266222357741 4.1313425451517096
leaf_count=26 38 20 48 20 16
internal_value=0.000107192 -0.0166112 0.0106097 -0.00487105 -0.0216049
internal_weight=38.3333 14.79 23.5434 16.5502 12.4172
internal_count=168 58 110 84 64
is_linear=0
shrinkage=0.1


Tree=69
num_leaves=6
num_cat=0
split_feature=3 3 6 4 3
split_gain=0.58923 0.606471 1.72409 1.81832 1.27435
threshold=1.7234551683018788 2.2044592020863454 11.57147543595943 0.74747467041015636 3.0864679438892222
decision_type=2 2 2 2 2
left_child=-1 -2 3 -3 -4
right_child=1 2 4 -5 -6
leaf_value=-0.031401965381065877 0.032289305092722882 0.0029070818011514184 0.05242022012500034 -0.086669639779285185 -0.0037935134158548025
leaf_weight=5.1397180929779998 6.5321008116006842 5.1166310533881205 6.3651233110576895 4.067592266947031 11.005742838606237
leaf_count=26 24 22 26 21 49
internal_value=9.85742e-05 0.00499182 -0.00172289 -0.0367655 0.0168046
internal_weight=38.2269 33.0872 26.5551 9.18422 17.3709
internal_count=168 142 118 43 75
is_linear=0
shrinkage=0.1


Tree=70
num_leaves=6
num_cat=0
split_feature=1 2 2 4 9
split_gain=0.576838 1.94527 1.14215 1.69449 1.52543
threshold=8.069091561072387 7.7520663141881867 8.6487655169602871 0.50476949761042544 0.028319143987391503
decision_type=2 2 2 2 2
left_child=-1 -2 4 -4 -3
right_child=1 2 3 -5 -6
leaf_value=0.030120685538050768 -0.055813014877578837 -0.012519904573202623 0.023350753275892616 -0.05189981967920515 0.053172382427648046
leaf_weight=5.4761331863701335 6.1115174964070311 6.0857772603631046 5.7133281975984556 6.2833524309098721 8.4327370822429639
leaf_count=22 38 29 20 30 29
internal_value=8.77546e-05 -0.00495303 0.00676974 -0.0160623 0.0256359
internal_weight=38.1028 32.6267 26.5152 11.9967 14.5185
internal_count=168 146 108 50 58
is_linear=0
shrinkage=0.1


Tree=71
num_leaves=6
num_cat=0
split_feature=8 5 1 1 8
split_gain=0.584285 1.52059 1.20691 2.10936 0.984527
threshold=0.028483992514589152 0.87573494466401913 8.1319736678277383 8.4456918205556111 0.026876990273229102
decision_type=2 2 2 2 2
left_child=2 -2 -1 -4 -5
right_child=1 -3 3 4 -6
leaf_value=0.064667769825004856 -0.040932857865583872 0.025625075845978132 -0.069096106808083715 -0.0050407433645908335 0.044952063815305851
leaf_weight=3.4325249418616322 9.0257686451077443 5.5389924496412268 3.5749636180698898 9.4652851819992083 6.7473330050706855
leaf_count=17 38 20 23 47 23
internal_value=8.04219e-05 -0.0156208 0.00992899 0.000433525 0.0157652
internal_weight=37.7849 14.5648 23.2201 19.7876 16.2126
internal_count=168 58 110 93 70
is_linear=0
shrinkage=0.1


Tree=72
num_leaves=6
num_cat=0
split_feature=3 6 6 1 6
split_gain=0.632092 0.581363 1.01353 0.864441 0.604737
threshold=1.7234551683018788 12.990726148243995 11.57147543595943 8.4246450577512988 12.250893950462343
decision_type=2 2 2 2 2
left_child=-1 2 3 -2 -4
right_child=1 -3 4 -5 -6
leaf_value=-0.032785261215978939 0.016047748997865423 -0.019496169698139991 0.054519011026051681 -0.035940203386743211 0.0098341310122006254
leaf_weight=5.0637955144047728 7.2150939516723174 7.3685013446956864 6.3516557365655881 5.7451376542448997 5.7889265697449446
leaf_count=26 31 37 24 26 24
internal_value=7.57795e-05 0.00520067 0.0124506 -0.00699798 0.0332122
internal_weight=37.5331 32.4693 25.1008 12.9602 12.1406
internal_count=168 142 105 57 48
is_linear=0
shrinkage=0.1


Tree=73
num_leaves=6
num_cat=0
split_feature=0 3 2 2 1
split_gain=0.542089 1.44664 1.17139 1.56389 2.65717
threshold=9.749305725097658 3.0864679438892222 8.5938760442778044 8.0159193277131848 8.069091561072387
decision_type=2 2 2 2 2
left_child=2 -2 3 4 -1
right_child=1 -3 -4 -5 -6
leaf_value=0.038280770505582151 0.054806155989296029 -0.018416541548487746 -0.047358544781468663 0.035254105192013351 -0.058357154965062455
leaf_weight=4.7017588205635601 5.512983672320841 5.2845435217022896 5.7950631566345683 8.8767174333333951 7.205963421612978
leaf_count=19 19 25 28 34 43
internal_value=7.45064e-05 0.0189694 -0.00760126 0.00348377 -0.0201997
internal_weight=37.377 10.7975 26.5795 20.7844 11.9077
internal_count=168 44 124 96 62
is_linear=0
shrinkage=0.1


Tree=74
num_leaves=6
num_cat=0
split_feature=8 6 3 8 5
split_gain=0.521724 1.5396 0.690712 1.77223 0.859249
threshold=0.025977645393418753 11.850845306257726 1.9852964160083988 0.027333953594296152 0.62593888565663991
decision_type=2 2 2 2 2
left_child=1 -1 -2 -4 -5
right_child=2 -3 3 4 -6
leaf_value=0.056935636055073229 -0.041408385485662121 -0.021474110961386669 -0.043490399909440397 -0.013478333087524934 0.035578442551885428
leaf_weight=5.2509400770068151 4.834338832646611 4.7872478533536196 6.5314646437764194 5.4805967733263961 10.244222074747084
leaf_count=25 22 31 30 22 38
internal_value=6.81332e-05 0.0195417 -0.00714764 0.000294216 0.0184806
internal_weight=37.1288 10.0382 27.0906 22.2563 15.7248
internal_count=168 56 112 90 60
is_linear=0
shrinkage=0.1


Tree=75
num_leaves=6
num_cat=0
split_feature=8 7 7 8 1
split_gain=0.580165 1.4995 1.80566 1.20725 1.1935
threshold=0.028483992514589152 10.361398900758948 12.738920638409233 0.025581731240087804 8.5789643652532828
decision_type=2 2 2 2 2
left_child=1 -1 3 -3 -2
right_child=4 2 -4 -5 -6
leaf_value=0.070708645003623338 0.0086887953589925536 -0.065777403876560656 0.046332539649148199 -0.00099346227626157402 -0.049986234592904695
leaf_weight=3.4493974298238781 8.3251693993806821 4.1333727594465044 5.7067684382200232 9.4595060683786851 5.9402888715267173
leaf_count=17 32 28 25 40 26
internal_value=6.57613e-05 0.00997981 -0.000874167 -0.0206932 -0.0157441
internal_weight=37.0145 22.749 19.2996 13.5929 14.2655
internal_count=168 110 93 68 58
is_linear=0
shrinkage=0.1


Tree=76
num_leaves=6
num_cat=0
split_feature=8 7 7 5 8
split_gain=0.471488 1.21234 1.47116 1.20227 1.00093
threshold=0.028483992514589152 10.361398900758948 12.738920638409233 0.87573494466401913 0.025581731240087804
decision_type=2 2 2 2 2
left_child=1 -1 4 -2 -3
right_child=3 2 -4 -5 -6
leaf_value=0.063557065918756539 -0.037012207094584866 -0.060213825986283144 0.041920373193625661 0.022875617358293722 -0.00089398657551862976
leaf_weight=3.4535468555986908 8.808137893676756 4.0673747062683132 5.6782387606799594 5.4117253348231307 9.4608030505478364
leaf_count=17 38 28 25 20 40
internal_value=5.28501e-05 0.00900977 -0.00079849 -0.0142204 -0.0187291
internal_weight=36.8798 22.66 19.2064 14.2199 13.5282
internal_count=168 110 93 58 68
is_linear=0
shrinkage=0.1


Tree=77
num_leaves=6
num_cat=0
split_feature=3 6 6 4 2
split_gain=0.694581 0.603939 0.971658 0.825546 0.479489
threshold=1.7234551683018788 12.990726148243995 11.57147543595943 0.7562050201559033 8.036742124825528
decision_type=2 2 2 2 2
left_child=-1 2 3 -2 -4
right_child=1 -3 4 -5 -6
leaf_value=-0.034997240534206518 0.013624849701955459 -0.02002916966694512 0.010868440469870309 -0.038769530563015374 0.051266930967407733
leaf_weight=4.9025941044092169 7.9073909297585541 7.2089136596769086 5.2649195939302427 4.8528652042150497 6.6474402993917465
leaf_count=26 33 37 25 24 23
internal_value=4.46719e-05 0.00543325 0.0128729 -0.00630131 0.033412
internal_weight=36.7841 31.8815 24.6726 12.7603 11.9124
internal_count=168 142 105 57 48
is_linear=0
shrinkage=0.1


Tree=78
num_leaves=5
num_cat=0
split_feature=2 0 1 4
split_gain=0.521776 1.73783 1.64796 1.07131
threshold=9.2810107137231164 9.749305725097658 8.6698195465797205 0.42321027488418844
decision_type=2 2 2 2
left_child=1 2 3 -1
right_child=-2 -3 -4 -5
leaf_value=0.03742415610419874 -0.028400396073443662 0.046822706536575415 -0.058504626962409136 -0.012626023584058369
leaf_weight=6.7283555939793684 5.4820837825536719 7.5472604483366004 5.1204281561076632 11.736614610999821
leaf_count=27 23 31 27 60
internal_value=4.74489e-05 0.00505677 -0.00830821 0.0056115
internal_weight=36.6147 31.1327 23.5854 18.465
internal_count=168 145 114 87
is_linear=0
shrinkage=0.1


Tree=79
num_leaves=5
num_cat=0
split_feature=3 8 4 4
split_gain=0.525439 0.611906 0.928353 2.00093
threshold=1.7234551683018788 0.030541239720311104 1.3249711304273739 0.80989846517331909
decision_type=2 2 2 2
left_child=-1 2 3 -2
right_child=1 -3 -4 -5
leaf_value=-0.03058916939906893 0.0046467439747229344 0.032956892939444642 0.039928068603290789 -0.072129147509834873
leaf_weight=4.8552687391638747 16.922641377896081 6.1849016994237891 4.3582181036472312 4.2463434208184472
leaf_count=26 78 21 14 29
internal_value=4.59915e-05 0.00473638 -0.00210108 -0.0107539
internal_weight=36.5674 31.7121 25.5272 21.169
internal_count=168 142 121 107
is_linear=0
shrinkage=0.1


Tree=80
num_leaves=6
num_cat=0
split_feature=4 5 3 9 3
split_gain=0.52951 0.947328 1.61235 1.71886 1.21317
threshold=1.0000000180025095e-35 0.43905218325977935 2.7944587104552747 0.028734504981743004 3.7245276561630987
decision_type=2 2 2 2 2
left_child=-1 -2 3 -3 -4
right_child=1 2 4 -5 -6
leaf_value=0.03387932035367703 -0.034299382693369677 -0.072566139886658901 0.050011301542320835 0.0088127780805378423 -0.013416375587915079
leaf_weight=4.1026669442653647 7.922845169901847 4.2721470296382922 8.9372021555900556 6.6132214665412903 4.5511813666671506
leaf_count=14 38 28 38 27 23
internal_value=3.88815e-05 -0.0042599 0.00550463 -0.0231258 0.0286099
internal_weight=36.3993 32.2966 24.3738 10.8854 13.4884
internal_count=168 154 116 55 61
is_linear=0
shrinkage=0.1


Tree=81
num_leaves=6
num_cat=0
split_feature=3 3 6 1 4
split_gain=0.470059 0.62528 1.1758 1.1351 1.07464
threshold=1.7234551683018788 2.2044592020863454 11.57147543595943 8.2847323965474313 0.70422707079114855
decision_type=2 2 2 2 2
left_child=-1 -2 3 -3 -4
right_child=1 2 4 -5 -6
leaf_value=-0.029146322974384714 0.032799588213625858 0.007240942762298733 -0.014890154650656582 -0.065257607015786798 0.036432819564119312
leaf_weight=4.7901700139045706 6.2474335134029415 3.9635304063558596 7.4611399210989502 4.7450783029198647 9.0023128502070886
leaf_count=26 24 19 36 24 39
internal_value=3.38793e-05 0.00448265 -0.00254531 -0.0322615 0.0131735
internal_weight=36.2097 31.4195 25.1721 8.70861 16.4635
internal_count=168 142 118 43 75
is_linear=0
shrinkage=0.1


Tree=82
num_leaves=7
num_cat=0
split_feature=4 3 3 0 3 1
split_gain=0.497729 1.83703 1.79293 1.17797 1.19985 0.588213
threshold=0.39534453453961765 2.8742581554033442 2.4418171056156415 9.0869573825691923 3.4494648664571312 8.4871896866308045
decision_type=2 2 2 2 2 2
left_child=1 -1 5 -4 -5 -2
right_child=2 -3 3 4 -6 -7
leaf_value=0.05016585129441458 -0.077616923479361832 -0.030814958347346162 -0.023577475444229549 0.062471227478101646 -0.0059865942403023913 -0.022621466695917795
leaf_weight=6.8597085960209352 3.5425152592361 4.7347614169120789 6.2841536477208164 5.6290747597813588 4.6961896866559982 4.3122207075357437
leaf_count=25 20 22 35 23 22 21
internal_value=3.02369e-05 0.0170962 -0.00805797 0.0105589 0.0313349 -0.0474246
internal_weight=36.0586 11.5945 24.4642 16.6094 10.3253 7.85474
internal_count=168 47 121 80 45 41
is_linear=0
shrinkage=0.1


Tree=83
num_leaves=5
num_cat=0
split_feature=1 0 5 3
split_gain=0.444186 0.800025 0.838658 2.01238
threshold=9.7316232100629598 9.749305725097658 0.43905218325977935 3.2442961588709163
decision_type=2 2 2 2
left_child=1 2 -1 -4
right_child=-2 -3 3 -5
leaf_value=-0.029062052981362985 -0.026791358973182619 0.039111459397553679 -0.012121549998628462 0.064340023799510038
leaf_weight=8.2455279529094749 5.2663144171237937 5.5207797139883033 11.96245686709881 4.8326446730643502
leaf_count=39 23 23 63 20
internal_value=3.15682e-05 0.00465367 -0.00294334 0.0098796
internal_weight=35.8277 30.5614 25.0406 16.7951
internal_count=168 145 122 83
is_linear=0
shrinkage=0.1


Tree=84
num_leaves=6
num_cat=0
split_feature=4 8 9 5 7
split_gain=0.507505 1.32055 0.909715 1.70809 1.16573
threshold=0.18413116130977866 0.025581731240087804 0.029006274829773353 1.0207566607538612 11.565772953995731
decision_type=2 2 2 2 2
left_child=-1 -2 4 -4 -3
right_child=1 2 3 -5 -6
leaf_value=0.022187500020316876 -0.059903129436665918 0.049113380579371702 -0.055651382813109912 0.027189065646267586 -0.0094325788389633784
leaf_weight=8.0219744890928251 3.9515901450067785 6.7085443548858184 5.8019518181681615 4.3590092957019806 6.8979632407426834
leaf_count=32 34 27 29 16 30
internal_value=3.69156e-05 -0.00637353 0.00252633 -0.0201132 0.0194329
internal_weight=35.741 27.7191 23.7675 10.161 13.6065
internal_count=168 136 102 45 57
is_linear=0
shrinkage=0.1


Tree=85
num_leaves=7
num_cat=0
split_feature=4 6 3 9 3 8
split_gain=0.422541 1.60292 1.3976 1.59183 1.07317 0.988704
threshold=0.39534453453961765 11.850845306257726 2.7944587104552747 0.028734504981743004 3.7901906118583901 0.027699974521858853
decision_type=2 2 2 2 2 2
left_child=1 -1 3 -2 5 -4
right_child=2 -3 4 -5 -6 -7
leaf_value=0.052275179802301577 -0.083676200204828133 -0.022421478453149336 0.066487530314545018 -0.0038488114387328445 -0.026444945616457612 0.00034086812168425672
leaf_weight=5.8817105591297132 4.0838786493986863 5.6157635450363159 4.5408832076936942 6.4326963685452938 4.4444712735712519 4.4981125518679619
leaf_count=22 29 25 22 28 22 20
internal_value=2.77102e-05 0.0157908 -0.00752374 -0.034848 0.0137881 0.0335707
internal_weight=35.4975 11.4975 24 10.5166 13.4835 9.039
internal_count=168 47 121 57 64 42
is_linear=0
shrinkage=0.1


Tree=86
num_leaves=6
num_cat=0
split_feature=3 6 4 4 7
split_gain=0.388588 0.70131 1.29171 1.13733 1.01473
threshold=1.7234551683018788 11.850845306257726 0.70422707079114855 0.50476949761042544 10.66505812715828
decision_type=2 2 2 2 2
left_child=-1 3 -3 -2 -5
right_child=1 2 -4 4 -6
leaf_value=-0.027031474393138834 0.056950419617620485 -0.040324770030380958 0.017033064336737111 -0.035808067924431711 0.029001160286218682
leaf_weight=4.6168672628700724 5.2730051130056408 7.5952411778271189 8.1278025005012733 4.4621046595275384 5.2681906931102276
leaf_count=26 21 39 37 22 23
internal_value=1.89131e-05 0.00408344 -0.0106745 0.0195493 -0.000718961
internal_weight=35.3432 30.7263 15.723 15.0033 9.7303
internal_count=168 142 76 66 45
is_linear=0
shrinkage=0.1


Tree=87
num_leaves=7
num_cat=0
split_feature=4 2 8 9 2 0
split_gain=0.427616 0.817303 1.3356 2.70901 1.22794 0.240029
threshold=1.0000000180025095e-35 8.6487655169602871 0.026876990273229102 0.026223603306856153 7.8167742504915685 10.13529831543565
decision_type=2 2 2 2 2 2
left_child=-1 2 3 -2 -4 -3
right_child=1 5 4 -5 -6 -7
leaf_value=0.030670010355522623 0.015719893424107748 -0.046168927252468191 -0.014062625570553875 -0.1028120795230496 0.046833056659133204 -0.01224566035737275
leaf_weight=4.0309312120079985 5.5459665246307903 4.545780969783662 5.2190584018826476 2.955769857391715 9.0591117590665799 3.8542769700288773
leaf_count=14 34 23 26 20 34 17
internal_value=2.05076e-05 -0.00394185 0.00588964 -0.0254897 0.024574 -0.0306036
internal_weight=35.2109 31.18 22.7799 8.50174 14.2782 8.40006
internal_count=168 154 114 54 60 40
is_linear=0
shrinkage=0.1


Tree=88
num_leaves=6
num_cat=0
split_feature=8 5 8 8 6
split_gain=0.403788 1.13408 1.04115 1.90662 1.15197
threshold=0.028483992514589152 0.87573494466401913 0.026876990273229102 0.025977645393418753 11.850845306257726
decision_type=2 2 2 2 2
left_child=2 -2 3 4 -1
right_child=1 -3 -4 -5 -6
leaf_value=0.046539714126895337 -0.036667628121874699 0.023292350810352847 0.035640241744988359 -0.071510812428888501 -0.023400574091999853
leaf_weight=5.0919881947338599 8.2220838665962201 5.1179525777697554 8.5281017906963807 3.5754250138998023 4.3812269605696201
leaf_count=25 38 20 33 21 31
internal_value=1.26972e-05 -0.0136638 0.00846831 -0.00929025 0.0141933
internal_weight=34.9168 13.34 21.5767 13.0486 9.47322
internal_count=168 58 110 77 56
is_linear=0
shrinkage=0.1


Tree=89
num_leaves=6
num_cat=0
split_feature=3 6 6 2 9
split_gain=0.438344 0.600234 0.822242 0.736463 0.467332
threshold=1.7234551683018788 12.990726148243995 11.57147543595943 7.9394935716229744 0.028197136377194253
decision_type=2 2 2 2 2
left_child=-1 2 3 -2 -4
right_child=1 -3 4 -5 -6
leaf_value=-0.028870860145738631 -0.040048852999822776 -0.021670372125752915 0.051979839890344708 0.011875273312614978 0.011117441323107664
leaf_weight=4.5634017921984187 4.1721223108470493 6.8335946276783934 5.6014568321406824 7.9111741036176682 5.5939078778028488
leaf_count=26 24 37 26 33 22
internal_value=1.08301e-05 0.00438774 0.0120373 -0.0060531 0.0315624
internal_weight=34.6757 30.1123 23.2787 12.0833 11.1954
internal_count=168 142 105 57 48
is_linear=0
shrinkage=0.1


Tree=90
num_leaves=6
num_cat=0
split_feature=0 2 2 1 2
split_gain=0.395692 0.765493 1.08144 1.04193 0.746336
threshold=10.486149702236039 8.4654093391287457 8.0159193277131848 8.069091561072387 9.1115780196264158
decision_type=2 2 2 2 2
left_child=1 2 3 -1 -3
right_child=-2 4 -4 -5 -6
leaf_value=0.031051321445614191 0.028654238219091323 -0.05097588871830408 0.039129923497734288 -0.029330056516030534 0.0030002715240684636
leaf_weight=4.2414092421531739 4.2322297841310492 5.5628588180989009 6.9948157146573058 8.7605273053050023 4.7483294084668159
leaf_count=19 18 29 29 53 20
internal_value=1.17872e-05 -0.00398787 0.00742427 -0.00963283 -0.0261197
internal_weight=34.5402 30.3079 19.9968 13.0019 10.3112
internal_count=168 150 101 72 49
is_linear=0
shrinkage=0.1


Tree=91
num_leaves=6
num_cat=0
split_feature=3 3 6 0 6
split_gain=0.384258 0.570103 1.02271 1.20303 0.975579
threshold=1.7234551683018788 2.2044592020863454 11.57147543595943 8.351242775277969 12.990726148243995
decision_type=2 2 2 2 2
left_child=-1 -2 3 -3 -4
right_child=1 2 4 -5 -6
leaf_value=-0.027175840574582191 0.032243017631015607 0.0054539581928718835 0.033620713760405672 -0.070605146745886235 -0.016850270056878829
leaf_weight=4.5149661693722001 5.8081371933221844 4.340679235756399 9.0897146966308338 3.9921675175428391 6.6183952186256638
leaf_count=26 24 19 39 24 36
internal_value=1.34189e-05 0.00412606 -0.00266681 -0.0309851 0.0123555
internal_weight=34.3641 29.8491 24.041 8.33285 15.7081
internal_count=168 142 118 43 75
is_linear=0
shrinkage=0.1


Tree=92
num_leaves=6
num_cat=0
split_feature=5 5 3 5 9
split_gain=0.380048 1.11464 1.47934 1.09575 1.27653
threshold=0.69329239264483966 0.82636447694505322 2.7247707097754179 0.43905218325977935 0.027903576762691503
decision_type=2 2 2 2 2
left_child=3 -2 -3 4 -1
right_child=1 2 -4 -5 -6
leaf_value=0.016219748204496391 -0.05722873988878896 -0.033909070388028428 0.039299872699553998 0.038376065291112149 -0.052505681296151324
leaf_weight=6.9854156896471995 3.9850132819265118 5.2678062822669727 5.7984247617423534 7.7464885450899592 4.4082784727215767
leaf_count=33 24 30 26 36 19
internal_value=9.22517e-06 -0.0118798 0.00445056 0.00935841 -0.0103705
internal_weight=34.1914 15.0512 11.0662 19.1402 11.3937
internal_count=168 80 56 88 52
is_linear=0
shrinkage=0.1


Tree=93
num_leaves=7
num_cat=0
split_feature=6 6 5 8 0 7
split_gain=0.366215 0.695224 0.651209 1.39363 1.37705 0.589165
threshold=10.011413008187761 11.57147543595943 0.68082661324301796 0.027699974521858853 9.8287326365243661 10.66505812715828
decision_type=2 2 2 2 2 2
left_child=-1 5 4 -4 -3 -2
right_child=1 2 3 -5 -6 -7
leaf_value=0.026680593285950051 -0.056881357157927193 -0.0097603954847218215 -0.05116568110987868 0.024390459395940357 0.063412568658563331 -0.0059294426872697056
leaf_weight=4.4721254631876937 3.7952598333358782 5.5811258368194121 4.7129801344126445 5.0645321533083916 4.7699376866221428 5.6448194552212954
leaf_count=20 22 30 29 22 18 27
internal_value=1.03473e-05 -0.00402341 0.00647753 -0.0120293 0.0239589 -0.026414
internal_weight=34.0408 29.5687 20.1286 9.77751 10.3511 9.44008
internal_count=168 148 99 51 48 49
is_linear=0
shrinkage=0.1


Tree=94
num_leaves=5
num_cat=0
split_feature=2 1 2 2
split_gain=0.405743 1.27231 1.45426 1.13672
threshold=9.2810107137231164 9.4735900093296337 8.4654093391287457 8.0159193277131848
decision_type=2 2 2 2
left_child=1 2 3 -1
right_child=-2 -3 -4 -5
leaf_value=-0.0090841809170066814 -0.025798323324631181 0.05516170752633634 -0.052591906844359437 0.041923798627770535
leaf_weight=12.941236311569819 5.1643902398645869 4.2485589608550063 4.9405179638415566 6.59567567706108
leaf_count=73 23 17 27 28
internal_value=7.35147e-06 0.00464672 -0.00412118 0.00813615
internal_weight=33.8904 28.726 24.4774 19.5369
internal_count=168 145 128 101
is_linear=0
shrinkage=0.1


Tree=95
num_leaves=5
num_cat=0
split_feature=2 1 2 8
split_gain=0.328528 1.03635 1.18065 0.972016
threshold=9.2810107137231164 9.4735900093296337 8.4654093391287457 0.026876990273229102
decision_type=2 2 2 2
left_child=1 2 3 -1
right_child=-2 -3 -4 -5
leaf_value=-0.020663593543603892 -0.023175223101517792 0.049924013616547511 -0.047410179752076308 0.025209362957712624
leaf_weight=7.558502862229953 5.1735197305679312 4.2260843589901915 4.9328677728772155 11.87793570384383
leaf_count=48 23 17 27 53
internal_value=1.38243e-05 0.00420922 -0.00371856 0.00737014
internal_weight=33.7689 28.5954 24.3693 19.4364
internal_count=168 145 128 101
is_linear=0
shrinkage=0.1


Tree=96
num_leaves=6
num_cat=0
split_feature=4 4 1 0 4
split_gain=0.351836 1.30637 0.827523 1.92109 0.983933
threshold=0.84864200317117355 1.2760134413838389 8.2206213476756798 8.5622950328953351 0.63984376611188065
decision_type=2 2 2 2 2
left_child=2 -2 -1 -4 -5
right_child=1 -3 3 4 -6
leaf_value=-0.027174124111870743 -0.061722734229948423 0.012076952583957934 0.071887965153015321 -0.020471350867858507 0.038959078160249662
leaf_weight=5.4906054697930839 3.8232943229377252 6.4368108976632357 4.7276884987950352 9.1721775159239751 4.0009641572833052
leaf_count=30 31 27 17 45 18
internal_value=1.54942e-05 -0.0154235 0.00678746 0.0172043 -0.00242106
internal_weight=33.6515 10.2601 23.3914 17.9008 13.1731
internal_count=168 58 110 80 63
is_linear=0
shrinkage=0.1


Tree=97
num_leaves=6
num_cat=0
split_feature=5 9 0 6 4
split_gain=0.425688 0.828615 1.98532 0.921571 1.49091
threshold=1.0000000180025095e-35 0.027517929884654752 8.8852539062500018 12.816074517635263 0.84864200317117355
decision_type=2 2 2 2 2
left_child=-1 2 -2 4 -3
right_child=1 3 -4 -5 -6
leaf_value=0.031134373889347616 -0.089869808896118522 0.044785121855136584 0.0043784128427289031 -0.02774305365693297 -0.023120306321274091
leaf_weight=3.886721543967723 3.3777705337852257 9.2855380401015299 6.6064738370478153 5.2882724180817595 4.960569702088832
leaf_count=14 29 38 39 24 24
internal_value=2.47911e-05 -0.00407141 -0.0275067 0.00790664 0.0211401
internal_weight=33.4053 29.5186 9.98424 19.5344 14.2461
internal_count=168 154 68 86 62
is_linear=0
shrinkage=0.1


Tree=98
num_leaves=7
num_cat=0
split_feature=5 8 0 1 5 5
split_gain=0.347786 0.710964 1.1618 1.107 1.95012 0.925078
threshold=1.0000000180025095e-35 0.025581731240087804 10.036399157717826 8.5591927962347736 0.70317389051319268 0.70317389051319268
decision_type=2 2 2 2 2 2
left_child=-1 2 -2 5 -5 -3
right_child=1 3 -4 4 -6 -7
leaf_value=0.028244509189685914 -0.080008425968256289 0.049922799738119354 0.013403121364419728 -0.06644515085858714 0.015580127743580273 -0.006138973936117998
leaf_weight=3.8575580641627303 2.8681085342541364 6.681517109274866 2.4851616807281971 4.8840334340929967 7.1294902041554451 5.2609357628971338
leaf_count=14 29 28 14 26 32 25
internal_value=1.84592e-05 -0.00369653 -0.0366438 0.00366595 -0.0177668 0.0252262
internal_weight=33.1668 29.3092 5.35327 23.956 12.0135 11.9425
internal_count=168 154 43 111 58 53
is_linear=0
shrinkage=0.1


Tree=99
num_leaves=6
num_cat=0
split_feature=8 5 5 2 1
split_gain=0.382126 1.12951 0.893714 1.13333 1.41972
threshold=0.028483992514589152 0.87573494466401913 0.31218061336356845 8.6487655169602871 8.8929366557922283
decision_type=2 2 2 2 2
left_child=2 -2 -1 4 -4
right_child=1 -3 3 -5 -6
leaf_value=0.039930304934491401 -0.037806781417382647 0.023623002531116995 -0.014507820687665507 -0.055810095952984473 0.063639597014640475
leaf_weight=6.2556595914065865 7.629740394651888 4.9254215061664581 7.263501866720615 3.3966482095420352 3.4190148338675499
leaf_count=26 38 20 48 20 16
internal_value=9.96028e-06 -0.0137077 0.00847956 -0.00549465 0.0105038
internal_weight=32.89 12.5552 20.3348 14.0792 10.6825
internal_count=168 58 110 84 64
is_linear=0
shrinkage=0.1


end of trees

feature_importances:
target_share_L3=74
rec_tds_L3=71
receptions_std_L5=69
targets_L3=65
receptions_L5=52
receptions_L10=51
rec_tds_L5=40
target_share_L5=32
receptions_L3=29
targets_L5=16

parameters:
[boosting: gbdt]
[objective: binary]
[metric: binary_logloss]
[tree_learner: serial]
[device_type: cpu]
[data_sample_strategy: bagging]
[data: ]
[valid: ]
[num_iterations: 100]
[learning_rate: 0.1]
[num_leaves: 31]
[num_threads: 2]
[seed: 42]
[deterministic: 0]
[force_col_wise: 0]
[force_row_wise: 0]
[histogram_pool_size: -1]
[max_depth: 4]
[min_data_in_leaf: 20]
[min_sum_hessian_in_leaf: 0.001]
[bagging_fraction: 1]
[pos_bagging_fraction: 1]
[neg_bagging_fraction: 1]
[bagging_freq: 0]
[bagging_seed: 400]
[bagging_by_query: 0]
[feature_fraction: 1]
[feature_fraction_bynode: 1]
[feature_fraction_seed: 30056]
[extra_trees: 0]
[extra_seed: 12879]
[early_stopping_round: 0]
[early_stopping_min_delta: 0]
[first_metric_only: 0]
[max_delta_step: 0]
[lambda_l1: 0]
[lambda_l2: 0]
[linear_lambda: 0]
[min_gain_to_split: 0]
[drop_rate: 0.1]
[max_drop: 50]
[skip_drop: 0.5]
[xgboost_dart_mode: 0]
[uniform_drop: 0]
[drop_seed: 17869]
[top_rate: 0.2]
[other_rate: 0.1]
[min_data_per_group: 100]
[max_cat_threshold: 32]
[cat_l2: 10]
[cat_smooth: 10]
[max_cat_to_onehot: 4]
[top_k: 20]
[monotone_constraints: ]
[monotone_constraints_method: basic]
[monotone_penalty: 0]
[feature_contri: ]
[forcedsplits_filename: ]
[refit_decay_rate: 0.9]
[cegb_tradeoff: 1]
[cegb_penalty_split: 0]
[cegb_penalty_feature_lazy: ]
[cegb_penalty_feature_coupled: ]
[path_smooth: 0]
[interaction_constraints: ]
[verbosity: -1]
[saved_feature_importance_type: 0]
[use_quantized_grad: 0]
[num_grad_quant_bins: 4]
[quant_train_renew_leaf: 0]
[stochastic_rounding: 1]
[linear_tree: 0]
[max_bin: 255]
[max_bin_by_feature: ]
[min_data_in_bin: 3]
[bin_construct_sample_cnt: 200000]
[data_random_seed: 175]
[is_enable_sparse: 1]
[enable_bundle: 1]
[use_missing: 1]
[zero_as_missing: 0]
[feature_pre_filter: 1]
[pre_partition: 0]
[two_round: 0]
[header: 0]
[label_column: ]
[weight_column: ]
[group_column: ]
[ignore_column: ]
[categorical_feature: ]
[forcedbins_filename: ]
[precise_float_parser: 0]
[parser_config_file: ]
[objective_seed: 16083]
[num_class: 1]
[is_unbalance: 0]
[scale_pos_weight: 2.11111]
[sigmoid: 1]
[boost_from_average: 1]
[reg_sqrt: 0]
[alpha: 0.9]
[fair_c: 1]
[poisson_max_delta_step: 0.7]
[tweedie_variance_power: 1.5]
[lambdarank_truncation_level: 30]
[lambdarank_norm: 1]
[label_gain: ]
[lambdarank_position_bias_regularization: 0]
[eval_at: ]
[multi_error_top_k: 1]
[auc_mu_weights: ]
[num_machines: 1]
[local_listen_port: 12400]
[time_out: 120]
[machine_list_filename: ]
[machines: ]
[gpu_platform_id: -1]
[gpu_device_id: -1]
[gpu_use_dp: 0]
[num_gpu: 1]

end of parameters

pandas_categorical:[]
