tree
version=v4
num_class=1
num_tree_per_iteration=1
label_index=0
max_feature_idx=9
objective=binary sigmoid:1
feature_names=rec_tds_L3 rec_tds_L5 rec_tds_L10 rec_tds_std_L5 receptions_L3 receptions_L5 receptions_L10 targets_L3 targets_L5 targets_L10
feature_infos=[0.75:2.4375164952843988] [1:2] [0.54545454545454541:2] [0:2.1213203435596424] [1:14] [1:14] [1:14] [1:17] [1:17] [1:17]
tree_sizes=1253 1151 1250 1155 1249 1155 1161 1154 762 762 862 864 664 958 762 763 764 861 762 766 764 861 863 765 766 763 770 865 770 867 666 768 870 768 1073 669 871 772 865 664 1067 664 773 971 1066 772 971 669 770 773 766 770 868 667 1174 665 871 873 671 873 1174 1070 873 1177 872 769 973 874 770 1069 769 773 668 768 667 773 770 967 876 875 869 971 774 874 1073 873 670 1284 669 668 669 773 770 973 665 667 1175 669 1175 1071

Tree=0
num_leaves=11
num_cat=0
split_feature=7 2 8 3 6 1 7 4 6 7
split_gain=65.709 20.4889 13.8499 9.05484 8.16448 8.03963 7.03948 3.20992 3.14057 1.93441
threshold=4.5350794177502403 1.0377937642596846 7.7932971283413446 0.91124546148802865 4.9175759428410881 1.07754352031798 10.163545456253283 1.2500000000000002 2.6471321380432098 9.7603759765625018
decision_type=2 2 2 2 2 2 2 2 2 2
left_child=7 2 4 6 -2 -4 -3 -1 -9 -5
right_child=1 3 5 9 -6 -7 -8 8 -10 -11
leaf_value=-1.0036024511076727 -0.75690706647973871 -0.78665468083221002 -0.77288779181920275 -0.64408344101600834 -0.64408344101600823 -0.89931502944523922 -0.64570550033133478 -0.86398007206951999 -0.96365290647237845 -0.57630212406205639
leaf_weight=5.2203718572855022 21.102707222104076 7.6351815164089221 11.282205671072008 9.2147316783666628 9.2147316783666593 9.0762108862400037 6.611781895160675 6.7792472690343839 5.9233130216598511 7.7530275583267203
leaf_count=25 71 27 39 25 25 38 18 27 27 18
internal_value=-0.764156 -0.726198 -0.765455 -0.662465 -0.722615 -0.829252 -0.721242 -0.937588 -0.910458 -0.613112
internal_weight=99.8135 81.8906 50.6759 31.2147 30.3174 20.3584 14.247 17.9229 12.7026 16.9678
internal_count=340 261 173 88 96 77 45 79 54 43
is_linear=0
shrinkage=1


Tree=1
num_leaves=10
num_cat=0
split_feature=7 2 6 2 3 8 4 6 7
split_gain=50.1351 14.069 11.347 12.789 5.90146 5.06876 2.9414 2.72926 1.2045
threshold=4.5350794177502403 1.0377937642596846 2.76956876012395 0.74445511261474795 0.91124546148802865 10.391771739774974 1.2500000000000002 2.6471321380432098 9.7603759765625018
decision_type=2 2 2 2 2 2 2 2 2
left_child=6 2 -2 -4 5 -3 -1 -8 -6
right_child=1 4 3 -5 8 -7 7 -9 -10
leaf_value=-0.13665564793963866 0.25636050123657816 0.064040106717205794 -0.092255602775343962 0.086530405520318168 0.18001245854743358 0.18043088170125293 -0.0023760172644362188 -0.096416437040579187 0.23117304426116647
leaf_weight=4.9071099609136608 3.5207054913043967 7.8861601352691633 4.3950733244419089 44.622643798589706 9.9627192467451113 7.119636595249176 6.7719854414463025 5.6701475381851196 8.5522075295448285
leaf_count=25 8 27 19 146 25 18 27 27 18
internal_value=0.0839877 0.115251 0.0829548 0.0704999 0.16587 0.119263 -0.0710907 -0.0452323 0.203644
internal_weight=103.408 86.0591 52.5384 49.0177 33.5207 15.0058 17.3492 12.4421 18.5149
internal_count=340 261 173 165 88 45 79 54 43
is_linear=0
shrinkage=0.1


Tree=2
num_leaves=11
num_cat=0
split_feature=7 2 8 9 4 3 8 4 6 7
split_gain=39.06 10.4291 9.3342 7.25565 6.6565 4.2891 3.71318 2.71912 2.37566 0.892862
threshold=4.5350794177502403 1.0377937642596846 7.7932971283413446 8.6045887589578562 5.7241210937500009 0.91124546148802865 10.391771739774974 1.2500000000000002 2.6471321380432098 9.7603759765625018
decision_type=2 2 2 2 2 2 2 2 2 2
left_child=7 2 4 -4 -2 6 -3 -1 -9 -7
right_child=1 5 3 -5 -6 9 -8 8 -10 -11
leaf_value=-0.1319736495311668 0.084528981533380843 0.056263729986609168 -0.055890233099143066 0.065430746865016626 0.2011089556091834 0.15387988251353762 0.15406476942521335 -0.0021405982075680344 -0.090989161711571939 0.196827849935166
leaf_weight=4.5894194394350079 26.864663884043694 8.0680695772171003 7.8158616572618511 13.348525002598761 5.989778295159339 10.458888128399851 7.4821379780769339 6.7654321789741498 5.4206611514091492 9.0111646056175214
leaf_count=25 82 27 32 45 14 25 18 27 27 18
internal_value=0.0736039 0.0999757 0.0724195 0.0206277 0.105783 0.142481 0.103322 -0.0663697 -0.0416625 0.173757
internal_weight=105.815 89.0391 54.0188 21.1644 32.8544 35.0203 15.5502 16.7755 12.1861 19.4701
internal_count=340 261 173 77 96 88 45 79 54 43
is_linear=0
shrinkage=0.1


Tree=3
num_leaves=10
num_cat=0
split_feature=7 2 6 5 3 7 4 6 7
split_gain=30.8909 8.1056 7.75275 9.77353 3.3377 2.9344 2.52972 2.06917 0.733494
threshold=4.5350794177502403 1.0377937642596846 2.76956876012395 3.9279205066484573 0.91124546148802865 10.163545456253283 1.2500000000000002 2.6471321380432098 9.7603759765625018
decision_type=2 2 2 2 2 2 2 2 2
left_child=6 2 -2 -4 5 -3 -1 -8 -6
right_child=1 4 3 -5 8 -7 7 -9 -10
leaf_value=-0.12802055338655424 0.20003455762422764 0.049099483241951458 -0.070739862380769458 0.068773237616821484 0.13424249686986775 0.13498173238807509 -0.0019283269158078945 -0.085933718978596446 0.17265551214656005
leaf_weight=4.2742248624563244 3.8792251944541922 8.228865444660185 5.6426406800746909 45.60549196600914 10.771001771092417 7.7023053169250479 6.7595199495553953 5.1783803701400757 9.2313283085823041
leaf_count=25 8 27 22 143 25 18 27 27 18
internal_value=0.0651749 0.0878174 0.0637298 0.0534122 0.124771 0.0906213 -0.0620043 -0.0383679 0.151971
internal_weight=107.273 91.0609 55.1274 51.2481 35.9335 15.9312 16.2121 11.9379 20.0023
internal_count=340 261 173 165 88 45 79 54 43
is_linear=0
shrinkage=0.1


Tree=4
num_leaves=11
num_cat=0
split_feature=7 2 7 1 3 4 4 8 6 7
split_gain=24.669 6.52329 7.53677 10.4812 2.71784 2.64218 2.36409 2.33373 1.8019 0.641521
threshold=4.5350794177502403 1.0377937642596846 8.9607338534067136 1.0653514083352318 0.91124546148802865 5.7241210937500009 1.2500000000000002 10.391771739774974 2.6471321380432098 9.7603759765625018
decision_type=2 2 2 2 2 2 2 2 2 2
left_child=6 2 5 -4 7 -2 -1 -3 -8 -6
right_child=1 4 3 -5 9 -7 8 -9 -10 -11
leaf_value=-0.124653480959309 0.064781593257765377 0.04340582753695213 0.06417338726401936 -0.10926349587900751 0.11875566860251044 0.12611175784044176 -0.0017369325385397226 0.11937859135278753 -0.081179789301129554 0.15449425386393531
leaf_weight=3.9665173739194861 32.594274789094925 8.3538190126419085 8.6385258585214597 5.8399676978588095 10.947233140468599 8.954230919480322 6.7541874647140485 7.8358778357505789 4.9457551538944244 9.2808022499084455
leaf_count=25 98 27 27 25 25 23 27 18 27 18
internal_value=0.0581 0.0777646 0.056348 -0.00578319 0.110713 0.077999 -0.057937 0.0801769 -0.0353187 0.135153
internal_weight=108.111 92.4447 56.027 14.4785 36.4177 41.5485 15.6665 16.1897 11.6999 20.228
internal_count=340 261 173 52 88 121 79 45 54 43
is_linear=0
shrinkage=0.1


Tree=5
num_leaves=10
num_cat=0
split_feature=7 2 9 6 1 4 7 7 9
split_gain=19.8504 5.36455 6.46154 7.35694 6.17823 2.40328 4.07573 2.12395 1.74112
threshold=4.5350794177502403 1.0377937642596846 7.0785012221614325 4.9995441851300111 1.07754352031798 7.7387695312500009 8.6308858077973145 2.4980468750000004 3.8305785123966944
decision_type=2 2 2 2 2 2 2 2 2
left_child=7 2 3 -2 -4 6 -3 -1 -9
right_child=1 5 4 -5 -6 -7 -8 8 -10
leaf_value=-0.096068563603877402 0.05304813394113872 0.10710884047330743 0.054732800413605023 0.16675592621414959 -0.043403183534527018 0.13171367777675116 0.014822830350227975 0.022264862450657424 -0.068795884716697356
leaf_weight=6.7175945937633506 22.685213893651966 15.701963514089586 15.411705970764162 7.5951121747493735 10.989602103829382 14.000925332307814 6.8834972381591788 4.4516475796699506 3.9743494987487793
leaf_count=38 67 39 47 16 43 29 20 19 22
internal_value=0.0520682 0.0693104 0.0500423 0.0815691 0.0138835 0.0991616 0.0789823 -0.0541254 -0.0206864
internal_weight=108.412 93.268 56.6816 30.2803 26.4013 36.5864 22.5855 15.1436 8.426
internal_count=340 261 173 83 90 88 59 79 41
is_linear=0
shrinkage=0.1


Tree=6
num_leaves=10
num_cat=0
split_feature=7 3 3 2 3 6 7 9 3
split_gain=16.0435 4.71567 8.5427 4.54238 4.02127 2.45593 1.895 1.47025 1.16073
threshold=4.5350794177502403 0.96812090450349175 1.421158057027273 0.91080041192238792 0.77625458428620775 5.1606062450179726 2.4980468750000004 3.8305785123966944 1.0659002582124708
decision_type=2 2 2 2 2 2 2 2 2
left_child=6 3 8 5 -5 -2 -1 -8 -3
right_child=1 2 -4 4 -6 -7 7 -9 -10
leaf_value=-0.091396121921624204 -0.051911965113211847 0.0923285366354792 0.0032056973326966146 0.075416350027769308 0.0075650049103767603 0.037367841863551056 0.019823960006979495 -0.064538285939522017 0.13718006142137373
leaf_weight=6.3730102330446234 6.3712074756622297 8.9847246110439318 8.1322728395462018 36.70387676358223 11.462468430399893 5.9665483683347702 4.4972339421510679 3.8210534006357193 16.126310631632805
leaf_count=38 23 22 27 99 36 19 19 22 35
internal_value=0.0467998 0.0620265 0.092284 0.0454019 0.0592693 -0.00873618 -0.0503645 -0.0189283 0.121132
internal_weight=108.439 93.7474 33.2433 60.5041 48.1663 12.3378 14.6913 8.31829 25.111
internal_count=340 261 84 177 135 42 79 41 57
is_linear=0
shrinkage=0.1


Tree=7
num_leaves=10
num_cat=0
split_feature=7 2 4 1 1 9 1 7 9
split_gain=12.9944 4.01242 5.66907 11.6765 2.90416 2.39685 3.80921 1.68979 1.88067
threshold=4.5350794177502403 1.0377937642596846 6.0742187500000009 1.0653514083352318 1.1497231113143327 7.0785012221614325 1.3431247451214008 2.4980468750000004 3.3960113227125865
decision_type=2 2 2 2 2 2 2 2 2
left_child=7 2 4 -4 -2 -3 -7 -1 -9
right_child=1 5 3 -5 -6 6 -8 8 -10
leaf_value=-0.086970194916016222 0.044338117006433649 0.037827078351960981 0.061054853115092012 -0.113256257417208 0.10774811358451369 0.059982525777431274 0.13485317440681097 0.029512126193730705 -0.06620405329263114
leaf_weight=6.0448523610830298 32.470820114016533 9.3469989746808988 9.1823988258838636 6.6087393313646308 9.2890488505363447 13.922234937548639 13.27454826235771 4.1962847709655744 4.0186511874198914
leaf_count=38 94 26 26 29 24 35 27 17 24
internal_value=0.042117 0.0555982 0.039143 -0.011896 0.058443 0.0815125 0.0965263 -0.0468402 -0.0173111
internal_weight=108.355 94.0948 57.551 15.7911 41.7599 36.5438 27.1968 14.2598 8.21494
internal_count=340 261 173 55 118 88 62 79 41
is_linear=0
shrinkage=0.1


Tree=8
num_leaves=6
num_cat=0
split_feature=7 6 8 1 7
split_gain=10.6612 6.62035 8.59707 3.6645 0.699958
threshold=3.8243313225115698 2.9864763335837718 5.3303223645205042 1.3431247451214008 2.4980468750000004
decision_type=2 2 2 2 2
left_child=4 -2 -3 -4 -1
right_child=1 2 3 -5 -6
leaf_value=-0.082744071099826733 0.13458614562937349 -0.054144770175259885 0.039761470478331479 0.092778777966058767 -0.029608858343383407
leaf_weight=5.7345642745494825 8.1222671419382078 8.7021385282278043 64.638427004218102 16.330857887864113 4.3672187328338623
leaf_count=38 19 38 187 38 20
internal_value=0.0380316 0.0481344 0.0403038 0.0504546 -0.0597726
internal_weight=107.895 97.7937 89.6714 80.9693 10.1018
internal_count=340 282 263 225 58
is_linear=0
shrinkage=0.1


Tree=9
num_leaves=6
num_cat=0
split_feature=7 6 8 1 7
split_gain=8.71745 5.2533 6.97664 3.07535 0.641434
threshold=3.8243313225115698 2.9864763335837718 5.3303223645205042 1.3431247451214008 2.4980468750000004
decision_type=2 2 2 2 2
left_child=4 -2 -3 -4 -1
right_child=1 2 3 -5 -6
leaf_value=-0.078682369477404146 0.11989778484317232 -0.049553071008112029 0.035625549429780252 0.084363802594725326 -0.027035105692026162
leaf_weight=5.4429050683975202 8.2005637288093549 8.5650762766599637 64.912597492337227 16.171997100114822 4.3079229146242142
leaf_count=38 19 38 187 38 20
internal_value=0.0343022 0.0432874 0.0362796 0.0453462 -0.0558646
internal_weight=107.601 97.8502 89.6497 81.0846 9.75083
internal_count=340 282 263 225 58
is_linear=0
shrinkage=0.1


Tree=10
num_leaves=7
num_cat=0
split_feature=2 8 3 6 1 7
split_gain=7.98468 7.35785 5.66218 2.58882 2.4778 1.41694
threshold=0.74445511261474795 4.5683584819387297 0.96812090450349175 6.3825202992447645 1.2040289314507575 2.4980468750000004
decision_type=2 2 2 2 2 2
left_child=-1 5 3 -3 -4 -2
right_child=1 2 4 -5 -6 -7
leaf_value=-0.081416235443863033 -0.074758668918510601 0.041503238176572435 0.12273560819619417 -0.0074744982460552088 0.062140163914249452 -0.0059757396233752142
leaf_weight=5.9679300487041465 5.170117259025572 44.98015370965004 10.353957056999208 14.198789834976195 19.37733456492424 7.1186581999063492
leaf_count=24 38 127 24 43 49 35
internal_value=0.0309859 0.0376145 0.0476391 0.029752 0.0832426 -0.034914
internal_weight=107.167 101.199 88.9102 59.1789 29.7313 12.2888
internal_count=340 316 243 170 73 73
is_linear=0
shrinkage=0.1


Tree=11
num_leaves=7
num_cat=0
split_feature=2 8 3 8 3 7
split_gain=6.55144 5.96759 4.66511 2.12907 1.96137 1.24838
threshold=0.74445511261474795 4.5683584819387297 0.96812090450349175 8.0028704973835314 1.1656129144244378 2.4980468750000004
decision_type=2 2 2 2 2 2
left_child=-1 5 3 -3 -4 -2
right_child=1 2 4 -5 -6 -7
leaf_value=-0.075081153907270326 -0.070953829823845488 0.042157113155101816 0.099080811304977964 0.0034914050975587245 0.047416809727218096 -0.0053942783232971319
leaf_weight=5.8316049426794043 4.916056349873541 35.614854127168655 15.969997167587282 23.729217365384102 13.611075714230536 7.0985132157802582
leaf_count=24 38 98 36 72 37 35
internal_value=0.027976 0.0339299 0.0428673 0.0266963 0.0753088 -0.0322196
internal_weight=106.771 100.94 88.9251 59.3441 29.5811 12.0146
internal_count=340 316 243 170 73 73
is_linear=0
shrinkage=0.1


Tree=12
num_leaves=5
num_cat=0
split_feature=2 2 7 2
split_gain=5.38601 5.19054 4.18295 4.06508
threshold=0.74445511261474795 0.80239372001616316 2.4980468750000004 0.91080041192238792
decision_type=2 2 2 2
left_child=-1 -2 -3 -4
right_child=1 2 3 -5
leaf_value=-0.06928757044461227 0.12015881176313239 -0.067254615923053748 -0.019750426144577012 0.038879473365444221
leaf_weight=5.6946302950382224 6.0903703421354285 4.6802943497896186 14.015897974371908 75.681478008627892
leaf_count=24 15 38 45 218
internal_value=0.0253207 0.0306832 0.0249091 0.0297181
internal_weight=106.163 100.468 94.3777 89.6974
internal_count=340 316 301 263
is_linear=0
shrinkage=0.1


Tree=13
num_leaves=8
num_cat=0
split_feature=2 8 3 1 8 6 7
split_gain=4.42146 4.38993 3.9079 3.23751 2.55222 1.07655 3.1009
threshold=0.74445511261474795 4.5683584819387297 1.0659002582124708 1.2592596964338181 5.6291761546284969 2.6471321380432098 2.4980468750000004
decision_type=2 2 2 2 2 2 2
left_child=-1 5 4 -4 -3 6 -2
right_child=1 2 3 -5 -6 -7 -8
leaf_value=-0.063955849676958165 -0.063652623486723306 -0.031446845120909048 0.11534349739181393 0.035884754887389396 0.03051218511178402 -0.073549483312625494 0.063076462056043753
leaf_weight=5.5596713274717322 4.4621998667716962 7.4684430956840506 9.7256678640842456 10.846408158540724 60.538527950644493 3.8153773695230484 3.4034669995307922
leaf_count=24 38 25 22 29 167 23 12
internal_value=0.022848 0.0276615 0.0352602 0.0734497 0.0237079 -0.0299606 -0.00881706
internal_weight=105.82 100.26 88.579 20.5721 68.007 11.681 7.86567
internal_count=340 316 243 51 192 73 50
is_linear=0
shrinkage=0.1


Tree=14
num_leaves=6
num_cat=0
split_feature=7 6 8 1 7
split_gain=3.70361 4.64954 4.60484 2.57115 0.261704
threshold=3.8243313225115698 2.9864763335837718 5.3303223645205042 1.3431247451214008 2.4980468750000004
decision_type=2 2 2 2 2
left_child=4 -2 -3 -4 -1
right_child=1 2 3 -5 -6
leaf_value=-0.06014332759368908 0.099057124591381177 -0.050876856145954497 0.01825947586610736 0.063651314772577613 -0.025028743016398843
leaf_weight=4.2610010355710966 8.0386346578598005 8.386427663266657 64.822702780365944 15.453735411167143 4.2288753837347031
leaf_count=38 19 38 187 38 20
internal_value=0.0206745 0.0262342 0.0196317 0.0269977 -0.0426525
internal_weight=105.191 96.7015 88.6629 80.2764 8.48988
internal_count=340 282 263 225 58
is_linear=0
shrinkage=0.1


Tree=15
num_leaves=6
num_cat=0
split_feature=2 2 2 3 8
split_gain=3.66598 3.89394 3.03659 3.77493 3.50139
threshold=0.74445511261474795 0.80239372001616316 0.91080041192238792 1.0163023035271028 5.3303223645205042
decision_type=2 2 2 2 2
left_child=-1 -2 3 -3 -4
right_child=1 2 4 -5 -6
leaf_value=-0.061138118708699278 0.10050502157396811 -0.065792797970819147 -0.016162340262708037 0.041239256616376063 0.036232464477981362
leaf_weight=5.448502153158187 6.101086199283599 8.6358462870120984 15.989489182829855 5.3283324390649787 63.041738897562027
leaf_count=24 15 31 88 14 168
internal_value=0.0187227 0.0231136 0.0180363 -0.0249524 0.025632
internal_weight=104.545 99.0965 92.9954 13.9642 79.0312
internal_count=340 316 301 45 256
is_linear=0
shrinkage=0.1


Tree=16
num_leaves=6
num_cat=0
split_feature=2 2 2 6 9
split_gain=3.01808 3.15828 2.48509 7.51461 3.58995
threshold=0.74445511261474795 0.80239372001616316 1.0377937642596846 6.2273142457575341 7.0785012221614325
decision_type=2 2 2 2 2
left_child=-1 -2 3 -3 -4
right_child=1 2 4 -5 -6
leaf_value=-0.056408412020174672 0.090682337574500976 0.01793250760457336 -0.012717839363439086 -0.087183300327966312 0.057654410330788754
leaf_weight=5.3216425478458396 6.0863327234983435 49.449835650622845 10.212795883417128 7.8854731768369666 24.980509907007217
leaf_count=24 15 177 33 29 62
internal_value=0.0169466 0.0209051 0.0163153 0.00347566 0.037233
internal_weight=103.937 98.6149 92.5286 57.3353 35.1933
internal_count=340 316 301 206 95
is_linear=0
shrinkage=0.1


Tree=17
num_leaves=7
num_cat=0
split_feature=3 3 8 7 1 8
split_gain=2.69534 4.27222 2.23324 6.67886 1.58491 0.719996
threshold=1.5074306076584125 0.96812090450349175 11.193652095315395 10.508536253124477 1.2040289314507575 8.0028704973835314
decision_type=2 2 2 2 2 2
left_child=1 2 3 -1 -3 -6
right_child=-2 4 -4 -5 5 -7
leaf_value=0.0016357566741490193 -0.047113965232303295 0.087808159254329277 -0.056379265063423889 0.11053289116200984 0.012043336276945893 0.054276584818350064
leaf_weight=59.909874364733696 6.4781297594308844 9.1845951378345507 5.168753817677497 6.2164945304393759 7.133654952049258 9.2980509698390943
leaf_count=214 25 23 17 15 21 25
internal_value=0.0153358 0.0195104 0.00692494 0.0118731 0.054538 0.0359415
internal_weight=103.39 96.9114 71.2951 66.1264 25.6163 16.4317
internal_count=340 315 246 229 69 46
is_linear=0
shrinkage=0.1


Tree=18
num_leaves=6
num_cat=0
split_feature=7 6 6 3 7
split_gain=2.54908 4.12149 3.77949 2.49095 0.245817
threshold=3.8243313225115698 2.9864763335837718 3.3695073285739552 1.421158057027273 2.4980468750000004
decision_type=2 2 2 2 2
left_child=4 -2 -3 -4 -1
right_child=1 2 3 -5 -6
leaf_value=-0.056880640566805862 0.087956472836942801 -0.061601032839978476 0.023564162988447924 -0.03879744267057627 -0.022358402117265527
leaf_weight=4.0843356698751432 7.8377369940280905 6.4193933680653563 73.502031043171883 7.0166070461273184 4.166858434677124
leaf_count=38 19 27 211 25 20
internal_value=0.0138628 0.0185039 0.0122426 0.0181298 -0.0394469
internal_weight=103.027 94.7758 86.938 80.5186 8.25119
internal_count=340 282 263 236 58
is_linear=0
shrinkage=0.1


Tree=19
num_leaves=6
num_cat=0
split_feature=2 2 2 3 2
split_gain=2.28465 2.63727 2.35998 2.89543 2.5894
threshold=0.74445511261474795 0.80239372001616316 0.91080041192238792 1.0163023035271028 0.94928229673837417
decision_type=2 2 2 2 2
left_child=-1 -2 3 -3 -4
right_child=1 2 4 -5 -6
leaf_value=-0.052200759334496853 0.080403772422981482 -0.062175486713878014 0.077052628504384893 0.032277485177387898 0.012844189599194101
leaf_weight=5.1759313419461241 5.9649185538291922 8.5570226013660413 6.8933895379304877 5.2286092787981024 70.677710898220539
leaf_count=24 15 31 18 14 238
internal_value=0.0125378 0.0159809 0.0117745 -0.0263514 0.0185501
internal_weight=102.498 97.3217 91.3567 13.7856 77.5711
internal_count=340 316 301 45 256
is_linear=0
shrinkage=0.1


Tree=20
num_leaves=6
num_cat=0
split_feature=7 6 6 8 7
split_gain=2.07135 3.42541 3.06158 2.31336 0.224556
threshold=3.8243313225115698 2.9864763335837718 3.3695073285739552 11.899985825156785 2.4980468750000004
decision_type=2 2 2 2 2
left_child=4 -2 -3 -4 -1
right_child=1 2 3 -5 -6
leaf_value=-0.054311870781342281 0.079439717562306611 -0.057150421628637461 0.020251737809887864 -0.040830212477630419 -0.02096431432955612
leaf_weight=3.9517441242933256 7.6904210448265067 6.330996833741664 73.317711889743805 6.773151919245719 4.1292761713266373
leaf_count=38 19 27 214 22 20
internal_value=0.0113136 0.0154854 0.00979431 0.0150861 -0.0372718
internal_weight=102.193 94.1123 86.4219 80.0909 8.08102
internal_count=340 282 263 236 58
is_linear=0
shrinkage=0.1


Tree=21
num_leaves=7
num_cat=0
split_feature=2 6 9 9 1 4
split_gain=1.99061 2.96139 3.13668 7.0315 2.77743 1.79705
threshold=1.1892022354684744 6.655129008116873 8.4616452301720955 7.8430984188913593 1.5653578309265845 8.6441802978515643
decision_type=2 2 2 2 2 2
left_child=1 2 3 -1 -2 -3
right_child=4 5 -4 -5 -6 -7
leaf_value=0.014611396151646994 0.064198831291099157 -0.07363209186629327 0.066872631464347701 -0.10043786171261751 -0.011409063215064201 0.0016085032610793138
leaf_weight=52.878830663859844 13.730837970972063 7.2855321615934354 8.8624320924282056 5.9055480957031241 7.5192010402679434 5.6253645420074463
leaf_count=193 36 26 23 22 23 17
internal_value=0.0102199 0.00303815 0.0114144 0.00305341 0.0374454 -0.0408493
internal_weight=101.808 80.5577 67.6468 58.7844 21.25 12.9109
internal_count=340 281 238 215 59 43
is_linear=0
shrinkage=0.1


Tree=22
num_leaves=7
num_cat=0
split_feature=3 3 1 2 6 6
split_gain=1.8741 3.38739 2.85305 2.26188 5.11032 2.28696
threshold=1.5074306076584125 1.0659002582124708 1.2646990419007909 0.91080041192238792 5.0167428060082395 6.3825202992447645
decision_type=2 2 2 2 2 2
left_child=1 3 -3 4 -1 -5
right_child=-2 2 -4 5 -6 -7
leaf_value=-0.094177168561718913 -0.043376585275980241 0.095790797554008489 0.013347655578739263 0.021835301216085793 0.023315697919145201 -0.025322202542505896
leaf_weight=6.8926114886999112 6.3478576093912116 8.1800349801778811 8.6219666898250562 50.518218122422695 7.9968869835138321 12.912422567605971
leaf_count=27 25 21 26 176 25 40
internal_value=0.00923172 0.0127425 0.053485 0.00400198 -0.0310738 0.0122356
internal_weight=101.47 95.1221 16.802 78.3201 14.8895 63.4306
internal_count=340 315 47 268 52 216
is_linear=0
shrinkage=0.1


Tree=23
num_leaves=6
num_cat=0
split_feature=7 5 8 7 7
split_gain=1.79816 2.3552 7.08256 2.46914 0.201527
threshold=3.8243313225115698 3.3148148148148153 5.6291761546284969 6.3812646137084821 2.4980468750000004
decision_type=2 2 2 2 2
left_child=4 -2 -3 -4 -1
right_child=1 2 3 -5 -6
leaf_value=-0.05333837581198711 0.056532388022717095 -0.087194706910023984 0.057095781788681438 0.0077625583290650141 -0.021670937372953426
leaf_weight=3.9024412631988508 10.636544734239576 7.3444421365857115 12.086967706680296 63.157184645533562 4.1431228965520859
leaf_count=38 33 32 30 187 20
internal_value=0.00832772 0.0122423 0.00653819 0.0156873 -0.037031
internal_weight=101.271 93.2251 82.5886 75.2442 8.04556
internal_count=340 282 249 217 58
is_linear=0
shrinkage=0.1


Tree=24
num_leaves=6
num_cat=0
split_feature=1 8 8 9 7
split_gain=1.72872 4.22752 4.18196 3.28494 6.93256
threshold=1.3431247451214008 11.278809927628794 9.2931153976982603 9.8835897941082962 8.9607338534067136
decision_type=2 2 2 2 2
left_child=1 3 -2 4 -1
right_child=2 -3 -4 -5 -6
leaf_value=0.012376292426661111 -0.021978100020629283 -0.083698334142038797 0.08137542305033324 0.066067698682548928 -0.082425568317704354
leaf_weight=61.942092768847942 6.7880976945161846 5.4106248170137397 9.2496230304241163 8.5867717266082746 8.8108636736869794
leaf_count=221 21 19 23 22 34
internal_value=0.00752394 0.00182679 0.0376302 0.00765923 0.000570619
internal_weight=100.788 84.7504 16.0377 79.3397 70.753
internal_count=340 296 44 277 255
is_linear=0
shrinkage=0.1


Tree=25
num_leaves=6
num_cat=0
split_feature=8 7 7 9 4
split_gain=1.54157 3.62421 3.49292 10.3263 6.6936
threshold=11.899985825156785 10.508536253124477 8.6308858077973145 9.115500384728124 5.7241210937500009
decision_type=2 2 2 2 2
left_child=1 2 4 -4 -1
right_child=-2 -3 3 -5 -6
leaf_value=-0.0018528308293979346 -0.039735755669756546 0.06004521113032938 -0.12018401098068776 0.044003060538077302 0.083815350316580675
leaf_weight=54.899210393428802 6.6446946859359732 12.582982674241064 7.9039059579372388 7.4329894185066223 10.937639892101286
leaf_count=206 22 34 32 20 26
internal_value=0.00680957 0.0101083 0.00236744 -0.0406111 0.0123794
internal_weight=100.401 93.7567 81.1737 15.3369 65.8369
internal_count=340 318 284 52 232
is_linear=0
shrinkage=0.1


Tree=26
num_leaves=6
num_cat=0
split_feature=7 6 6 3 7
split_gain=1.45099 2.69386 2.44481 1.73235 0.180196
threshold=3.8243313225115698 2.9864763335837718 3.3695073285739552 0.85509679945868 2.4980468750000004
decision_type=2 2 2 2 2
left_child=4 -2 -3 -4 -1
right_child=1 2 3 -5 -6
leaf_value=-0.050754383531467252 0.067494527065417059 -0.055327230167335553 -0.0043065118291970425 0.025526293052537598 -0.020511215092900367
leaf_weight=3.7772226333618155 7.4129398316144934 6.2955111786723128 42.225466251373291 36.110590063035488 4.1179230436682701
leaf_count=38 19 27 128 108 20
internal_value=0.00616142 0.00969036 0.00462725 0.00944552 -0.0349803
internal_weight=99.9397 92.0445 84.6316 78.3361 7.89515
internal_count=340 282 263 236 58
is_linear=0
shrinkage=0.1


Tree=27
num_leaves=7
num_cat=0
split_feature=3 3 1 2 6 6
split_gain=1.44811 2.51128 2.43676 1.7513 4.18271 2.24041
threshold=1.5074306076584125 1.0659002582124708 1.2646990419007909 0.91080041192238792 5.0167428060082395 6.3825202992447645
decision_type=2 2 2 2 2 2
left_child=1 3 -3 4 -1 -5
right_child=-2 2 -4 5 -6 -7
leaf_value=-0.088140426456237375 -0.041150695781477231 0.084621984369162406 0.0069095463196525951 0.018021991305352699 0.019051231830286508 -0.02916729259706732
leaf_weight=6.7016053199768049 6.218563809990882 7.8222986236214664 8.333415135741232 49.778397850692272 7.9690546691417694 12.609565630555151
leaf_count=27 25 21 26 176 25 40
internal_value=0.00557237 0.00868939 0.0445365 0.00117387 -0.0299143 0.00848431
internal_weight=99.4329 93.2143 16.1557 77.0586 14.6707 62.388
internal_count=340 315 47 268 52 216
is_linear=0
shrinkage=0.1


Tree=28
num_leaves=6
num_cat=0
split_feature=1 9 8 7 4
split_gain=1.49609 3.72843 3.42339 2.49926 4.0413
threshold=1.3431247451214008 10.980566492979674 9.2931153976982603 10.508536253124477 6.9669036865234384
decision_type=2 2 2 2 2
left_child=1 3 -2 4 -1
right_child=2 -3 -4 -5 -6
leaf_value=0.0071509188530927198 -0.020127897240453899 -0.079939071811052462 0.074400517649868894 0.062480644077931503 -0.076765479649072807
leaf_weight=64.849400497972965 6.7587789446115485 5.4892784506082526 8.8447719216346723 6.9675007015466681 6.2960640639066687
leaf_count=234 21 19 23 19 24
internal_value=0.00502949 -0.000275848 0.0334549 0.00532237 -0.000275317
internal_weight=99.2058 83.6022 15.6036 78.113 71.1455
internal_count=340 296 44 277 258
is_linear=0
shrinkage=0.1


Tree=29
num_leaves=7
num_cat=0
split_feature=2 7 6 9 9 4
split_gain=1.34885 2.94366 2.46105 3.8164 5.72535 2.59843
threshold=1.1892022354684744 8.0170922780167135 6.2273142457575341 8.4616452301720955 7.8430984188913593 8.0160900852390018
decision_type=2 2 2 2 2 2
left_child=2 -2 3 4 -1 -4
right_child=1 -3 5 -5 -6 -7
leaf_value=0.010042677269251649 -0.023068224869517873 0.056243164348668134 -0.080595053534914682 0.083961046799886335 -0.0952099942838599 0.0015595826206569563
leaf_weight=51.518504567444324 7.3317620903253582 12.937188178300856 7.2803818881511679 5.8987087160348883 5.7444184720516196 8.1703711673617345
leaf_count=192 25 34 26 15 22 26
internal_value=0.0045529 0.0275543 -0.00137766 0.00737345 -0.000515907 -0.0371516
internal_weight=98.8813 20.269 78.6124 63.1616 57.2629 15.4508
internal_count=340 59 281 229 214 52
is_linear=0
shrinkage=0.1


Tree=30
num_leaves=5
num_cat=0
split_feature=8 9 6 6
split_gain=1.44267 2.86 3.24683 1.99112
threshold=11.899985825156785 9.8835897941082962 6.2273142457575341 5.9794794307609385
decision_type=2 2 2 2
left_child=1 2 3 -1
right_child=-2 -3 -4 -5
leaf_value=0.00055718848942460601 -0.041770920498935826 0.049715911757219289 -0.074842540834327287 0.060477084157974204
leaf_weight=67.058181799948215 6.4052091389894477 13.562081307172773 5.3998659998178473 6.0456546247005454
leaf_count=246 22 37 20 15
internal_value=0.00411845 0.00731107 -1.46755e-05 0.00551254
internal_weight=98.471 92.0658 78.5037 73.1038
internal_count=340 318 281 261
is_linear=0
shrinkage=0.1


Tree=31
num_leaves=6
num_cat=0
split_feature=7 6 8 7 7
split_gain=1.25407 2.34621 2.02779 1.7261 0.162552
threshold=3.8243313225115698 2.9864763335837718 5.3303223645205042 6.3812646137084821 2.4980468750000004
decision_type=2 2 2 2 2
left_child=4 -2 -3 -4 -1
right_child=1 2 3 -5 -6
leaf_value=-0.049738558756878715 0.061554277773875544 -0.045411654629673497 0.038887102321119443 0.00010254698708100332 -0.02092748160586369
leaf_weight=3.7301272377371779 7.2630266547203055 8.0496243461966497 14.134181618690489 60.989621862769127 4.1225963681936264
leaf_count=38 19 38 37 188 20
internal_value=0.00371972 0.00704821 0.00228853 0.00739967 -0.034613
internal_weight=98.2892 90.4365 83.1734 75.1238 7.85272
internal_count=340 282 263 225 58
is_linear=0
shrinkage=0.1


Tree=32
num_leaves=7
num_cat=0
split_feature=2 7 6 9 9 5
split_gain=1.14215 2.48199 2.11963 2.21982 4.67162 1.12023
threshold=1.1892022354684744 8.0170922780167135 6.655129008116873 8.4616452301720955 7.8430984188913593 8.0006384832330131
decision_type=2 2 2 2 2 2
left_child=2 -2 3 4 -1 -4
right_child=1 -3 5 -5 -6 -7
leaf_value=0.0074369355062694001 -0.021829619359916872 0.051442577600575294 -0.071008152825921225 0.052569885865618074 -0.088340021486670459 -0.010772369836126325
leaf_weight=51.281802162528038 7.2783371806144741 12.671512693166731 6.0155753344297391 8.5505123734474164 5.6541644036769858 6.3427852615714073
leaf_count=193 25 34 22 23 22 21
internal_value=0.00336297 0.0247106 -0.00210793 0.00506043 -0.00207443 -0.0400928
internal_weight=97.7947 19.9498 77.8448 65.4865 56.936 12.3584
internal_count=340 59 281 238 215 43
is_linear=0
shrinkage=0.1


Tree=33
num_leaves=6
num_cat=0
split_feature=8 9 7 4 7
split_gain=1.28416 2.42936 2.61017 4.9633 4.71758
threshold=11.899985825156785 9.8835897941082962 8.6308858077973145 5.7598390579223642 9.912544250488283
decision_type=2 2 2 2 2
left_child=1 2 3 -1 -4
right_child=-2 -3 4 -5 -6
leaf_value=-0.0037057273528818034 -0.040404839808611454 0.045571601688830565 -0.090262264693799887 0.075158662021997308 0.028211353894693692
leaf_weight=54.575855202972889 6.3586668223142615 13.299126893281935 7.949180066585539 9.3467976599931699 5.8232308104634285
leaf_count=208 22 37 31 23 19
internal_value=0.00304214 0.00607822 -0.000681899 0.00782586 -0.0401694
internal_weight=97.3529 90.9942 77.6951 63.9227 13.7724
internal_count=340 318 281 231 50
is_linear=0
shrinkage=0.1


Tree=34
num_leaves=9
num_cat=0
split_feature=0 0 5 1 7 2 7 7
split_gain=1.04426 3.36327 2.08838 6.12672 4.86251 1.64395 2.50314 3.28068
threshold=1.2989739396143707 1.3780021667480471 5.3366783614284676 1.3431247451214008 7.0227740243587968 0.91080041192238792 8.8669433593750018 6.7924532352899147
decision_type=2 2 2 2 2 2 2 2
left_child=5 -2 4 -4 -3 -1 7 -7
right_child=1 2 3 -5 -6 6 -8 -9
leaf_value=-0.05546352340554489 0.062668482592080632 -0.017279361818171541 -0.10317110747373255 0.024652293147328554 0.092453705129457373 -0.013501867333590451 -0.04576588924627565 0.046636955531877682
leaf_weight=6.1105746924877158 10.785503022372721 11.307225935161116 6.4181028679013243 9.0194186121225339 6.2815015614032736 21.920881219208241 9.6395729780197126 15.474374353885649
leaf_count=23 30 40 28 27 15 105 32 40
internal_value=0.00275474 0.0141849 -0.0016486 -0.0284899 0.0219099 -0.00666799 -0.000328666 0.0113839
internal_weight=96.9572 43.8118 33.0262 15.4375 17.5887 53.1454 47.0348 37.3953
internal_count=340 140 110 55 55 200 177 145
is_linear=0
shrinkage=0.1


Tree=35
num_leaves=5
num_cat=0
split_feature=6 9 9 6
split_gain=0.976508 1.55996 2.58835 2.07915
threshold=8.6805822447412933 10.480624132075876 9.8835897941082962 6.2273142457575341
decision_type=2 2 2 2
left_child=1 2 3 -1
right_child=-2 -3 -4 -5
leaf_value=0.0029729292727312031 0.041237833855730432 -0.045690081093278871 0.064306366173562682 -0.062602401621172379
leaf_weight=71.703734762966633 6.0943492501974097 6.9350202679634085 6.4917718321084967 5.1847071051597586
leaf_count=261 18 23 18 20
internal_value=0.0024947 -0.00011963 0.00367062 -0.00144892
internal_weight=96.4096 90.3152 83.3802 76.8884
internal_count=340 322 299 281
is_linear=0
shrinkage=0.1


Tree=36
num_leaves=7
num_cat=0
split_feature=3 3 0 3 3 3
split_gain=0.956527 2.45527 2.08844 1.37177 1.89043 3.48831
threshold=0.96812090450349175 1.1656129144244378 1.5672944956750143 0.91124546148802865 0.85509679945868 0.79350502119035959
decision_type=2 2 2 2 2 2
left_child=3 -2 -3 4 5 -1
right_child=1 2 -4 -5 -6 -7
leaf_value=0.0029194363160077994 0.049430953909363674 -0.046973626944251369 0.026393527223060667 -0.05210157057426406 0.047596256750050678 -0.074792819783829387
leaf_weight=48.229063712060452 13.113490328192713 7.5626295581459981 7.9674302786588669 5.4998168796300879 7.3579146414995185 6.562020629644393
leaf_count=181 38 31 25 20 21 24
internal_value=0.00225279 0.0175696 -0.00933387 -0.0042326 3.52135e-06 -0.00638772
internal_weight=96.2924 28.6436 15.5301 67.6488 62.149 54.7911
internal_count=340 94 56 246 226 205
is_linear=0
shrinkage=0.1


Tree=37
num_leaves=6
num_cat=0
split_feature=8 8 7 4 0
split_gain=0.998356 2.16793 2.56004 2.84402 2.41132
threshold=11.899985825156785 9.0019136649223555 8.5692814705798295 5.7241210937500009 1.3135554284201429
decision_type=2 2 2 2 2
left_child=1 2 3 -1 -3
right_child=-2 4 -4 -5 -6
leaf_value=-0.0065658570581200032 -0.036358175556097772 -0.0046255562621590543 -0.064721758285485528 0.054635090575212701 0.062696460056065051
leaf_weight=53.026239544153214 6.3255079984664908 9.6648761034011859 6.2984191775321952 8.8620407134294492 11.835740327835081
leaf_count=205 22 30 24 23 36
internal_value=0.00203869 0.00474676 -0.00398361 0.00219776 0.0324341
internal_weight=96.0128 89.6873 68.1867 61.8883 21.5006
internal_count=340 318 252 228 66
is_linear=0
shrinkage=0.1


Tree=38
num_leaves=7
num_cat=0
split_feature=6 7 6 1 8 5
split_gain=1.00912 3.1832 2.09542 3.67049 1.46543 2.92355
threshold=2.6471321380432098 2.4980468750000004 3.3695073285739552 1.1064624295076972 5.6291761546284969 4.7810881166421577
decision_type=2 2 2 2 2 2
left_child=1 -1 3 -2 -4 -6
right_child=2 -3 4 -5 5 -7
leaf_value=-0.045784384455594504 -0.10944240126777327 0.070662001354810183 -0.043091103297943106 0.010934403409495254 0.04444504290951562 -0.0035070781245589823
leaf_weight=3.5533976778388006 4.6788047552108747 6.9176372140645981 6.0668589770793906 5.5231581553816795 16.807631716132164 52.207365825772285
leaf_count=38 25 21 26 19 44 167
internal_value=0.00184795 0.0311453 -0.00174915 -0.0442726 0.00402884 0.00817099
internal_weight=95.7549 10.471 85.2838 10.202 75.0819 69.015
internal_count=340 59 281 44 237 211
is_linear=0
shrinkage=0.1


Tree=39
num_leaves=5
num_cat=0
split_feature=6 2 1 9
split_gain=0.9087 1.30603 1.55542 1.7891
threshold=8.6805822447412933 1.3444013596761288 1.3229575316657871 7.7489499504510988
decision_type=2 2 2 2
left_child=1 2 3 -1
right_child=-2 -3 -4 -5
leaf_value=0.010128996529359479 0.039335021110093765 -0.034016101757165677 0.044951481233523861 -0.023509061214424278
leaf_weight=46.845947809517384 5.9985872060060492 10.492309957742689 8.1339389830827695 23.867093034088612
leaf_count=182 18 36 23 81
internal_value=0.0016582 -0.000871569 0.00353903 -0.00122453
internal_weight=95.3379 89.3393 78.847 70.713
internal_count=340 322 286 263
is_linear=0
shrinkage=0.1


Tree=40
num_leaves=9
num_cat=0
split_feature=2 2 1 7 8 6 9 1
split_gain=0.926801 2.15646 1.66791 4.66829 3.43072 4.19966 3.4164 2.38872
threshold=1.1892022354684744 1.4609805675621488 1.0906430972530403 6.3812646137084821 5.9069101018885588 2.6471321380432098 8.4616452301720955 1.027708570950099
decision_type=2 2 2 2 2 2 2 2
left_child=2 -2 4 -4 5 -1 -5 -6
right_child=1 -3 3 6 7 -7 -8 -9
leaf_value=0.018760611906321785 0.055693611262757937 -0.011232738407680579 0.039572386545409018 -0.085706804090573796 0.0055094197799722853 -0.087849425411975088 -0.0079919316105559399 0.06375406020138262
leaf_weight=8.0818309783935529 9.3085742741823214 9.9721030294895154 9.095156095921995 10.862142488360407 17.474643185734752 6.8073672316968432 11.803658053278921 11.793418020009993
leaf_count=52 25 34 28 40 53 36 40 32
internal_value=0.00149989 0.0210788 -0.0034725 -0.0209495 0.00909817 -0.0299817 -0.0452353 0.0289788
internal_weight=95.1989 19.2807 75.9182 31.761 44.1573 14.8892 22.6658 29.2681
internal_count=340 59 281 108 173 88 80 85
is_linear=0
shrinkage=0.1


Tree=41
num_leaves=5
num_cat=0
split_feature=8 9 6 2
split_gain=0.980168 3.04205 2.92238 1.6032
threshold=11.464885652962979 9.982555048627221 6.2273142457575341 0.91080041192238792
decision_type=2 2 2 2
left_child=1 2 3 -1
right_child=-2 -3 -4 -5
leaf_value=-0.024236200074210533 -0.031822176181247677 0.054015533353962086 -0.07570322451529779 0.011095494679745589
leaf_weight=16.870831187814474 8.1404446810483915 10.84183321893215 5.1026701405644408 53.789448797702789
leaf_count=65 28 30 21 196
internal_value=0.0013534 0.00447175 -0.00261807 0.00265971
internal_weight=94.7452 86.6048 75.763 70.6603
internal_count=340 312 282 261
is_linear=0
shrinkage=0.1


Tree=42
num_leaves=6
num_cat=0
split_feature=7 5 8 5 7
split_gain=0.921026 2.11435 4.45701 1.89769 0.113173
threshold=3.8243313225115698 3.3148148148148153 5.6291761546284969 4.7810881166421577 2.4980468750000004
decision_type=2 2 2 2 2
left_child=4 -2 -3 -4 -1
right_child=1 2 3 -5 -6
leaf_value=-0.045262705783978396 0.047600138777996806 -0.078374332280836623 0.033531203612172142 -0.0037779031447946337 -0.020792692184650956
leaf_weight=3.5312894210219374 9.9177581965923292 6.8620038442313662 18.519561067223549 51.669047713279724 4.0666312724351883
leaf_count=38 33 32 50 167 20
internal_value=0.00122319 0.00414017 -0.00145388 0.00606626 -0.0321656
internal_weight=94.5663 86.9684 77.0506 70.1886 7.59792
internal_count=340 282 249 217 58
is_linear=0
shrinkage=0.1


Tree=43
num_leaves=8
num_cat=0
split_feature=3 4 4 3 8 7 3
split_gain=0.872789 1.99281 4.3684 1.80059 1.3671 3.39276 2.11307
threshold=0.96812090450349175 3.7518801348089714 5.2785704625359635 1.1656129144244378 11.193652095315395 10.508536253124477 0.79350502119035959
decision_type=2 2 2 2 2 2 2
left_child=4 -2 -3 -4 5 6 -1
right_child=1 2 3 -5 -6 -7 -8
leaf_value=0.0034604657334500379 0.065298775702099063 -0.070170395095232471 0.065957253360731979 -0.0023986353884504776 -0.056292792340337516 0.074400743146917026 -0.040163619184974242
leaf_weight=40.74704422056675 6.324636064469817 6.1039532274007824 7.2715728580951682 8.198181286454199 4.8441164046525946 5.4243299067020407 15.262601763010023
leaf_count=161 21 23 21 29 17 15 53
internal_value=0.00109911 0.0159372 0.00146622 0.0297321 -0.00514668 -0.00111377 -0.00842708
internal_weight=94.1764 27.8983 21.5737 15.4698 66.2781 61.434 56.0096
internal_count=340 94 73 50 246 229 214
is_linear=0
shrinkage=0.1


Tree=44
num_leaves=9
num_cat=0
split_feature=4 4 9 5 9 3 2 1
split_gain=0.81998 6.78049 3.50817 5.54026 3.06693 5.99947 3.71944 1.34235
threshold=4.8148345947265634 4.3593750000000009 6.3096690295121958 3.3148148148148153 7.0785012221614325 0.644754133639866 1.0339959284386102 1.027708570950099
decision_type=2 2 2 2 2 2 2 2
left_child=1 2 3 -1 7 -6 -7 -2
right_child=4 -3 -4 -5 5 6 -8 -9
leaf_value=0.017648613741152074 0.076727015206460539 -0.1203794830545226 0.062220472819713879 -0.089091673767324159 -0.08298901640911488 -0.021135176588007478 0.046747096529545562 0.019611006151201454
leaf_weight=16.661124922335155 7.2918837368488338 4.8828247785568228 8.2678110152482969 6.8667618855833998 8.1640919148921949 16.069132730364799 16.218343049287796 9.4441222399473173
leaf_count=88 18 19 21 32 29 59 47 27
internal_value=0.00100792 -0.0106627 0.00618642 -0.0135042 0.0084931 -0.00640256 0.0129628 0.0444965
internal_weight=93.8661 36.6785 31.7957 23.5279 57.1876 40.4516 32.2875 16.736
internal_count=340 160 141 120 180 135 106 45
is_linear=0
shrinkage=0.1


Tree=45
num_leaves=6
num_cat=0
split_feature=7 6 7 5 7
split_gain=0.863954 1.84287 1.06879 4.08411 0.0971191
threshold=3.8243313225115698 2.76956876012395 4.9453125000000009 3.9279205066484573 2.4980468750000004
decision_type=2 2 2 2 2
left_child=4 -2 -3 -4 -1
right_child=1 2 3 -5 -6
leaf_value=-0.043816597204782863 0.065570661364968627 0.051950471023735512 -0.078053720961833356 0.0047169664471640093 -0.02104967453425366
leaf_weight=3.4698605984449378 4.5691552162170401 3.8175816088914862 6.5093891471624366 70.805377207696438 4.0731116905808449
leaf_count=38 12 22 25 223 20
internal_value=0.000922919 0.00377861 0.000298644 -0.00225177 -0.0315227
internal_weight=93.2445 85.7015 81.1323 77.3148 7.54297
internal_count=340 282 270 248 58
is_linear=0
shrinkage=0.1


Tree=46
num_leaves=8
num_cat=0
split_feature=0 0 8 8 3 0 4
split_gain=0.800803 2.46727 1.6374 3.65303 1.49661 6.02971 2.15455
threshold=1.2989739396143707 1.3571672439575198 11.193652095315395 9.0019136649223555 0.96812090450349175 1.1484375000000002 5.8698730468750009
decision_type=2 2 2 2 2 2 2
left_child=4 -2 3 -3 5 6 -1
right_child=1 2 -4 -5 -6 -7 -8
leaf_value=-0.011909331387557377 0.068086755019700296 -0.011081315525321517 -0.048360832929036 0.068232427621173944 0.027829843233074969 -0.087149724127004419 0.045056956211362992
leaf_weight=22.989906042814255 6.4302208572626105 21.655859038233761 5.6963623762130728 7.9347829222679129 9.6966339424252492 9.2168679535388929 9.3351912200450879
leaf_count=107 17 76 21 26 31 36 26
internal_value=0.000830452 0.0111169 0.000735491 0.0101868 -0.00754452 -0.0158015 0.00454201
internal_weight=92.9558 41.7172 35.287 29.5906 51.2386 41.542 32.3251
internal_count=340 140 123 102 200 169 133
is_linear=0
shrinkage=0.1


Tree=47
num_leaves=5
num_cat=0
split_feature=6 9 9 7
split_gain=0.780876 1.79606 1.47617 1.62441
threshold=8.6805822447412933 10.480624132075876 9.982555048627221 8.9607338534067136
decision_type=2 2 2 2
left_child=1 2 3 -1
right_child=-2 -3 -4 -5
leaf_value=0.0050942127748456363 0.036394546090891725 -0.051501209550486364 0.053885090322922428 -0.036323483377021619
leaf_weight=63.854332339018583 5.7660127133131018 6.6616313159465781 5.2332737296819678 11.11823960393667
leaf_count=240 18 23 15 44
internal_value=0.000757816 -0.00160765 0.00253635 -0.00104793
internal_weight=92.6335 86.8675 80.2058 74.9726
internal_count=340 322 299 284
is_linear=0
shrinkage=0.1


Tree=48
num_leaves=6
num_cat=0
split_feature=9 7 7 9 7
split_gain=0.800046 2.25482 2.58385 4.42092 3.18353
threshold=10.980566492979674 10.508536253124477 8.9607338534067136 9.3983314268993894 7.9335937500000009
decision_type=2 2 2 2 2
left_child=1 2 4 -4 -1
right_child=-2 -3 3 -5 -6
leaf_value=-0.0070334685162270708 -0.028608035726439818 0.048108562705575814 -0.11381070137135706 0.019373993072999418 0.046326248483448927
leaf_weight=49.660160575062037 8.4693810790777189 10.040236189961432 5.1786069720983487 4.8046872466802597 14.429947361350058
leaf_count=200 29 30 25 15 41
internal_value=0.000687342 0.00363709 -0.00239077 -0.0497125 0.00498052
internal_weight=92.583 84.1136 74.0734 9.98329 64.0901
internal_count=340 311 281 40 241
is_linear=0
shrinkage=0.1


Tree=49
num_leaves=6
num_cat=0
split_feature=6 9 9 8 8
split_gain=0.755312 1.52515 1.38462 2.44136 1.5374
threshold=8.6805822447412933 10.480624132075876 8.6045887589578562 7.7932971283413446 9.5663298330883357
decision_type=2 2 2 2 2
left_child=1 2 3 -1 -4
right_child=-2 -3 4 -5 -6
leaf_value=0.0040048322035654681 0.035706030270580558 -0.047602335062636732 0.059926306081101256 -0.049297956008664025 -0.00059795900638723721
leaf_weight=52.643507603555918 5.7516138553619376 6.6841510385274878 7.8499445617198971 10.268902465701101 9.0185468196868879
leaf_count=206 18 23 22 40 31
internal_value=0.000615985 -0.00171819 0.00212605 -0.00469554 0.0275677
internal_weight=92.2167 86.4651 79.7809 62.9124 16.8685
internal_count=340 322 299 246 53
is_linear=0
shrinkage=0.1


Tree=50
num_leaves=6
num_cat=0
split_feature=9 7 7 9 7
split_gain=0.687118 2.0388 2.22045 3.79132 2.7016
threshold=10.980566492979674 10.508536253124477 8.9607338534067136 9.3983314268993894 7.9335937500000009
decision_type=2 2 2 2 2
left_child=1 2 4 -4 -1
right_child=-2 -3 3 -5 -6
leaf_value=-0.0066852430307136656 -0.026585610925064701 0.045704831335131466 -0.10803154354552114 0.01666907429535577 0.042669633563524205
leaf_weight=49.65184024348855 8.469223737716673 9.9871107488870603 4.9717148169875127 4.7843116372823715 14.280593439936636
leaf_count=200 29 30 25 15 41
internal_value=0.000557392 0.00330467 -0.00244189 -0.0468789 0.00433916
internal_weight=92.1448 83.6756 73.6885 9.75603 63.9324
internal_count=340 311 281 40 241
is_linear=0
shrinkage=0.1


Tree=51
num_leaves=6
num_cat=0
split_feature=6 6 3 4 6
split_gain=0.723825 1.34455 0.886833 3.02241 1.97587
threshold=8.6805822447412933 7.4890429753539012 1.0659002582124708 4.8148345947265634 6.3825202992447645
decision_type=2 2 2 2 2
left_child=1 2 4 -4 -1
right_child=-2 -3 3 -5 -6
leaf_value=0.00178357888842444 0.034898074829157626 -0.04506034113011069 -0.024555218586107611 0.060706174365809454 -0.061677371395121597
leaf_weight=57.258660316467285 5.7346801608800879 6.6291515529155722 7.5774754360318211 9.2123539969325048 5.3659971654415122
leaf_count=218 18 24 31 28 21
internal_value=0.000498619 -0.00179405 0.00181761 0.0222266 -0.00365408
internal_weight=91.7783 86.0436 79.4145 16.7898 62.6247
internal_count=340 322 298 59 239
is_linear=0
shrinkage=0.1


Tree=52
num_leaves=7
num_cat=0
split_feature=3 3 1 0 3 0
split_gain=0.727931 1.35663 2.22269 0.984061 3.08054 3.06983
threshold=1.5074306076584125 1.0659002582124708 1.2646990419007909 1.2989739396143707 0.6083017999195065 1.43171915498927
decision_type=2 2 2 2 2 2
left_child=1 3 -3 4 -1 -5
right_child=-2 2 -4 5 -6 -7
leaf_value=0.0075312382422680312 -0.03447428500718467 0.071357067781485081 -0.0070954089634876752 0.044475082134311991 -0.04794256471073656 -0.021756147293362414
leaf_weight=27.979146547615528 5.6014217957854262 6.9617606624960882 7.5037897303700447 14.147272959351541 15.587150469422339 13.848843298852442
leaf_count=121 25 21 26 42 56 49
internal_value=0.000455713 0.00273006 0.030661 -0.00291587 -0.0123162 0.0117125
internal_weight=91.6294 86.028 14.4656 71.5624 43.5663 27.9961
internal_count=340 315 47 268 177 91
is_linear=0
shrinkage=0.1


Tree=53
num_leaves=5
num_cat=0
split_feature=4 4 9 8
split_gain=0.694608 2.66055 2.30684 1.95118
threshold=8.9378269985318202 8.0160900852390018 10.006855268954178 9.0019136649223555
decision_type=2 2 2 2
left_child=1 2 3 -1
right_child=-2 -3 -4 -5
leaf_value=-0.0037909646494620058 -0.032283090172119153 0.062030657132236926 -0.067189358679908981 0.047722359731648178
leaf_weight=65.051077947020531 6.0649627298116675 6.952365666627883 5.1526315361261359 8.2899380773305875
leaf_count=251 22 21 19 27
internal_value=0.000418214 0.00273935 -0.00251222 0.00203173
internal_weight=91.511 85.446 78.4936 73.341
internal_count=340 318 297 278
is_linear=0
shrinkage=0.1


Tree=54
num_leaves=10
num_cat=0
split_feature=6 5 4 9 4 9 3 1 7
split_gain=0.698938 2.54606 1.25959 2.80096 2.56824 2.53729 4.24101 1.76897 0.590777
threshold=2.6471321380432098 2.1989026063100146 4.8148345947265634 7.0785012221614325 3.5136718750000004 7.0785012221614325 0.644754133639866 1.1064624295076972 2.4980468750000004
decision_type=2 2 2 2 2 2 2 2 2
left_child=1 8 3 4 -2 7 -7 -4 -1
right_child=2 -3 5 -5 -6 6 -8 -9 -10
leaf_value=-0.04015625753875636 0.001204493014806461 0.096693772929175192 0.067925189510394543 0.037538274538191474 -0.071327579525955309 -0.072657881001146368 0.0088183744106218181 0.0016498705642302614 0.019033727421437371
leaf_weight=3.3222445696592313 8.7512596249580437 3.3352051973342896 9.1932173073291796 6.2490880638360968 11.040520537644623 8.0554635226726514 30.874770656228065 7.167014703154563 3.4243834018707275
leaf_count=38 37 9 24 17 47 29 106 21 12
internal_value=0.000384394 0.02522 -0.00269422 -0.0208278 -0.0392563 0.00584636 -0.00804073 0.0388916 -0.0101132
internal_weight=91.4132 10.0818 81.3313 26.0409 19.7918 55.2905 38.9302 16.3602 6.74663
internal_count=340 59 281 101 84 180 135 45 50
is_linear=0
shrinkage=0.1


Tree=55
num_leaves=5
num_cat=0
split_feature=6 9 9 6
split_gain=0.763168 1.04697 1.07657 1.25605
threshold=8.6805822447412933 10.480624132075876 9.982555048627221 6.2273142457575341
decision_type=2 2 2 2
left_child=1 2 3 -1
right_child=-2 -3 -4 -5
leaf_value=0.0018595516071874254 0.03576093184265236 -0.040296397765269922 0.04570744886612902 -0.04751600549742014
leaf_weight=67.932627331465483 5.7049920856952658 6.592651203274726 5.0814963132143012 5.5748906731605521
leaf_count=261 18 23 15 23
internal_value=0.000352589 -0.00201886 0.00119215 -0.00188514
internal_weight=90.8867 85.1817 78.589 73.5075
internal_count=340 322 299 284
is_linear=0
shrinkage=0.1


Tree=56
num_leaves=7
num_cat=0
split_feature=2 7 6 4 5 5
split_gain=0.690591 1.72048 1.56208 1.8512 1.61678 0.764501
threshold=1.1892022354684744 8.0170922780167135 6.655129008116873 6.6339088624228504 5.0448118673935562 8.0006384832330131
decision_type=2 2 2 2 2 2
left_child=2 -2 3 4 -1 -4
right_child=1 -3 5 -5 -6 -7
leaf_value=0.0057479639360560478 -0.021486803084625073 0.04164925409543227 -0.065921931223400454 0.055876164355198078 -0.035176995349247189 -0.013521453029715625
leaf_weight=43.072905924171209 6.9599276855587986 11.362504333257673 5.3148600459098798 5.8158365562558165 12.441583365201948 5.8475378677248955
leaf_count=176 25 34 22 20 42 21
internal_value=0.000320991 0.0176665 -0.00406306 0.00219941 -0.0034239 -0.0384714
internal_weight=90.8152 18.3224 72.4927 61.3303 55.5145 11.1624
internal_count=340 59 281 238 218 43
is_linear=0
shrinkage=0.1


Tree=57
num_leaves=7
num_cat=0
split_feature=3 3 1 2 2 2
split_gain=0.709596 1.42008 2.91447 0.987086 2.60756 1.19985
threshold=1.421158057027273 1.0659002582124708 1.3021029679696114 0.91080041192238792 0.82488930382073999 0.96961987157835317
decision_type=2 2 2 2 2 2
left_child=1 3 -3 4 -1 -5
right_child=-2 2 -4 5 -6 -7
leaf_value=0.009342754122593673 -0.029375650710050938 0.081343592125883574 -0.015841899529019599 0.042525135763748771 -0.080697536384242874 -0.002135115562742187
leaf_weight=7.9670962020754796 7.4028552994132033 6.3636396229267103 5.9905113503336906 6.826175481081008 5.3938114494085312 50.66568610817194
leaf_count=29 31 19 22 20 23 196
internal_value=0.000293024 0.00293262 0.0342185 -0.00252249 -0.0270066 0.00316753
internal_weight=90.6098 83.2069 12.3542 70.8528 13.3609 57.4919
internal_count=340 309 41 268 52 216
is_linear=0
shrinkage=0.1


Tree=58
num_leaves=5
num_cat=0
split_feature=8 6 6 6
split_gain=0.653998 2.69023 3.13955 1.83048
threshold=11.278809927628794 7.1259857709863859 6.2273142457575341 5.9794794307609385
decision_type=2 2 2 2
left_child=1 2 3 -1
right_child=-2 -3 -4 -5
leaf_value=-0.0024589528413621873 -0.025699023614939788 0.057523795654336268 -0.078505355398566234 0.054982073758615461
leaf_weight=62.176067974418402 8.7581083625555021 8.1609300598502141 5.1224876940250388 6.0913183242082587
leaf_count=246 31 26 21 16
internal_value=0.000268583 0.00305736 -0.00299929 0.00266636
internal_weight=90.3089 81.5508 73.3899 68.2674
internal_count=340 309 283 262
is_linear=0
shrinkage=0.1


Tree=59
num_leaves=7
num_cat=0
split_feature=7 6 9 4 4 7
split_gain=0.620213 1.55467 1.47142 3.77018 2.63078 0.0550474
threshold=3.8243313225115698 3.0190808140302869 6.3096690295121958 4.3593750000000009 4.199207240423676 2.4980468750000004
decision_type=2 2 2 2 2 2
left_child=5 -2 4 -4 -3 -1
right_child=1 2 3 -5 -6 -7
leaf_value=-0.03750946540852694 0.041185493331531112 -0.079092169096477538 0.070999001872776302 -0.0045572431463308883 0.001371996099638881 -0.019994101166739997
leaf_weight=3.2217549085617057 9.318603113293646 6.3095468245446709 7.6530700474977484 48.188299804925919 11.413538306951521 4.0497999414801598
leaf_count=38 32 30 19 164 37 20
internal_value=0.000247918 0.00270465 -0.00216982 0.00579775 -0.0272738 -0.0277545
internal_weight=90.1546 82.8831 73.5645 55.8414 17.7231 7.27155
internal_count=340 282 250 183 67 58
is_linear=0
shrinkage=0.1


Tree=60
num_leaves=10
num_cat=0
split_feature=6 5 4 4 9 9 3 1 7
split_gain=0.613911 1.98074 1.17336 2.38217 2.94006 1.87016 3.66622 1.503 0.445366
threshold=2.6471321380432098 2.1989026063100146 4.8148345947265634 4.2582576514687398 7.0785012221614325 7.0785012221614325 0.644754133639866 1.1064624295076972 2.4980468750000004
decision_type=2 2 2 2 2 2 2 2 2
left_child=1 8 3 4 -2 7 -7 -4 -1
right_child=2 -3 5 -5 -6 6 -8 -9 -10
leaf_value=-0.03485437492759693 -0.025324539798968482 0.088523695739020969 0.061405254664704291 -0.077923840966583002 0.065403459499907016 -0.066828705740721972 0.0094266584249318251 -0.00014715637241826394 0.017410156578942688
leaf_weight=3.1256504133343679 15.308918874710804 3.1913003027439117 8.993084594607355 5.6070445254445067 4.6585764884948722 7.9503507465124121 30.46321789175272 7.098316177725791 3.4083072394132614
leaf_count=38 67 9 24 22 12 29 106 21 12
internal_value=0.000222798 0.0239482 -0.00265853 -0.0203299 -0.00415697 0.00563312 -0.0063557 0.034253 -0.00759164
internal_weight=89.8048 9.72526 80.0795 25.5745 19.9675 54.505 38.4136 16.0914 6.53396
internal_count=340 59 281 101 79 180 135 45 50
is_linear=0
shrinkage=0.1


Tree=61
num_leaves=9
num_cat=0
split_feature=1 1 1 8 9 6 8 8
split_gain=0.681223 3.65681 2.6921 2.38581 3.95561 1.95286 4.65493 1.62571
threshold=1.1419832873683435 1.0906430972530403 1.1694016833477285 5.9069101018885588 4.0835195952332946 4.3146856033709993 8.5748532998995319 6.6796535236408952
decision_type=2 2 2 2 2 2 2 2
left_child=1 3 -2 4 -1 -4 -7 -5
right_child=2 -3 5 7 -6 6 -8 -9
leaf_value=0.010069886182874747 0.072831577348845974 -0.070237474307044509 0.037198919127732481 0.060352707523432893 -0.10055702510339359 -0.086776296047924695 0.010996664413634137 0.0061594866187723966
leaf_weight=9.1058828979730588 5.8117220103740683 7.8500048220157614 9.6882118433713895 7.7048361450433758 5.01071498915553 6.7129120081663158 17.731265991926193 19.659967690706253
leaf_count=66 18 33 31 20 23 25 59 65
internal_value=0.000209488 -0.00765088 0.00991713 0.0041931 -0.0291974 -0.000795311 -0.015854 0.0214181
internal_weight=89.2755 49.3314 39.9441 41.4814 14.1166 34.1324 24.4442 27.3648
internal_count=340 207 133 174 89 115 84 85
is_linear=0
shrinkage=0.1


Tree=62
num_leaves=7
num_cat=0
split_feature=2 7 6 5 5 1
split_gain=0.661418 1.32013 1.25195 1.72104 2.97962 0.573004
threshold=1.1892022354684744 8.0170922780167135 6.655129008116873 5.9860818726670741 5.0448118673935562 1.1380256692461386
decision_type=2 2 2 2 2 2
left_child=2 -2 3 4 -1 -4
right_child=1 -3 5 -5 -6 -7
leaf_value=0.0045223231613430526 -0.017011879439082684 0.038581867097161347 -0.011023964583551812 0.039217199326469179 -0.06223932740042476 -0.056986101857771081
leaf_weight=41.995718397200108 6.9266796484589603 11.142195776104925 5.1227706074714643 10.067299216985701 7.9507187455892554 5.7647685036063194
leaf_count=176 25 34 19 33 29 24
internal_value=0.000190491 0.0172701 -0.00416217 0.00149769 -0.00610512 -0.0353601
internal_weight=88.9702 18.0689 70.9013 60.0137 49.9464 10.8875
internal_count=340 59 281 238 205 43
is_linear=0
shrinkage=0.1


Tree=63
num_leaves=10
num_cat=0
split_feature=0 5 8 3 2 0 6 6 8
split_gain=0.610232 2.32071 4.16166 2.09507 1.41756 1.30292 1.2546 1.29008 0.802167
threshold=1.187532424926758 4.7810881166421577 8.5748532998995319 0.88548521105040701 0.91080041192238792 1.6250000000600269 4.9995441851300111 2.76956876012395 7.7932971283413446
decision_type=2 2 2 2 2 2 2 2 2
left_child=3 4 -3 6 -2 -4 7 -1 -8
right_child=1 2 5 -5 -6 -7 8 -9 -10
leaf_value=0.015898692432769576 0.0051931928051596812 -0.064236194392983212 0.030647527332591719 -0.06106305967062671 0.060244342159789167 -0.023437352132735442 0.046482025441403299 -0.039376207532909629 -0.00028490379555377876
leaf_weight=7.1190600246191051 8.5926098972558993 9.5569873005151766 15.384088188409807 6.495626136660575 10.265534728765486 6.2693176344037047 7.2317022010683996 10.377427265048025 7.4418775886297226
leaf_count=50 35 38 52 26 28 23 20 43 25
internal_value=0.000176349 0.00746391 -0.00927116 -0.00926038 0.0351606 0.0149883 0.00119937 -0.0168857 0.0227636
internal_weight=88.7342 50.0685 31.2104 38.6657 18.8581 21.6534 32.1701 17.4965 14.6736
internal_count=340 176 113 164 63 75 138 93 45
is_linear=0
shrinkage=0.1


Tree=64
num_leaves=7
num_cat=0
split_feature=2 7 9 9 9 9
split_gain=0.619012 1.90208 1.13634 1.02446 3.50335 1.38167
threshold=1.1892022354684744 7.9335937500000009 10.255538715026908 8.4616452301720955 7.8430984188913593 9.2561983471074392
decision_type=2 2 2 2 2 2
left_child=2 -2 3 4 -1 -5
right_child=1 -3 -4 5 -6 -7
leaf_value=0.0028730288967784168 -0.02677057191165659 0.041113808324445375 -0.044003331556848983 0.060968836507442441 -0.081137564510142285 -0.0069966202112245225
leaf_weight=46.603985611349344 6.4377530217170742 11.501843690872191 6.4664255678653708 5.8748641163110715 5.555541291832923 6.0934215188026428
leaf_count=193 24 35 24 19 24 21
internal_value=0.00016581 0.016753 -0.00404937 -2.05561e-05 -0.00607499 0.0263655
internal_weight=88.5338 17.9396 70.5942 64.1278 52.1595 11.9683
internal_count=340 59 281 257 217 40
is_linear=0
shrinkage=0.1


Tree=65
num_leaves=6
num_cat=0
split_feature=3 3 1 4 6
split_gain=0.669179 1.1674 1.57792 0.916301 2.73502
threshold=1.5074306076584125 1.0659002582124708 1.2646990419007909 8.0160900852390018 6.2273142457575341
decision_type=2 2 2 2 2
left_child=1 3 -3 4 -1
right_child=-2 2 -4 -5 -6
leaf_value=-7.673319654037745e-05 -0.033864726803374032 0.064555665473736201 -0.0031167697606927177 0.028395512541647568 -0.070592883171576734
leaf_weight=54.624987050890923 5.4279179498553267 6.5404087752103788 7.2815963551402092 8.2212124615907651 6.1160944551229468
leaf_count=216 25 21 26 27 25
internal_value=0.000149771 0.00238 0.028905 -0.00293637 -0.00717709
internal_weight=88.2122 82.7843 13.822 68.9623 60.7411
internal_count=340 315 47 268 241
is_linear=0
shrinkage=0.1


Tree=66
num_leaves=8
num_cat=0
split_feature=8 9 3 7 8 4 0
split_gain=0.692078 1.12656 2.10267 3.40562 1.56673 2.84197 0.894131
threshold=11.899985825156785 8.6045887589578562 0.75995911272424199 9.8458432251673145 7.7932971283413446 5.7598390579223642 1.3404663109545256
decision_type=2 2 2 2 2 2 2
left_child=1 4 -3 -4 5 -1 -6
right_child=-2 2 3 -5 6 -7 -8
leaf_value=-0.0060573802225397507 -0.033429536202362768 -0.023627920098660458 0.096475769272690221 0.00055116931048805726 -0.071371055986807361 0.068140614470170321 -0.011021168078862888
leaf_weight=44.585530981421471 5.7407876998186103 6.942331254482272 6.6302540749311438 8.3778035789728147 4.8986175656318647 5.8381514549255362 4.921362929046154
leaf_count=190 22 24 18 30 21 16 19
internal_value=0.00013893 0.0024835 0.0218786 0.0429287 -0.0045833 0.00253341 -0.0411262
internal_weight=87.9348 82.1941 21.9504 15.0081 60.2437 50.4237 9.81998
internal_count=340 318 72 48 246 206 40
is_linear=0
shrinkage=0.1


Tree=67
num_leaves=7
num_cat=0
split_feature=3 3 6 3 6 3
split_gain=0.595779 0.901584 1.13261 3.94475 3.27876 1.02131
threshold=1.5074306076584125 1.0163023035271028 4.9175759428410881 0.79350502119035959 5.1993351917401185 1.1656129144244378
decision_type=2 2 2 2 2 2
left_child=1 2 3 -1 -4 -3
right_child=-2 5 4 -5 -6 -7
leaf_value=0.00411627730196403 -0.03201023505748276 0.051182152475543766 0.064296093090787931 -0.077611333762574675 -0.0076526640591826432 0.00072776439005902891
leaf_weight=22.972499132156376 5.4100534804165354 7.2793617695570019 8.2945810556411725 7.9495408162474623 26.793200612068176 8.9382379651069623
leaf_count=110 25 25 22 32 95 31
internal_value=0.000134164 0.00224907 -0.00294113 -0.0168945 0.00935567 0.0233745
internal_weight=87.6375 82.2274 66.0098 30.922 35.0878 16.2176
internal_count=340 315 259 142 117 56
is_linear=0
shrinkage=0.1


Tree=68
num_leaves=6
num_cat=0
split_feature=1 9 1 4 7
split_gain=0.580777 2.14339 1.53335 1.18534 2.50763
threshold=1.3431247451214008 10.980566492979674 1.5653578309265845 7.6213481001185057 8.9607338534067136
decision_type=2 2 2 2 2
left_child=1 3 -2 4 -1
right_child=2 -3 -4 -5 -6
leaf_value=0.004611664901348211 0.054402927160971871 -0.067527852254407286 -0.013634836390246289 0.041206608529202507 -0.055135312018784112
leaf_weight=54.441586399450898 6.4382508397102338 4.8588138222694388 6.8223893418908119 6.6845892071723929 8.0654671192169172
leaf_count=219 21 19 23 24 34
internal_value=0.00012548 -0.00332586 0.0193986 0.00118256 -0.00309766
internal_weight=87.3111 74.0505 13.2606 69.1916 62.5071
internal_count=340 296 44 277 253
is_linear=0
shrinkage=0.1


Tree=69
num_leaves=9
num_cat=0
split_feature=7 7 8 9 1 0 6 6
split_gain=0.550628 2.59865 3.09448 1.75166 1.94997 3.12107 1.91697 1.63365
threshold=7.9335937500000009 8.6308858077973145 9.0822649379252507 6.6224643125469571 1.07754352031798 1.43171915498927 2.6471321380432098 6.3825202992447645
decision_type=2 2 2 2 2 2 2 2
left_child=3 -2 -3 4 6 -6 -1 -4
right_child=1 2 7 -5 5 -7 -8 -9
leaf_value=0.019348464083038391 0.050725622646968421 -0.07777586998514556 0.057107748960234073 -0.040978637690259188 0.068879207994553146 -0.018219424025964107 -0.044629658238791864 -0.0057640901710614449
leaf_weight=8.0489156097173709 10.773804992437361 5.0680476725101498 5.3206847831606892 11.574505493044851 8.9672554433345812 7.6018981561064711 11.200251432135699 18.511640891432762
leaf_count=53 32 24 17 38 30 28 51 67
internal_value=0.0001172 0.0088089 -0.00681729 -0.00715892 0.00376975 0.0289185 -0.0178776 0.00827236
internal_weight=87.067 39.6742 28.9004 47.3928 35.8183 16.5692 19.2492 23.8323
internal_count=340 140 108 200 162 58 104 84
is_linear=0
shrinkage=0.1


Tree=70
num_leaves=6
num_cat=0
split_feature=7 6 6 4 7
split_gain=0.605578 1.30638 1.71645 1.16228 0.0412719
threshold=3.8243313225115698 3.0190808140302869 3.4566705733075613 4.432575094861023 2.4980468750000004
decision_type=2 2 2 2 2
left_child=4 -2 -3 -4 -1
right_child=1 2 3 -5 -6
leaf_value=-0.036188996801342424 0.03869253908849743 -0.069464385824838965 0.028629666587668023 -0.0047550378097676481 -0.020941992289275069
leaf_weight=3.1734928265213957 8.9149366319179517 3.573163302615284 12.911291897296904 54.22862546890974 4.0297087654471397
leaf_count=38 32 18 42 190 20
internal_value=0.000106933 0.00261869 -0.00192922 0.00166498 -0.0276593
internal_weight=86.8312 79.628 70.7131 67.1399 7.2032
internal_count=340 282 250 232 58
is_linear=0
shrinkage=0.1


Tree=71
num_leaves=6
num_cat=0
split_feature=6 6 5 6 5
split_gain=0.565526 0.91024 1.09171 1.81846 1.44259
threshold=8.6805822447412933 7.4890429753539012 6.1599849102502509 5.2916680841979025 6.9060380787120215
decision_type=2 2 2 2 2
left_child=1 2 3 -1 -4
right_child=-2 -3 4 -5 -6
leaf_value=0.0030963246919517716 0.031595229383308242 -0.038559438360093262 0.062734008621894322 -0.043256111726626349 -0.0035234479996074813
leaf_weight=51.661908699199557 5.3469724655151358 6.2770226001739493 6.1219117343425733 10.121947310864924 7.0937556400895119
leaf_count=214 18 24 21 35 28
internal_value=9.33222e-05 -0.00197911 0.00108245 -0.00449752 0.0271691
internal_weight=86.6235 81.2765 74.9995 61.7839 13.2157
internal_count=340 322 298 249 49
is_linear=0
shrinkage=0.1


Tree=72
num_leaves=5
num_cat=0
split_feature=3 4 6 6
split_gain=0.544758 0.988195 2.18761 1.65435
threshold=1.421158057027273 8.0160900852390018 6.2273142457575341 5.9794794307609385
decision_type=2 2 2 2
left_child=1 2 3 -1
right_child=-2 -3 -4 -5
leaf_value=-0.0011384050592082142 -0.026406841071271021 0.02989053566793521 -0.052970038324154728 0.055000331277169495
leaf_weight=54.876281037926674 7.1217403020709744 11.272826835513113 7.5136227980256072 5.8045664578676215
leaf_count=224 31 38 31 16
internal_value=8.86131e-05 0.0024631 -0.00207077 0.00423168
internal_weight=86.589 79.4673 68.1945 60.6808
internal_count=340 309 271 240
is_linear=0
shrinkage=0.1


Tree=73
num_leaves=6
num_cat=0
split_feature=8 9 7 7 7
split_gain=0.579892 1.18439 1.20125 2.75956 1.91335
threshold=11.899985825156785 9.8835897941082962 8.9607338534067136 9.912544250488283 7.9335937500000009
decision_type=2 2 2 2 2
left_child=1 2 4 -4 -1
right_child=-2 -3 3 -5 -6
leaf_value=-0.0069751925917689445 -0.030996101154087654 0.031966211034602655 -0.096012419746494826 0.01453042272956531 0.036251617604751346
leaf_weight=47.078351939097047 5.6132110282778731 11.497916921973227 4.2007590755820257 4.8837290331721306 13.085987955331801
leaf_count=200 22 37 22 19 40
internal_value=8.34003e-05 0.00224393 -0.00269109 -0.0365857 0.00242681
internal_weight=86.36 80.7467 69.2488 9.08449 60.1643
internal_count=340 318 281 41 240
is_linear=0
shrinkage=0.1


Tree=74
num_leaves=5
num_cat=0
split_feature=8 6 6 6
split_gain=0.51947 2.45782 2.45853 1.47676
threshold=11.278809927628794 7.1259857709863859 6.2273142457575341 5.9794794307609385
decision_type=2 2 2 2
left_child=1 2 3 -1
right_child=-2 -3 -4 -5
leaf_value=-0.002780944920151531 -0.023579586443673084 0.056572266719910724 -0.071700127500892663 0.050452646547858471
leaf_weight=59.466265888884664 8.3825256600975973 7.6165884062647811 4.8805285468697539 5.711736172437667
leaf_count=246 31 26 21 16
internal_value=7.08416e-05 0.00262314 -0.00324207 0.00188407
internal_weight=86.0576 77.6751 70.0585 65.178
internal_count=340 309 283 262
is_linear=0
shrinkage=0.1


Tree=75
num_leaves=6
num_cat=0
split_feature=6 6 5 6 5
split_gain=0.479863 1.01203 1.06115 1.88382 1.17933
threshold=8.6805822447412933 7.4890429753539012 6.1599849102502509 5.2916680841979025 6.9060380787120215
decision_type=2 2 2 2 2
left_child=1 2 3 -1 -4
right_child=-2 -3 4 -5 -6
leaf_value=0.0036179320534025653 0.029334538484287659 -0.040767515547501638 0.059940843920242182 -0.043807850824252967 -0.00061995406850596255
leaf_weight=51.54769317060709 5.2596529871225348 6.1677586510777465 5.9885428100824338 10.000360682606695 6.9441791698336601
leaf_count=214 18 24 21 35 28
internal_value=6.86812e-05 -0.00183995 0.00138365 -0.00408783 0.0274229
internal_weight=85.9082 80.6485 74.4808 61.5481 12.9327
internal_count=340 322 298 249 49
is_linear=0
shrinkage=0.1


Tree=76
num_leaves=6
num_cat=0
split_feature=7 5 8 5 7
split_gain=0.480218 1.11125 2.5816 1.28077 0.0379384
threshold=3.8243313225115698 3.3148148148148153 5.6291761546284969 4.7810881166421577 2.4980468750000004
decision_type=2 2 2 2 2
left_child=4 -2 -3 -4 -1
right_child=1 2 3 -5 -6
leaf_value=-0.033289318064825532 0.034988750702729381 -0.066131224759622256 0.026848515479169822 -0.0049166830047148924 -0.018493999417217837
leaf_weight=3.0712996646761885 9.188682943582533 5.7596808448433867 17.47149683535099 46.411170333623886 3.9777704328298569
leaf_count=38 33 32 50 167 20
internal_value=6.63038e-05 0.0023024 -0.00201027 0.00377089 -0.0249404
internal_weight=85.8801 78.831 69.6423 63.8827 7.04907
internal_count=340 282 249 217 58
is_linear=0
shrinkage=0.1


Tree=77
num_leaves=8
num_cat=0
split_feature=9 8 2 8 4 2 0
split_gain=0.511845 1.85852 3.68797 1.46403 2.1608 1.48559 0.600586
threshold=8.6045887589578562 9.5663298330883357 1.073597225683059 7.7932971283413446 5.7598390579223642 1.0287271543219763 1.3404663109545256
decision_type=2 2 2 2 2 2 2
left_child=3 -2 -3 4 5 -1 -5
right_child=1 2 -4 6 -6 -7 -8
leaf_value=0.0042110936898351855 0.054837367829599283 -0.051167680242093755 0.035707404597968721 -0.066585387989926359 0.060758992318344418 -0.040020729533942666 -0.016222662114242753
leaf_weight=33.919686336070299 7.228896580636504 9.0891519635915774 10.568069383502005 4.6941958069801313 5.5106700956821433 9.7833677977323514 4.778006948530674
leaf_count=153 22 38 34 21 16 37 19
internal_value=5.54918e-05 0.0114818 -0.0044621 -0.00517931 0.00175 -0.00569064 -0.0411812
internal_weight=85.572 26.8861 19.6572 58.6859 49.2137 43.7031 9.4722
internal_count=340 94 72 246 206 190 40
is_linear=0
shrinkage=0.1


Tree=78
num_leaves=7
num_cat=0
split_feature=8 8 5 6 6 0
split_gain=0.484145 1.04375 1.61825 2.02351 1.50446 1.28744
threshold=11.899985825156785 9.0019136649223555 5.2503866923207712 4.9995441851300111 5.9794794307609385 1.3135554284201429
decision_type=2 2 2 2 2 2
left_child=1 2 3 -1 -4 -3
right_child=-2 5 4 -5 -6 -7
leaf_value=-0.0057301063577198811 -0.028484307705694996 -0.0060366289466662892 -0.072447909467344654 0.047364225117432858 -0.0013901758394459706 0.046625490180307205
leaf_weight=40.238019090145826 5.5558196753263465 8.5086222141981143 6.0313127636909467 8.7366471923887712 5.8887851759791374 10.216226808726786
leaf_count=181 22 30 24 26 21 36
internal_value=5.65123e-05 0.00204808 -0.00430096 0.00374145 -0.0373439 0.0226957
internal_weight=85.1754 79.6196 60.8948 48.9747 11.9201 18.7248
internal_count=340 318 252 207 45 66
is_linear=0
shrinkage=0.1


Tree=79
num_leaves=7
num_cat=0
split_feature=3 3 1 6 3 6
split_gain=0.504983 0.97732 1.22606 0.998546 3.32629 2.61498
threshold=1.421158057027273 1.0163023035271028 1.3021029679696114 4.9175759428410881 0.79350502119035959 5.1993351917401185
decision_type=2 2 2 2 2 2
left_child=1 3 -3 4 -1 -5
right_child=-2 2 -4 5 -6 -7
leaf_value=0.0033422832053002388 -0.025660943060202852 0.052473234378118107 -0.0075482903041181361 0.058610478226822853 -0.072677089788226901 -0.0065924462931052467
leaf_weight=22.609538979828361 7.0057749804109326 7.8494120910763723 6.0083281323313713 8.0799426287412626 7.7216403037309638 25.762455530464649
leaf_count=110 31 27 23 22 32 95
internal_value=5.7263e-05 0.00236628 0.0264496 -0.0028343 -0.0160106 0.00897489
internal_weight=85.0371 78.0313 13.8577 64.1736 30.3312 33.8424
internal_count=340 309 50 259 142 117
is_linear=0
shrinkage=0.1


Tree=80
num_leaves=7
num_cat=0
split_feature=1 9 1 5 5 1
split_gain=0.447663 1.65893 1.15441 1.12341 3.36694 1.55043
threshold=1.3431247451214008 10.980566492979674 1.5653578309265845 5.9860818726670741 5.0071201213593897 1.0906430972530403
decision_type=2 2 2 2 2 2
left_child=1 3 -2 4 -1 -5
right_child=2 -3 -4 5 -6 -7
leaf_value=0.0050942450201168351 0.049171219265212562 -0.060519534139872093 -0.01114623999448369 0.048296352054285799 -0.064202842017719169 -0.013608475591266187
leaf_weight=42.082405090332031 6.0129479914903623 4.6877570152282706 6.7182208746671677 10.053836032748224 8.4131329320371133 6.7701645046472541
leaf_count=182 21 19 23 33 33 29
internal_value=5.5975e-05 -0.00300022 0.0173418 0.0010051 -0.00645144 0.0233852
internal_weight=84.7385 72.0073 12.7312 67.3195 50.4955 16.824
internal_count=340 296 44 277 215 62
is_linear=0
shrinkage=0.1


Tree=81
num_leaves=8
num_cat=0
split_feature=0 5 3 3 2 4 6
split_gain=0.492294 2.11301 2.04359 1.8043 1.33409 1.2809 0.70544
threshold=1.187532424926758 3.3148148148148153 0.75092853178521579 0.88548521105040701 1.0377937642596846 5.8698730468750009 2.76956876012395
decision_type=2 2 2 2 2 2 2
left_child=3 -2 -3 5 -4 6 -1
right_child=1 2 4 -5 -6 -7 -8
leaf_value=0.014195812150276779 0.068882375123600723 -0.041630245011381573 -0.0020745338805652422 -0.057785470573574749 0.041595449006143786 0.0321449947392555 -0.024347614582284446
leaf_weight=6.9831083416938844 4.919027015566825 9.3462641313672048 22.722716134041548 6.1990708485245696 10.107088521122931 9.3974285796284658 14.839262142777441
leaf_count=50 17 36 88 26 35 31 57
internal_value=5.57442e-05 0.00685882 -0.000375033 -0.00850655 0.0113698 0.00127837 -0.0120138
internal_weight=84.514 47.0951 42.1761 37.4189 32.8298 31.2198 21.8224
internal_count=340 176 159 164 123 138 107
is_linear=0
shrinkage=0.1


Tree=82
num_leaves=6
num_cat=0
split_feature=2 2 3 3 0
split_gain=0.506506 0.983062 0.819431 1.26049 1.29966
threshold=1.1892022354684744 1.4609805675621488 1.421158057027273 1.0659002582124708 1.43171915498927
decision_type=2 2 2 2 2
left_child=2 -2 3 4 -1
right_child=1 -3 -4 -5 -6
leaf_value=0.00054009551140240121 0.041845991645240471 -0.0065136279972694321 -0.03951861036184582 0.043287471428327631 -0.046523402973368752
leaf_weight=48.877839263528585 7.7191057205200222 9.2296813726425153 5.8723535761237136 5.9587759003043166 6.6680911406874648
leaf_count=205 25 34 28 20 28
internal_value=5.86347e-05 0.0155111 -0.00382846 -0.000420834 -0.00510971
internal_weight=84.3258 16.9488 67.3771 61.5047 55.5459
internal_count=340 59 281 253 233
is_linear=0
shrinkage=0.1


Tree=83
num_leaves=7
num_cat=0
split_feature=7 6 7 2 7 7
split_gain=0.457534 0.968497 1.1778 2.11399 1.89627 0.0321704
threshold=3.8243313225115698 3.0190808140302869 6.9123535156250009 1.0562942218917695 7.263076676380714 2.4980468750000004
decision_type=2 2 2 2 2 2
left_child=5 -2 3 -3 -4 -1
right_child=1 2 4 -5 -6 -7
leaf_value=-0.032166763127214316 0.033578844467039369 -0.0031596661690860826 0.058259669065930809 -0.077160053393535946 -0.00085291909745979853 -0.018489647675903494
leaf_weight=3.033188857138156 8.7632071375846845 15.331378143280746 6.2412057071924201 5.1596214435994616 41.58521256968379 3.9715446829795837
leaf_count=38 32 58 17 21 154 20
internal_value=5.75736e-05 0.00228127 -0.00173333 -0.0217929 0.0068611 -0.0244121
internal_weight=84.0854 77.0806 68.3174 20.491 47.8264 7.00473
internal_count=340 282 250 79 171 58
is_linear=0
shrinkage=0.1


Tree=84
num_leaves=9
num_cat=0
split_feature=2 7 1 9 0 9 6 1
split_gain=0.471581 1.37515 0.716453 3.34795 2.55108 1.71317 1.78641 1.71334
threshold=1.1892022354684744 7.9335937500000009 1.0906430972530403 6.0925511878846157 1.5672944956750143 6.3577531900169424 2.6471321380432098 1.027708570950099
decision_type=2 2 2 2 2 2 2 2
left_child=2 -2 5 -4 -5 6 -1 -7
right_child=1 -3 3 4 -6 7 -8 -9
leaf_value=0.019407041218574232 -0.022716216691015076 0.036727340965624182 0.037489194425573295 -0.060346427809499392 0.019847052340854474 -0.0029582417467579458 -0.043701581216525419 0.054788026839043824
leaf_weight=7.7549228966236141 6.1271200031042126 10.666983082890509 8.2937946692109126 14.347647301852705 5.4827194437384597 10.648709408938887 10.639032473787664 9.9285210594534856
leaf_count=53 24 35 30 59 19 39 51 30
internal_value=5.38729e-05 0.0150401 -0.00369721 -0.0158613 -0.0381745 0.00508119 -0.0170949 0.0249044
internal_weight=83.8895 16.7941 67.0953 28.1242 19.8304 38.9712 18.394 20.5772
internal_count=340 59 281 108 78 173 104 69
is_linear=0
shrinkage=0.1


Tree=85
num_leaves=7
num_cat=0
split_feature=2 5 7 2 4 7
split_gain=0.455853 1.89982 4.71068 1.51773 1.10858 3.11003
threshold=0.91080041192238792 6.6149183051062588 6.3812646137084821 0.94928229673837417 8.0160900852390018 8.6308858077973145
decision_type=2 2 2 2 2 2
left_child=1 2 -1 -2 5 -5
right_child=3 -3 -4 4 -6 -7
leaf_value=0.030893258461894647 0.051711014604413713 0.035869342011356019 -0.086994467880893919 0.0049360320792494212 0.03259206897579036 -0.060955688785602327
leaf_weight=6.2066708076745289 6.0622775405645362 5.5532797649502745 7.4680267199873924 41.060311421751976 8.4629243612289411 8.676841698586939
leaf_count=27 18 20 37 171 30 37
internal_value=5.20139e-05 -0.0134564 -0.0334876 0.00409389 -0.000866041 -0.00655904
internal_weight=83.4903 19.228 13.6747 64.2624 58.2001 49.7372
internal_count=340 84 64 256 238 208
is_linear=0
shrinkage=0.1


Tree=86
num_leaves=5
num_cat=0
split_feature=8 9 6 7
split_gain=0.506305 1.94072 1.78583 0.936482
threshold=11.278809927628794 9.982555048627221 6.2273142457575341 7.9335937500000009
decision_type=2 2 2 2
left_child=1 2 3 -1
right_child=-2 -3 -4 -5
leaf_value=-0.0061618379185451192 -0.023938007445773551 0.048677695934011396 -0.065064623023273718 0.021340838537315835
leaf_weight=45.789361765608191 7.9615106955170623 8.1444047465920431 4.3384100794792166 16.969004321843386
leaf_count=200 31 27 21 61
internal_value=4.29949e-05 0.0025805 -0.00301491 0.00127451
internal_weight=83.2027 75.2412 67.0968 62.7584
internal_count=340 309 282 261
is_linear=0
shrinkage=0.1


Tree=87
num_leaves=11
num_cat=0
split_feature=0 7 7 5 3 3 4 4 5 4
split_gain=0.466619 1.46411 5.56139 3.12061 0.936959 3.06638 3.41612 0.840835 0.734903 0.429822
threshold=1.2989739396143707 6.3812646137084821 7.5175781250000009 5.5860981617290451 0.6083017999195065 0.96812090450349175 6.3158548063365751 3.4331800993841433 4.3953601952868677 2.2500000000000004
decision_type=2 2 2 2 2 2 2 2 2 2
left_child=4 -2 -3 -4 7 6 -6 9 -9 -1
right_child=1 2 3 -5 5 -7 -8 8 -10 -11
leaf_value=-0.0042432347620422924 0.039852166230171633 -0.09884559609192807 0.085225366718251025 -0.0036317194373686463 -0.10643213126367335 0.023743569175273985 0.0014429067349713408 0.045826585870280628 0.0028617994803424311 -0.05164832924832452
leaf_weight=6.1426295936107653 10.572237318381665 5.0264154672622707 5.2256872653961208 16.220224119722843 6.239762347191574 8.2740975767374021 5.5436176285147667 6.3524253815412548 10.664895206689833 2.7775163576006889
leaf_count=48 39 21 14 66 29 31 19 20 36 17
internal_value=4.09169e-05 0.00839371 -0.00416983 0.0180199 -0.00668647 -0.0229169 -0.0556812 0.00586457 0.0189002 -0.019004
internal_weight=83.0395 37.0446 26.4723 21.4459 45.9949 20.0575 11.7834 25.9375 17.0173 8.92015
internal_count=340 140 101 80 200 79 48 121 56 65
is_linear=0
shrinkage=0.1


Tree=88
num_leaves=5
num_cat=0
split_feature=4 4 5 5
split_gain=1.50029 2.04949 1.26356 1.72252
threshold=9.0079287978878728 8.0160900852390018 6.9060380787120215 6.1599849102502509
decision_type=2 2 2 2
left_child=1 2 3 -1
right_child=-2 -3 -4 -5
leaf_value=-0.0027363371729512828 -0.056689307650770883 0.055668405047881203 -0.045145415359606998 0.054642639763528893
leaf_weight=59.416085720062256 4.4141476899385443 6.8051142990589133 6.1377863362431517 5.7370592877268782
leaf_count=249 19 24 27 21
internal_value=2.91793e-05 0.00323502 -0.00177003 0.00231617
internal_weight=82.5102 78.096 71.2909 65.1531
internal_count=340 321 297 270
is_linear=0
shrinkage=0.1


Tree=89
num_leaves=5
num_cat=0
split_feature=8 9 4 0
split_gain=0.414221 1.71279 1.67893 1.23013
threshold=11.278809927628794 9.982555048627221 6.9669036865234384 1.516777038574219
decision_type=2 2 2 2
left_child=1 2 3 -1
right_child=-2 -3 -4 -5
leaf_value=-0.0049048645465323316 -0.021709165338625509 0.046121772955975089 -0.058233811257929785 0.032210260160441526
leaf_weight=50.501153251156211 7.9189138412475577 7.9799804165959349 5.0671401023864737 10.848243445158003
leaf_count=219 31 27 27 36
internal_value=3.38015e-05 0.00234817 -0.00291125 0.0016581
internal_weight=82.3154 74.3965 66.4165 61.3494
internal_count=340 309 282 255
is_linear=0
shrinkage=0.1


Tree=90
num_leaves=5
num_cat=0
split_feature=3 4 6 9
split_gain=0.407744 0.553424 1.91728 1.10446
threshold=1.421158057027273 8.0160900852390018 6.2273142457575341 8.6045887589578562
decision_type=2 2 2 2
left_child=1 2 3 -1
right_child=-2 -3 -4 -5
leaf_value=6.6253068143616147e-05 -0.023667213130149259 0.023774509542840161 -0.050418605796014308 0.045539241310310896
leaf_weight=52.229125779122114 6.669867329299449 10.211907297372816 7.0739373192191115 5.9497136622667304
leaf_count=223 31 38 31 17
internal_value=3.2552e-05 0.00212723 -0.00126052 0.00471659
internal_weight=82.1346 75.4647 65.2528 58.1788
internal_count=340 309 271 240
is_linear=0
shrinkage=0.1


Tree=91
num_leaves=6
num_cat=0
split_feature=7 6 0 0 7
split_gain=0.392432 0.860988 1.04897 1.44848 0.028792
threshold=3.8243313225115698 3.0190808140302869 1.6335641276136814 1.516777038574219 2.4980468750000004
decision_type=2 2 2 2 2
left_child=4 -2 3 -3 -1
right_child=1 2 -4 -5 -6
leaf_value=-0.030218447335927896 0.032164291146068773 -0.0012981197259973223 -0.031234461783689674 0.055620705020989106 -0.017174515749952105
leaf_weight=2.9688761681318274 8.4678101688623411 51.503283662721515 10.179827492684124 4.8959693536162368 3.9352355003356934
leaf_count=38 32 194 37 19 20
internal_value=3.12251e-05 0.00213013 -0.00168974 0.00364295 -0.0227836
internal_weight=81.951 75.0469 66.5791 56.3993 6.90411
internal_count=340 282 250 213 58
is_linear=0
shrinkage=0.1


Tree=92
num_leaves=6
num_cat=0
split_feature=6 6 5 7 5
split_gain=0.403068 1.03687 0.716376 2.26541 0.116671
threshold=8.6805822447412933 7.4890429753539012 6.4236453341010602 8.6308858077973145 7.2108133747558378
decision_type=2 2 2 2 2
left_child=1 2 3 -1 -4
right_child=-2 -3 4 -5 -6
leaf_value=0.0040057084700896696 0.027731468822369779 -0.043121954336577589 0.038141563874843111 -0.059092678720765082 0.016402185752341158
leaf_weight=54.982693681493402 4.9357129558920851 5.6148834787309161 4.578956760466097 6.346795789897441 5.3567563369870186
leaf_count=230 18 24 19 28 21
internal_value=3.00233e-05 -0.00174841 0.00151135 -0.00252414 0.026421
internal_weight=81.8158 76.8801 71.2652 61.3295 9.93571
internal_count=340 322 298 258 40
is_linear=0
shrinkage=0.1


Tree=93
num_leaves=8
num_cat=0
split_feature=2 5 7 2 4 7 0
split_gain=0.403589 1.41434 3.40364 1.24284 0.84968 4.27849 3.17443
threshold=0.91080041192238792 6.6149183051062588 6.3812646137084821 0.94928229673837417 3.6629238128662114 6.6215171587609811 1.1031838746880569
decision_type=2 2 2 2 2 2 2
left_child=1 2 -1 -2 6 -6 -5
right_child=3 -3 -4 4 5 -7 -8
leaf_value=0.024284661029583886 0.047572269835860964 0.030268657595686838 -0.077580195172744781 -0.0071079516680957666 -0.064996003078885686 0.0097366669323733467 0.10013487137702033
leaf_weight=6.0937340464442986 5.8919958174228659 5.3839031420648089 7.104264035820961 10.830339692533014 10.004083808511494 32.704431883990765 3.7041387259960166
leaf_count=27 18 20 37 73 40 115 10
internal_value=2.73118e-05 -0.0129267 -0.0305475 0.00383993 -0.000661415 -0.00776879 0.0202231
internal_weight=81.7169 18.5819 13.198 63.135 57.243 42.7085 14.5345
internal_count=340 84 64 256 238 155 83
is_linear=0
shrinkage=0.1


Tree=94
num_leaves=5
num_cat=0
split_feature=8 6 6 6
split_gain=0.445775 1.6012 2.17 1.29908
threshold=11.278809927628794 7.1259857709863859 6.2273142457575341 5.9794794307609385
decision_type=2 2 2 2
left_child=1 2 3 -1
right_child=-2 -3 -4 -5
leaf_value=-0.0018921342562380735 -0.0226098345356638 0.048593521389847363 -0.068392932046664467 0.048774517194338896
leaf_weight=56.469074435532093 7.8598710596561423 6.8209652565419665 4.6199457868933669 5.5586111545562735
leaf_count=246 31 26 21 16
internal_value=2.51352e-05 0.00244669 -0.00227615 0.00264836
internal_weight=81.3285 73.4686 66.6476 62.0277
internal_count=340 309 283 262
is_linear=0
shrinkage=0.1


Tree=95
num_leaves=5
num_cat=0
split_feature=8 6 6 6
split_gain=0.364303 1.31722 1.61205 1.06646
threshold=11.193652095315395 7.1745104097425321 6.2273142457575341 5.9794794307609385
decision_type=2 2 2 2
left_child=1 2 3 -1
right_child=-2 -3 -4 -5
leaf_value=-0.0017030086993001727 -0.019445124756757391 0.04641342794067102 -0.059949557009780143 0.044454828218577665
leaf_weight=56.466308722272515 8.59194817394018 6.1994990371167651 4.445960506796836 5.4924671947956076
leaf_count=246 34 24 20 16
internal_value=2.63461e-05 0.00233059 -0.00178495 0.00238875
internal_weight=81.1962 72.6042 66.4047 61.9588
internal_count=340 306 282 262
is_linear=0
shrinkage=0.1


Tree=96
num_leaves=10
num_cat=0
split_feature=0 0 1 1 2 4 5 2 9
split_gain=0.359686 1.4506 1.90742 1.5569 1.38321 1.0232 1.51069 1.14309 0.834515
threshold=1.2989739396143707 1.43171915498927 1.2928577571951807 1.4228368805902165 0.80882865862154318 7.3567227131570698 5.9860818726670741 0.99977095387850456 7.8875375475750049
decision_type=2 2 2 2 2 2 2 2 2
left_child=5 8 4 -4 -3 6 7 -1 -2
right_child=1 2 3 -5 -6 -7 -8 -9 -10
leaf_value=-0.057232050814264857 0.054669998043627682 -0.0098081209087431207 0.054499904954279421 -0.013162001286707246 -0.094426612507630403 -0.043468974400315163 0.041519599544730931 -0.0017376329819752099 0.0058007662682126098
leaf_weight=4.299813304096463 7.7045896723866445 4.2388428449630764 5.5611034929752341 8.7538878358900529 3.5492981821298599 6.2570335790514937 7.1770281791687003 27.141129672527313 6.3944540545344353
leaf_count=21 25 22 19 32 19 27 24 128 23
internal_value=2.704e-05 0.00744265 -0.0085446 0.0131234 -0.0483714 -0.00595539 0.000122712 -0.00932696 0.0325059
internal_weight=81.0772 36.2022 22.1031 14.315 7.78814 44.875 38.618 31.4409 14.099
internal_count=340 140 92 51 41 200 173 149 48
is_linear=0
shrinkage=0.1


Tree=97
num_leaves=5
num_cat=0
split_feature=4 4 5 5
split_gain=1.15725 1.64859 1.03614 1.67568
threshold=9.0079287978878728 8.0160900852390018 6.9060380787120215 6.1599849102502509
decision_type=2 2 2 2
left_child=1 2 3 -1
right_child=-2 -3 -4 -5
leaf_value=-0.0028251637468738192 -0.050135371728641832 0.051212339406948831 -0.04149098736018117 0.054964953942975119
leaf_weight=58.519716730341315 4.3514561131596556 6.4612342417240134 5.9517865106463423 5.4880002774298182
leaf_count=249 19 24 27 21
internal_value=2.60913e-05 0.00288232 -0.00158128 0.00212974
internal_weight=80.7722 76.4207 69.9595 64.0077
internal_count=340 321 297 270
is_linear=0
shrinkage=0.1


Tree=98
num_leaves=10
num_cat=0
split_feature=0 3 5 6 5 2 2 5 5
split_gain=0.342685 1.53549 1.37512 2.81186 1.4139 1.90202 1.09509 0.504481 1.66687
threshold=1.187532424926758 0.77625458428620775 4.7810881166421577 5.0167428060082395 4.2307306472559345 0.99489705961544173 1.0377937642596846 5.0448118673935562 4.997447889781033
decision_type=2 2 2 2 2 2 2 2 2
left_child=1 7 4 -4 5 -2 -5 8 -1
right_child=2 -3 3 6 -6 -7 -8 -9 -10
leaf_value=-0.0018751620484804363 -0.033324514641282409 -0.044775024191366419 -0.082098127881694793 -0.01668749569743596 0.066044728140844486 0.049859849022666575 0.027133142297250182 -0.016832565382539754 0.070633186778993884
leaf_weight=15.707630962133413 5.747978528961541 8.360024765133856 4.3194657936692264 11.070397950708868 6.2356965541839591 5.2678400576114655 11.76187416538596 8.1448245793580991 3.9722611457109442
leaf_count=89 29 34 20 48 18 16 45 31 10
internal_value=3.00273e-05 -0.00719363 0.00591667 -0.00811074 0.0279941 0.00645482 0.00588638 0.00409782 0.0127602
internal_weight=80.588 36.1847 44.4033 27.1517 17.2515 11.0158 22.8323 27.8247 19.6799
internal_count=340 164 176 113 63 45 93 130 99
is_linear=0
shrinkage=0.1


Tree=99
num_leaves=9
num_cat=0
split_feature=7 7 4 1 6 9 2 2
split_gain=0.3332 2.96036 1.01348 2.49813 1.44819 1.01298 1.08625 2.0417
threshold=6.7924532352899147 6.3089660364057645 3.6629238128662114 1.1132718917811568 4.9995441851300111 6.976436805616733 0.82488930382073999 1.0339959284386102
decision_type=2 2 2 2 2 2 2 2
left_child=1 2 3 -1 -4 -2 -7 -8
right_child=5 -3 4 -5 -6 6 7 -9
leaf_value=-0.0025740376988330274 0.039440991614429585 -0.084200438218720516 -0.046300554681794025 0.087477459226205243 0.022861945542464127 0.04390029942411304 -0.031433527437887208 0.016787596619459
leaf_weight=11.962099559605127 7.3829689174890509 4.3836615756154051 7.2394917625933868 4.1490855664014807 5.2036277689039707 4.7690500840544692 17.301428180187941 17.828317649662495
leaf_count=77 25 18 34 15 17 21 69 64
internal_value=3.52899e-05 -0.00768636 0.00406009 0.0206168 -0.0173773 0.00541443 -0.000881921 -0.00696135
internal_weight=80.2197 32.938 28.5543 16.1112 12.4431 47.2818 39.8988 35.1297
internal_count=340 161 143 92 51 179 154 133
is_linear=0
shrinkage=0.1


end of trees

feature_importances:
targets_L3=105
receptions_L10=96
rec_tds_std_L5=61
rec_tds_L10=60
targets_L10=59
targets_L5=57
receptions_L3=50
rec_tds_L5=44
receptions_L5=41
rec_tds_L3=26

parameters:
[boosting: gbdt]
[objective: binary]
[metric: binary_logloss]
[tree_learner: serial]
[device_type: cpu]
[data_sample_strategy: bagging]
[data: ]
[valid: ]
[num_iterations: 100]
[learning_rate: 0.1]
[num_leaves: 31]
[num_threads: 2]
[seed: 42]
[deterministic: 0]
[force_col_wise: 0]
[force_row_wise: 0]
[histogram_pool_size: -1]
[max_depth: 4]
[min_data_in_leaf: 20]
[min_sum_hessian_in_leaf: 0.001]
[bagging_fraction: 1]
[pos_bagging_fraction: 1]
[neg_bagging_fraction: 1]
[bagging_freq: 0]
[bagging_seed: 400]
[bagging_by_query: 0]
[feature_fraction: 1]
[feature_fraction_bynode: 1]
[feature_fraction_seed: 30056]
[extra_trees: 0]
[extra_seed: 12879]
[early_stopping_round: 0]
[early_stopping_min_delta: 0]
[first_metric_only: 0]
[max_delta_step: 0]
[lambda_l1: 0]
[lambda_l2: 0]
[linear_lambda: 0]
[min_gain_to_split: 0]
[drop_rate: 0.1]
[max_drop: 50]
[skip_drop: 0.5]
[xgboost_dart_mode: 0]
[uniform_drop: 0]
[drop_seed: 17869]
[top_rate: 0.2]
[other_rate: 0.1]
[min_data_per_group: 100]
[max_cat_threshold: 32]
[cat_l2: 10]
[cat_smooth: 10]
[max_cat_to_onehot: 4]
[top_k: 20]
[monotone_constraints: ]
[monotone_constraints_method: basic]
[monotone_penalty: 0]
[feature_contri: ]
[forcedsplits_filename: ]
[refit_decay_rate: 0.9]
[cegb_tradeoff: 1]
[cegb_penalty_split: 0]
[cegb_penalty_feature_lazy: ]
[cegb_penalty_feature_coupled: ]
[path_smooth: 0]
[interaction_constraints: ]
[verbosity: -1]
[saved_feature_importance_type: 0]
[use_quantized_grad: 0]
[num_grad_quant_bins: 4]
[quant_train_renew_leaf: 0]
[stochastic_rounding: 1]
[linear_tree: 0]
[max_bin: 255]
[max_bin_by_feature: ]
[min_data_in_bin: 3]
[bin_construct_sample_cnt: 200000]
[data_random_seed: 175]
[is_enable_sparse: 1]
[enable_bundle: 1]
[use_missing: 1]
[zero_as_missing: 0]
[feature_pre_filter: 1]
[pre_partition: 0]
[two_round: 0]
[header: 0]
[label_column: ]
[weight_column: ]
[group_column: ]
[ignore_column: ]
[categorical_feature: ]
[forcedbins_filename: ]
[precise_float_parser: 0]
[parser_config_file: ]
[objective_seed: 16083]
[num_class: 1]
[is_unbalance: 0]
[scale_pos_weight: 2.36634]
[sigmoid: 1]
[boost_from_average: 1]
[reg_sqrt: 0]
[alpha: 0.9]
[fair_c: 1]
[poisson_max_delta_step: 0.7]
[tweedie_variance_power: 1.5]
[lambdarank_truncation_level: 30]
[lambdarank_norm: 1]
[label_gain: ]
[lambdarank_position_bias_regularization: 0]
[eval_at: ]
[multi_error_top_k: 1]
[auc_mu_weights: ]
[num_machines: 1]
[local_listen_port: 12400]
[time_out: 120]
[machine_list_filename: ]
[machines: ]
[gpu_platform_id: -1]
[gpu_device_id: -1]
[gpu_use_dp: 0]
[num_gpu: 1]

end of parameters

pandas_categorical:[]
