tree
version=v4
num_class=1
num_tree_per_iteration=1
label_index=0
max_feature_idx=7
objective=binary sigmoid:1
feature_names=rushing_yards_L3 rushing_yards_L5 rushing_yards_L10 rushing_yards_std_L5 rush_tds_L3 rush_tds_L5 rush_attempts_L3 rush_attempts_L5
feature_infos=[69.36365795135498:189.4645083342906] [80.096405600788984:169.60619132871935] [51.909090909090907:149.00520904485734] [0:96.73993686485116] [0:3.22308349609375] [0:3] [6:31] [7.0000000000000009:31]
tree_sizes=1131 1168 1368 1062 1165 1170 1067 1168 1170 970 1167 768 1280 771 973 863 767 663 1075 771 969 764 669 671 672 874 879 766 867 974 971 874 771 670 974 774 873 768 670 1070 865 863 771 981 875 875 872 869 975 676 677 673 1076 1177 668 676 1072 676 975 873 867 1076 974 669 1081 878 973 670 870 879 873 972 1479 870 673 1076 675 1075 1278 1177 1287 1081 879 1280 1074 1083 881 1073 776 774 873 780 1285 878 1075 772 978 1076 673 1283

Tree=0
num_leaves=10
num_cat=0
split_feature=2 4 3 0 3 7 7 7 0
split_gain=23.7313 5.52317 4.34093 4.499 4.16478 3.53095 2.75966 2.11664 1.79858
threshold=95.048442294262841 1.0015124774763537 54.51983240521789 82.045018507219552 41.384197275954207 19.992888116922007 23.180384087791502 17.03853014727882 135.64132091893404
decision_type=2 2 2 2 2 2 2 2 2
left_child=2 5 3 -1 -5 -2 -7 -4 -3
right_child=1 8 7 4 -6 6 -8 -9 -10
leaf_value=0.473590649113239 0.55588175802664219 0.78830379766964886 0.51617047648907632 0.54215999225895006 0.60850402304370577 0.73229447214854582 0.6052141011373241 0.42380302181654539 0.68258819000435567
leaf_weight=6.6727429181337348 4.3025178238749522 3.7177096381783477 6.2469378560781461 32.501324713230133 13.348180934786795 3.5708338171243668 3.2770821750164032 4.1152174472808838 2.8378022611141205
leaf_count=37 27 31 37 200 90 28 22 21 21
internal_value=0.567434 0.6697 0.538639 0.550309 0.561475 0.626875 0.67148 0.479488 0.742541
internal_weight=80.5903 17.7059 62.8844 52.5222 45.8495 11.1504 6.84792 10.3622 6.55551
internal_count=514 129 385 327 290 77 50 58 52
is_linear=0
shrinkage=1


Tree=1
num_leaves=10
num_cat=0
split_feature=2 4 3 0 3 7 7 4 0
split_gain=18.5172 4.68954 3.19419 3.32305 3.18008 2.81869 2.3181 1.82713 1.63064
threshold=95.048442294262841 1.0015124774763537 54.51983240521789 82.045018507219552 41.384197275954207 19.992888116922007 23.180384087791502 0.51340560249354905 135.64132091893404
decision_type=2 2 2 2 2 2 2 2 2
left_child=2 5 3 -1 -5 -2 -7 -4 -3
right_child=1 8 7 4 -6 6 -8 -9 -10
leaf_value=-0.13897963505911423 -0.069785048442819395 0.14546152326021408 -0.073372395142970143 -0.081520232427822595 -0.023936048349198342 0.090254823892988389 -0.026844328645750079 -0.16196745149757544 0.043214155629802284
leaf_weight=6.9708192944526663 4.4025385379791278 3.5285001918673506 3.393660441040991 33.379324078559875 13.45649868249893 3.4586743861436844 3.3068768978118896 7.4118288308382034 2.7954669445753098
leaf_count=37 27 31 20 200 90 28 22 38 21
internal_value=-0.0598172 0.0314557 -0.0845269 -0.0745631 -0.0649756 -0.00750712 0.0330189 -0.134143 0.100264
internal_weight=82.1042 17.4921 64.6121 53.8066 46.8358 11.1681 6.76555 10.8055 6.32397
internal_count=514 129 385 327 290 77 50 58 52
is_linear=0
shrinkage=0.1


Tree=2
num_leaves=12
num_cat=0
split_feature=2 4 2 6 0 3 2 2 7 2 0
split_gain=14.6032 3.9978 2.65978 2.53007 3.75199 3.87746 3.11569 5.95693 4.0191 2.5186 1.50117
threshold=95.048442294262841 1.0015124774763537 100.30296257243403 15.603577484085692 99.764137214375367 40.481112266501697 80.489199666267055 71.673006770899647 21.643130808964528 109.09677313202063 135.64132091893404
decision_type=2 2 2 2 2 2 2 2 2 2 2
left_child=3 2 -2 4 5 -1 7 -5 -8 -4 -3
right_child=1 10 9 6 -6 -7 8 -9 -10 -11 -12
leaf_value=-0.11941284367902411 0.066674834130930352 0.13930708248300225 -0.10200315150514855 -0.011301035169519132 -0.18633146799483338 0.011864575991146624 -0.025360494900536986 -0.12158761275233927 -0.13855680458600894 0.01265703755533177 0.039496958062995087
leaf_weight=7.0388637632131559 3.4250471144914645 3.3263417556881896 3.496313102543354 6.8533555120229748 4.5598172545433036 3.3069651573896408 23.327040687203411 17.161307990550995 3.6239241510629645 4.2376649305224419 2.7549055516719818
leaf_count=38 26 31 21 44 22 22 147 93 19 30 21
internal_value=-0.0530748 0.0288603 -0.00668824 -0.0745194 -0.110759 -0.077451 -0.0639207 -0.0901138 -0.0405813 -0.0391776 0.0940914
internal_weight=83.1115 17.2403 11.159 65.8713 14.9056 10.3458 50.9656 24.0147 26.951 7.73398 6.08125
internal_count=514 129 77 385 82 60 303 137 166 51 52
is_linear=0
shrinkage=0.1


Tree=3
num_leaves=9
num_cat=0
split_feature=2 5 3 0 6 0 2 2
split_gain=11.5974 3.4656 2.32999 2.60326 2.26666 1.89411 1.84043 1.22832
threshold=95.048442294262841 0.68189875607665873 54.51983240521789 82.045018507219552 14.56835797801614 110.09041847054324 116.86857402518932 105.75352608639444
decision_type=2 2 2 2 2 2 2 2
left_child=2 -2 3 -1 -5 -4 7 -3
right_child=1 6 5 4 -6 -7 -8 -9
leaf_value=-0.11358515345170997 -0.036912359515999381 0.057625325908596363 -0.13757408035359384 -0.10185849591607095 -0.04035334654878734 -0.051345514789275903 0.0061247842701533991 0.14374276694444971
leaf_weight=7.2345788031816474 5.7229939028620747 4.4462693110108358 7.3232732713222486 7.0074830874800673 41.342914134263992 3.906220331788063 4.1940283253788948 2.6394802704453468
leaf_count=37 38 36 36 38 252 22 31 24
internal_value=-0.0472675 0.0264699 -0.0660321 -0.0576385 -0.0492674 -0.107579 0.0586281 0.0897045
internal_weight=83.8172 17.0028 66.8145 55.585 48.3504 11.2295 11.2798 7.08575
internal_count=514 129 385 327 290 58 91 60
is_linear=0
shrinkage=0.1


Tree=4
num_leaves=10
num_cat=0
split_feature=2 4 7 7 3 2 2 7 0
split_gain=9.26797 3.14798 2.23569 1.88538 1.85726 2.29374 2.99903 1.5949 1.40557
threshold=95.048442294262841 1.0015124774763537 19.992888116922007 23.180384087791502 54.51983240521789 71.8141688829662 80.171421467315596 17.03853014727882 135.64132091893404
decision_type=2 2 2 2 2 2 2 2 2
left_child=4 2 -2 -4 5 -1 -7 -6 -3
right_child=1 8 3 -5 7 6 -8 -9 -10
leaf_value=0.0083137488950671221 -0.061348843199823304 0.13179407926644937 0.083371561712870454 -0.023055366343868303 -0.065168498574104047 -0.091374758389088734 -0.040240441875424623 -0.14171543996568176 0.032033591141949383
leaf_weight=5.7809565961360923 4.4752815589308756 3.0016127303242675 3.3222364112734795 3.3359721004962921 6.8258724659681302 17.676317073404789 32.666412375867367 4.5272696614265442 2.6673901826143265
leaf_count=38 27 31 28 22 37 95 194 21 21
internal_value=-0.042258 0.0241961 -0.00669021 0.0300483 -0.0588059 -0.0513441 -0.0581947 -0.095693 0.0848546
internal_weight=84.2793 16.8025 11.1335 6.65821 67.4768 56.1237 50.3427 11.3531 5.669
internal_count=514 129 77 50 385 327 289 58 52
is_linear=0
shrinkage=0.1


Tree=5
num_leaves=10
num_cat=0
split_feature=2 1 5 4 4 1 5 5 2
split_gain=7.53018 3.06735 2.72507 4.66109 3.4706 2.25917 3.30668 2.91455 1.52821
threshold=105.75352608639444 88.343364889464283 1.053173984361105 1.4757282504492462 1.019712460169538 83.301508538370285 0.4566226542551291 0.32507521304584391 116.86857402518932
decision_type=2 2 2 2 2 2 2 2 2
left_child=1 5 4 -4 -3 7 -7 -1 -2
right_child=8 2 3 -5 -6 6 -8 -9 -10
leaf_value=-0.11314907987070402 0.095950504033553555 -0.027121056564343129 0.095869620792814594 -0.05482044640375347 -0.11419312169875502 -0.018957102964870173 -0.11700915156463131 -0.018398010279661346 0.010691638131904675
leaf_weight=4.3722940534353283 4.0624224916100484 26.622114814817905 4.2123605608940107 4.0036132633686066 5.5282940566539756 4.5433732494711903 14.154249519109724 12.607216604053972 4.3572878390550613
leaf_count=22 36 163 32 25 29 27 72 75 33
internal_value=-0.0379047 -0.0478401 -0.0289586 0.0224389 -0.0420932 -0.0692033 -0.0931833 -0.0427968 0.0518282
internal_weight=84.4632 76.0435 40.3664 8.21597 32.1504 35.6771 18.6976 16.9795 8.41971
internal_count=514 445 249 57 192 196 99 97 69
is_linear=0
shrinkage=0.1


Tree=6
num_leaves=9
num_cat=0
split_feature=2 2 2 3 0 0 0 2
split_gain=6.21042 2.69899 5.7206 1.59824 2.40322 4.55578 2.9022 1.32736
threshold=95.048442294262841 99.861385500745683 105.75352608639444 66.60122166417132 104.64236068725587 110.31345294473881 97.606306951202001 116.86857402518932
decision_type=2 2 2 2 2 2 2 2
left_child=3 -2 -3 4 6 -6 -1 -4
right_child=1 2 7 -5 5 -7 -8 -9
leaf_value=-0.040865448092796845 0.094638302692381895 -0.094173967291350302 0.090013726797143326 -0.10937077303650694 0.073403530334440498 -0.0563180106307265 -0.099871394409672937 0.0096612791760397592
leaf_weight=42.903991691768169 3.8367495313286808 4.3350793570280066 3.9056067988276464 3.9089887142181388 4.7117743939161283 6.3639196902513504 10.34556785225868 4.3407035917043686
leaf_count=244 33 27 36 19 32 36 54 33
internal_value=-0.0340007 0.0212172 -0.00117289 -0.0472869 -0.0435142 -0.00113243 -0.0523294 0.0477177
internal_weight=84.6524 16.4181 12.5814 68.2342 64.3253 11.0757 53.2496 8.24631
internal_count=514 129 96 385 366 68 298 69
is_linear=0
shrinkage=0.1


Tree=7
num_leaves=10
num_cat=0
split_feature=2 3 3 1 1 7 0 2 3
split_gain=5.10001 4.88272 3.19588 3.50963 3.11707 2.52489 3.34267 2.43061 1.59166
threshold=90.809796670693274 30.474117434271005 40.481112266501697 108.71574558489603 80.51412983306993 15.686585123620899 105.13955982774497 99.453978149424827 40.481112266501697
decision_type=2 2 2 2 2 2 2 2 2
left_child=4 -2 7 -4 -1 8 -7 -3 -6
right_child=1 2 3 -5 5 6 -8 -9 -10
leaf_value=0.06455336009267619 -0.071817918839395839 0.16207953565332833 -0.045423348402839001 0.057126800569682203 -0.11732881453316663 -0.050607251879590476 0.024793164839106166 0.023490017184854481 -0.0541872660665828
leaf_weight=2.4418717473745337 5.8117413744330433 2.8439301848411587 6.464191406965254 6.8989587351679802 7.7013116627931586 34.881209880113602 7.0715675354003897 2.2800400406122208 8.2894102334976179
leaf_count=16 35 24 40 61 37 193 45 17 46
internal_value=-0.0305541 0.00813224 0.0332659 0.00751995 -0.0461213 -0.0507854 -0.0378977 0.100411 -0.0845969
internal_weight=84.6842 24.2989 18.4871 13.3632 60.3854 57.9435 41.9528 5.12397 15.9907
internal_count=514 177 142 101 337 321 238 41 83
is_linear=0
shrinkage=0.1


Tree=8
num_leaves=10
num_cat=0
split_feature=2 1 0 0 0 0 4 6 2
split_gain=4.24168 2.05397 2.39363 3.80698 1.99571 1.80474 2.27456 1.2419 1.35727
threshold=105.75352608639444 88.343364889464283 97.606306951202001 105.13955982774497 95.322268162387658 95.636693107168355 1.1461689477037036 25.297563861163585 116.86857402518932
decision_type=2 2 2 2 2 2 2 2 2
left_child=1 5 4 -4 -3 6 -1 8 -2
right_child=7 2 3 -5 -6 -7 -8 -9 -10
leaf_value=-0.03154902912047463 0.064388193321212733 -0.0068901596640267293 -0.086345177526434072 -0.0075904954680548233 0.081494519582326425 -0.10469271621113818 -0.11023009704781797 0.10047444402722674 -0.035175971910632091
leaf_weight=26.224575430154804 2.7780475541949263 11.223977394402025 9.8795157596468943 16.207497298717499 3.3075677603483191 5.5238798260688773 4.272781789302825 2.4914775639772415 2.6997819468379021
leaf_count=148 27 69 53 103 24 27 21 23 19
internal_value=-0.0274945 -0.0347146 -0.019298 -0.037416 0.0132273 -0.0520987 -0.0425725 0.0419404 0.0153174
internal_weight=84.6091 76.6398 40.6186 26.087 14.5315 36.0212 30.4974 7.96931 5.47783
internal_count=514 445 249 156 93 196 169 69 46
is_linear=0
shrinkage=0.1


Tree=9
num_leaves=8
num_cat=0
split_feature=2 3 0 0 3 4 2
split_gain=3.45857 1.78861 2.58789 2.55244 2.44934 1.27714 1.08685
threshold=105.75352608639444 55.464807940626152 82.045018507219552 111.87083323024306 41.147386925433558 0.50025367923080932 116.86857402518932
decision_type=2 2 2 2 2 2 2
left_child=1 2 5 -3 -4 -1 -2
right_child=6 3 4 -5 -6 -7 -8
leaf_value=-0.11368604445229183 0.07920581787788189 -0.099630633090362991 -0.030582622537564292 0.0013160283967289922 0.01492856615283434 -0.036153379855340222 0.0043134911942962753
leaf_weight=4.3959387317299825 3.5788822397589675 7.8690141737461072 39.810789160430431 3.6743800491094589 16.822139889001846 4.1118010357022285 4.2256298959255219
leaf_count=21 36 38 232 23 108 23 33
internal_value=-0.0247639 -0.0312185 -0.0247894 -0.0674983 -0.0170641 -0.0762144 0.0386565
internal_weight=84.4886 76.6841 65.1407 11.5434 56.6329 8.50774 7.80451
internal_count=514 445 384 61 340 44 69
is_linear=0
shrinkage=0.1


Tree=10
num_leaves=10
num_cat=0
split_feature=2 3 3 1 1 2 7 0 2
split_gain=3.05594 3.7337 2.95027 2.61 2.40927 2.19713 1.95862 2.28732 1.31841
threshold=90.809796670693274 30.474117434271005 40.481112266501697 80.51412983306993 108.71574558489603 99.453978149424827 15.686585123620899 105.13955982774497 77.868286527221343
decision_type=2 2 2 2 2 2 2 2 2
left_child=3 -2 5 -1 -4 -3 8 -8 -5
right_child=1 2 4 6 -6 -7 7 -9 -10
leaf_value=0.067005988380896428 -0.061318042570550804 0.15553252587519426 -0.037715645517754359 -0.041728534686101326 0.048360906886796805 0.022363777546394081 -0.037732335046863706 0.024688919492408291 -0.099374205263674797
leaf_weight=2.4397929906845084 5.8706126064062145 2.7589566186070469 6.4916804358363134 8.5751176476478559 6.5153028294444084 2.2487842291593552 34.944511108100414 7.0555755048990241 7.3838422596454611
leaf_count=16 35 24 40 47 61 17 193 45 36
internal_value=-0.0223385 0.00794095 0.030511 -0.0343128 0.00540079 0.0957316 -0.0385778 -0.0272462 -0.0683999
internal_weight=84.2842 23.8853 18.0147 60.3988 13.007 5.00774 57.959 42.0001 15.959
internal_count=514 177 142 337 101 41 321 238 83
is_linear=0
shrinkage=0.1


Tree=11
num_leaves=6
num_cat=0
split_feature=6 3 2 6 0
split_gain=2.67101 2.94983 2.89535 2.99011 1.60687
threshold=25.297563861163585 17.719925997867438 90.809796670693274 24.153487175231046 88.085912877693787
decision_type=2 2 2 2 2
left_child=1 -1 4 -4 -3
right_child=-2 2 3 -5 -6
leaf_value=-0.10078289051657199 0.066169716794149055 -0.0036873023856943462 0.033039621630399502 -0.079064556039292189 -0.040625848206226167
leaf_weight=4.6927035376429549 3.437303014099597 16.496204793453217 15.379703313112261 2.8147090151906005 41.162931375205517
leaf_count=24 30 95 119 18 228
internal_value=-0.0201588 -0.0238429 -0.019083 0.0156969 -0.0300578
internal_weight=83.9836 80.5463 75.8535 18.1944 57.6591
internal_count=514 484 460 137 323
is_linear=0
shrinkage=0.1


Tree=12
num_leaves=11
num_cat=0
split_feature=1 6 3 6 2 1 1 5 5 4
split_gain=2.19608 2.70774 3.59092 3.49159 2.23831 1.6376 3.10949 2.46859 2.41736 3.07436
threshold=88.343364889464283 15.327236018219994 34.696445725252453 23.044921875000004 87.692674455130486 83.301508538370285 84.073363323074048 0.47256397037388825 0.32507521304584391 0.8291759798904651
decision_type=2 2 2 2 2 2 2 2 2 2
left_child=5 -2 4 -4 -3 8 -7 -8 -1 -10
right_child=1 2 3 -5 -6 6 7 -9 9 -11
leaf_value=-0.078711631459781106 -0.068851746965805039 -0.089821899580470044 0.045420928782511201 -0.032871253235296299 -0.0058220858629775551 -0.13573073324553409 0.036026945931072793 -0.059316841516763745 0.049953037033712705 -0.049597531033243471
leaf_weight=4.3614575564861324 5.7068915888667098 5.1748339533805838 21.144923679530624 7.7965200245380393 8.1971435323357564 3.9822810888290432 3.5865781009197226 11.182392023503779 7.2894471734762174 5.4004611447453499
leaf_count=22 30 26 150 58 54 18 22 59 46 29
internal_value=-0.0181687 -0.00419253 0.00452818 0.0243298 -0.0383293 -0.0369142 -0.0573086 -0.036163 -0.0144866 0.00758717
internal_weight=83.8229 48.0203 42.3134 28.9414 13.372 35.8026 18.7513 14.769 17.0514 12.6899
internal_count=514 318 288 208 80 196 99 81 97 75
is_linear=0
shrinkage=0.1


Tree=13
num_leaves=6
num_cat=0
split_feature=6 3 1 6 4
split_gain=2.24406 2.24664 2.12861 3.19352 2.31293
threshold=25.297563861163585 1.0000000180025095e-35 91.464711400315863 15.327236018219994 1.1139694589611124
decision_type=2 2 2 2 2
left_child=1 -1 4 -4 -3
right_child=-2 2 3 -5 -6
leaf_value=-0.10546428403790312 0.063277916505169854 -0.02004909526657905 -0.078659309263331423 0.016606146012659098 -0.080027590370149185
leaf_weight=2.9472981095314017 3.3908306881785384 38.908928692340851 4.0563650652766254 26.554036155343056 7.7021173164248458
leaf_count=15 30 220 21 189 39
internal_value=-0.0164057 -0.019776 -0.0165055 0.00398196 -0.0299601
internal_weight=83.5596 80.1687 77.2214 30.6104 46.611
internal_count=514 484 469 210 259
is_linear=0
shrinkage=0.1


Tree=14
num_leaves=8
num_cat=0
split_feature=2 3 4 0 0 4 7
split_gain=1.8611 1.68684 2.31176 2.10778 2.39371 1.17911 0.96483
threshold=105.75352608639444 55.464807940626152 0.80924652244787876 82.045018507219552 111.25393690075727 0.50025367923080932 24.044307841531133
decision_type=2 2 2 2 2 2 2
left_child=1 3 -3 5 -5 -1 -2
right_child=6 2 -4 4 -6 -7 -8
leaf_value=-0.096540114918697517 0.066457205401006053 -0.088991695583243172 0.005474485353885691 0.00074668916750183275 -0.066632654079546175 -0.021262614202658958 -0.0058507596147859345
leaf_weight=4.3099646568298322 3.9855029806494704 7.238463453948496 4.0343721881508827 50.362660259008408 5.8890596330165854 4.0230273902416229 3.4365016371011734
leaf_count=21 39 36 25 304 36 23 30
internal_value=-0.0148145 -0.0194905 -0.0551837 -0.0132605 -0.00630733 -0.0601974 0.0329775
internal_weight=83.2796 75.8575 11.2728 64.5847 56.2517 8.33299 7.422
internal_count=514 445 61 384 340 44 69
is_linear=0
shrinkage=0.1


Tree=15
num_leaves=7
num_cat=0
split_feature=7 2 7 3 2 4
split_gain=2.60295 2.57647 2.00938 1.64445 2.6165 1.91598
threshold=11.261721798965768 105.75352608639444 24.044307841531133 54.51983240521789 71.8141688829662 0.50162894020286342
decision_type=2 2 2 2 2 2
left_child=-1 3 -3 4 -2 -5
right_child=1 2 -4 5 -6 -7
leaf_value=-0.11758158778066274 0.056528828756110552 0.10332476151001449 -0.0052511738889587239 0.015090181348525003 -0.015723784421484113 -0.07569504248121392
leaf_weight=2.3292548879981032 5.4962801560759535 3.373250648379325 3.4454959332942963 3.2221449241042128 56.885955333709717 8.3460630699992162
leaf_count=11 36 37 30 19 337 44
internal_value=-0.0133616 -0.010356 0.0484616 -0.0157794 -0.00935786 -0.0504082
internal_weight=83.0984 80.7692 6.81875 73.9504 62.3822 11.5682
internal_count=514 503 67 436 373 63
is_linear=0
shrinkage=0.1


Tree=16
num_leaves=6
num_cat=0
split_feature=7 2 7 2 2
split_gain=2.14786 2.13083 1.76973 1.52651 2.89794
threshold=11.261721798965768 105.75352608639444 24.044307841531133 101.26552442901342 95.441182161601787
decision_type=2 2 2 2 2
left_child=-1 3 -3 4 -2
right_child=1 2 -4 -5 -6
leaf_value=-0.10743091068193877 -0.015901333552117543 0.09857806047932699 -0.0047144200800820083 -0.07871323859274619 0.073333940028061623
leaf_weight=2.2960863858461371 66.504932202398777 3.1916176155209532 3.4535514414310455 3.4966520369052878 3.8499708473682395
leaf_count=11 382 37 30 21 33
internal_value=-0.0120632 -0.00934292 0.0448961 -0.0142233 -0.0110182
internal_weight=82.7928 80.4967 6.64517 73.8516 70.3549
internal_count=514 503 67 436 415
is_linear=0
shrinkage=0.1


Tree=17
num_leaves=5
num_cat=0
split_feature=6 3 3 3
split_gain=1.77952 1.95967 1.79393 3.29472
threshold=25.297563861163585 17.719925997867438 23.008875605543892 24.826735264256936
decision_type=2 2 2 2
left_child=1 -1 -3 -4
right_child=-2 2 3 -5
leaf_value=-0.0771504207788163 0.060917724415444921 0.07075297693358408 -0.11436311514490681 -0.0084376678750549255
leaf_weight=4.6114288792014113 3.3130674064159384 2.6546270102262488 3.0672646462917319 68.83582504093647
leaf_count=24 30 17 15 428
internal_value=-0.0108838 -0.0138886 -0.0099758 -0.0129563
internal_weight=82.4822 79.1691 74.5577 71.9031
internal_count=514 484 460 443
is_linear=0
shrinkage=0.1


Tree=18
num_leaves=9
num_cat=0
split_feature=1 2 0 0 0 0 6 0
split_gain=1.70882 2.19722 4.07527 3.59144 2.97329 3.18258 1.47898 1.45325
threshold=80.51412983306993 80.876445303554718 88.241008355502032 101.72872321373437 86.217246332409516 97.606306951202001 19.680504154322197 85.13288133795642
decision_type=2 2 2 2 2 2 2 2
left_child=-1 2 7 -4 6 -6 -3 -2
right_child=1 4 3 -5 5 -7 -8 -9
leaf_value=0.072882421960272781 -0.0080525713856582498 -0.071098742674866433 -0.079252444814280509 0.00091006343666439791 0.050915929537242582 -0.0087391498678006992 0.0088323675091186542 0.08484256607270485
leaf_weight=2.4254677072167388 3.5529577061533955 7.2561699375510198 16.234028659760956 8.5231877192854864 14.535270705819128 23.244471602141857 3.3993649557232857 3.2014979869127274
leaf_count=16 20 38 82 50 97 169 21 21
internal_value=-0.00980891 -0.0123176 -0.0328709 -0.0516548 0.00105419 0.0142124 -0.0455988 0.0359782
internal_weight=82.3724 79.9469 31.5117 24.7572 48.4353 37.7797 10.6555 6.75446
internal_count=514 498 173 132 325 266 59 41
is_linear=0
shrinkage=0.1


Tree=19
num_leaves=6
num_cat=0
split_feature=3 2 7 2 7
split_gain=1.59536 2.24895 1.79213 1.95041 1.3433
threshold=1.0000000180025095e-35 105.75352608639444 21.526656689366863 90.809796670693274 24.044307841531133
decision_type=2 2 2 2 2
left_child=-1 2 3 -2 -3
right_child=1 4 -4 -5 -6
leaf_value=-0.080374160013297738 -0.013491483271470775 0.098914676792389522 -0.05971297628666053 0.033282184825731087 0.0051647118384934507
leaf_weight=3.0054831802844992 55.537188127636909 3.0616940930485717 6.8506374210119239 10.619763910770414 3.0518462881445885
leaf_count=16 317 37 39 77 28
internal_value=-0.00886262 -0.00614619 -0.0110249 -0.0059832 0.0521152
internal_weight=82.1266 79.1211 73.0076 66.157 6.11354
internal_count=514 498 433 394 65
is_linear=0
shrinkage=0.1


Tree=20
num_leaves=8
num_cat=0
split_feature=7 4 4 2 5 7 1
split_gain=1.6941 1.56777 4.9561 2.31811 2.13206 1.50123 0.421033
threshold=11.261721798965768 0.19238287495863918 0.35476052979356615 84.628519088605401 0.50196216510109004 18.233686745870653 84.795755689605656
decision_type=2 2 2 2 2 2 2
left_child=-1 3 5 6 -4 -3 -2
right_child=1 2 4 -5 -6 -7 -8
leaf_value=-0.09412585284378136 -0.028442219678899296 0.040256981684968461 -0.06102545824156435 -0.098893672636297711 -0.0019254192845376207 0.13878986991066372 0.020821884877173555
leaf_weight=2.2216559797525397 3.6265173926949483 3.4001909792423239 6.8610009625554076 4.2108524739742279 55.333069425076246 2.8359354510903358 3.32578244805336
leaf_count=11 20 21 37 22 360 23 20
internal_value=-0.00799601 -0.0055919 7.6654e-05 -0.0403402 -0.0084451 0.0850657 -0.00487567
internal_weight=81.815 79.5933 68.4302 11.1632 62.1941 6.23613 6.9523
internal_count=514 503 441 62 397 44 40
is_linear=0
shrinkage=0.1


Tree=21
num_leaves=6
num_cat=0
split_feature=7 4 5 1 6
split_gain=1.51133 1.58491 2.28048 5.76652 3.4176
threshold=24.462855384261026 1.644187927246094 1.053173984361105 96.457734134873036 22.489124298095707
decision_type=2 2 2 2 2
left_child=1 2 4 -4 -1
right_child=-2 -3 3 -5 -6
leaf_value=-0.0052048308884591575 0.059643060970640552 -0.074227632680694419 -0.017048803458122659 0.13861179527594591 -0.075011061024819775
leaf_weight=56.11825567483902 3.2468087896704665 3.6605402901768676 6.9582145363092405 3.6169928014278412 8.015182711184023
leaf_count=339 29 24 41 35 46
internal_value=-0.00721241 -0.00998221 -0.00683435 0.0361911 -0.013929
internal_weight=81.616 78.3692 74.7086 10.5752 64.1334
internal_count=514 485 461 76 385
is_linear=0
shrinkage=0.1


Tree=22
num_leaves=5
num_cat=0
split_feature=7 1 1 5
split_gain=1.46967 1.32953 1.91028 1.44141
threshold=11.261721798965768 80.51412983306993 81.344307270233216 1.053173984361105
decision_type=2 2 2 2
left_child=-1 -2 -3 -4
right_child=1 2 3 -5
leaf_value=-0.087567585853772154 0.06880268915314855 -0.066351228276000443 -0.0092636859428973182 0.026839037792310578
leaf_weight=2.1759642660617819 2.4145089313387862 4.9959172308444968 58.179197404533625 13.654219791293142
leaf_count=11 16 26 356 105
internal_value=-0.00648973 -0.0042634 -0.00655964 -0.00240122
internal_weight=81.4198 79.2438 76.8293 71.8334
internal_count=514 503 487 461
is_linear=0
shrinkage=0.1


Tree=23
num_leaves=5
num_cat=0
split_feature=6 6 5 4
split_gain=1.30216 1.60199 1.77015 1.7628
threshold=25.297563861163585 24.306803500922431 1.4476091105754609 0.13301170138983848
decision_type=2 2 2 2
left_child=1 2 3 -1
right_child=-2 -3 -4 -5
leaf_value=-0.045182226012765066 0.056759497496001059 -0.077329600657754863 -0.078893246578279175 0.0035058996050022981
leaf_weight=8.4268129095435125 3.1908508464694014 3.2334431260824195 3.142836231738328 63.264585293829441
leaf_count=46 30 19 19 400
internal_value=-0.00585565 -0.00841491 -0.00543724 -0.00221704
internal_weight=81.2585 78.0677 74.8342 71.6914
internal_count=514 484 465 446
is_linear=0
shrinkage=0.1


Tree=24
num_leaves=5
num_cat=0
split_feature=7 6 6 2
split_gain=1.25625 1.20889 1.74665 1.65791
threshold=11.261721798965768 13.160102859340599 14.925659362302321 80.489199666267055
decision_type=2 2 2 2
left_child=-1 -2 -3 -4
right_child=1 2 3 -5
leaf_value=-0.081139439047293621 0.052728566026568537 -0.054517524153514796 -0.021208646407200337 0.010878333410768191
leaf_weight=2.1254866495728484 3.6804043650627127 6.7464505583047858 25.814184606075287 42.804234579205513
leaf_count=11 23 36 145 299
internal_value=-0.00527337 -0.00323337 -0.00596624 -0.00119276
internal_weight=81.1708 79.0453 75.3649 68.6184
internal_count=514 503 480 444
is_linear=0
shrinkage=0.1


Tree=25
num_leaves=7
num_cat=0
split_feature=1 7 7 1 0 3
split_gain=1.19365 1.34058 3.17568 3.23769 1.56161 2.47189
threshold=80.51412983306993 15.686585123620899 16.150479273399029 81.344307270233216 86.129593819633939 34.418024557119772
decision_type=2 2 2 2 2 2
left_child=-1 4 -3 -4 -2 -6
right_child=1 2 3 -5 5 -7
leaf_value=0.064630824903880016 -0.090137608364059763 0.082196831061457018 -0.10581096779399871 -0.00069146153017948439 0.070010765303309866 -0.038014851923658916
leaf_weight=2.4049810990691176 3.6245293766260174 4.3572117760777465 3.0966384708881369 54.451142277568579 2.6627963930368415 10.357909381389616
leaf_count=16 18 30 15 361 17 57
internal_value=-0.00476511 -0.00688982 -0.000115664 -0.00634793 -0.0320834 -0.0159231
internal_weight=80.9552 78.5502 61.905 57.5478 16.6452 13.0207
internal_count=514 498 406 376 92 74
is_linear=0
shrinkage=0.1


Tree=26
num_leaves=7
num_cat=0
split_feature=3 2 7 6 3 1
split_gain=1.18237 1.55861 1.34526 1.29704 1.65733 1.64665
threshold=1.0000000180025095e-35 105.75352608639444 24.044307841531133 22.035153813660148 34.307231496094722 93.21829320070718
decision_type=2 2 2 2 2 2
left_child=-1 3 -3 4 -2 -5
right_child=1 2 -4 5 -6 -7
leaf_value=-0.066333799833330473 0.025146316253363499 0.097033779579121848 0.00062887325719693807 0.0052649043971144567 -0.010954092980816017 -0.071601976787091307
leaf_weight=2.9608485028147689 18.124164965003729 2.8434007428586474 2.9483671486377716 5.0535045862197858 42.62625990062952 6.2135473936796188
leaf_count=16 113 37 28 30 255 35
internal_value=-0.00430997 -0.00194979 0.0479577 -0.00596344 -0.000183966 -0.0371256
internal_weight=80.7701 77.8092 5.79177 72.0175 60.7504 11.2671
internal_count=514 498 65 433 368 65
is_linear=0
shrinkage=0.1


Tree=27
num_leaves=6
num_cat=0
split_feature=7 4 0 5 3
split_gain=1.07813 1.22675 1.53741 3.54363 1.4084
threshold=24.462855384261026 1.644187927246094 82.045018507219552 1.053173984361105 35.938537674470957
decision_type=2 2 2 2 2
left_child=1 2 4 -4 -1
right_child=-2 -3 3 -5 -6
leaf_value=-0.083772843479491876 0.053901762306919447 -0.062847904968679355 -0.0073110942138933299 0.06083286244426736 -0.0044669793608512094
leaf_weight=4.2700147926807386 3.104932188987731 3.6423658281564704 56.042907182127237 8.8341494761407358 4.708713136613369
leaf_count=22 29 24 342 69 28
internal_value=-0.0038786 -0.00619355 -0.00339951 0.0019679 -0.0421825
internal_weight=80.6031 77.4982 73.8558 64.8771 8.97873
internal_count=514 485 461 411 50
is_linear=0
shrinkage=0.1


Tree=28
num_leaves=7
num_cat=0
split_feature=7 2 2 1 1 2
split_gain=1.01579 1.04862 2.60583 1.9517 2.37024 0.628953
threshold=11.261721798965768 71.8141688829662 66.83171017312813 81.412584709827087 83.301508538370285 70.358932059905626
decision_type=2 2 2 2 2 2
left_child=-1 2 -2 -3 -5 -4
right_child=1 3 5 4 -6 -7
leaf_value=-0.072984390937919419 -0.044680343398781915 -0.065146320003002231 0.037403891569436937 0.057967964302320832 -0.0073998823874790029 0.10174227008815102
leaf_weight=2.0502289533615103 3.09345645457506 5.1460230350494376 3.1930621787905693 6.1351426243782035 57.870322357863188 2.8988310769200325
leaf_count=11 17 27 20 39 380 20
internal_value=-0.00349958 -0.00168103 0.0300642 -0.00589772 -0.00113415 0.0680193
internal_weight=80.3871 78.3368 9.18535 69.1515 64.0055 6.09189
internal_count=514 503 57 446 419 40
is_linear=0
shrinkage=0.1


Tree=29
num_leaves=8
num_cat=0
split_feature=1 2 0 5 2 0 6
split_gain=1.12524 1.23722 3.28674 3.35855 2.59594 2.48758 1.34067
threshold=80.51412983306993 80.876445303554718 88.241008355502032 0.77052146200087224 82.127760709337608 88.241008355502032 17.051528639247458
decision_type=2 2 2 2 2 2 2
left_child=-1 2 6 -4 -3 -6 -2
right_child=1 4 3 -5 5 -7 -8
leaf_value=0.064491179623923575 0.00035350008040163438 0.081044302963987735 -0.011261047096568326 -0.090137457319799205 -0.04215285511147393 0.012178844948258258 0.090595123519150778
leaf_weight=2.3857084959745398 3.6149407923221615 4.0927576124668112 15.909631736576559 8.1707242131233198 11.485756076872347 31.642936270684004 3.023013636469841
leaf_count=16 21 27 91 41 66 232 20
internal_value=-0.00315878 -0.00522952 -0.0208507 -0.0380247 0.00493233 -0.00229042 0.0414507
internal_weight=80.3255 77.9398 30.7183 24.0804 47.2214 43.1287 6.63795
internal_count=514 498 173 132 325 298 41
is_linear=0
shrinkage=0.1


Tree=30
num_leaves=8
num_cat=0
split_feature=1 2 0 0 2 0 0
split_gain=0.917424 1.00899 2.67554 3.11597 2.10868 2.22663 0.952164
threshold=80.51412983306993 80.876445303554718 88.241008355502032 101.72872321373437 82.350237982348318 88.241008355502032 85.13288133795642
decision_type=2 2 2 2 2 2 2
left_child=-1 2 6 -4 -3 -6 -2
right_child=1 4 3 -5 5 -7 -8
leaf_value=0.058404734381102941 0.00094692186205849998 0.06902119626392525 -0.060801400938133104 0.015032095471266563 -0.04136440474672546 0.010982511578826282 0.076673774615898083
leaf_weight=2.3716307431459418 3.4676683172583607 4.5669374316930762 15.615387700498106 8.2975975498557073 10.940488956868647 31.584091622382402 3.1858552396297455
leaf_count=16 20 30 82 50 63 232 21
internal_value=-0.00286264 -0.00473371 -0.0188818 -0.0344878 0.00444966 -0.00248501 0.0372066
internal_weight=80.0297 77.658 30.5665 23.913 47.0915 42.5246 6.65352
internal_count=514 498 173 132 325 295 41
is_linear=0
shrinkage=0.1


Tree=31
num_leaves=7
num_cat=0
split_feature=3 4 5 5 3 1
split_gain=0.940034 1.07692 3.01117 2.70595 1.35274 1.13321
threshold=69.809967315489203 0.13301170138983848 0.45086130779427863 0.50196216510109004 33.888658522263661 85.020753950109267
decision_type=2 2 2 2 2 2
left_child=1 4 5 -4 -1 -3
right_child=-2 2 3 -5 -6 -7
leaf_value=0.015372907054118876 -0.048803888999322441 0.015853999575796938 -0.087279953783893083 0.0014202483062783827 -0.063906542778270736 0.086178141569554612
leaf_weight=3.5634057298302633 4.171987146139144 3.9406647235155088 3.6759508773684493 53.425216350704432 5.4348041415214539 5.4750157222151756
leaf_count=22 30 24 20 351 29 38
internal_value=-0.00259524 -4.23414e-05 0.00434991 -0.00428993 -0.0325109 0.056746
internal_weight=79.687 75.5151 66.5168 57.1012 8.99821 9.41568
internal_count=514 484 433 371 51 62
is_linear=0
shrinkage=0.1


Tree=32
num_leaves=6
num_cat=0
split_feature=7 4 5 1 6
split_gain=0.834841 0.964469 1.22718 4.90091 2.58653
threshold=24.462855384261026 1.644187927246094 1.053173984361105 96.457734134873036 22.489124298095707
decision_type=2 2 2 2 2
left_child=1 2 4 -4 -1
right_child=-2 -3 3 -5 -6
leaf_value=0.00062502698213545422 0.049142735527001241 -0.054823462467631479 -0.018049469142959094 0.13049501041031064 -0.060477850337092756
leaf_weight=54.955159794539213 3.0297994762659064 3.6112901084125033 6.7986835688352567 3.2987552583217621 7.9270731955766669
leaf_count=339 29 24 41 35 46
internal_value=-0.00234105 -0.00437766 -0.00188142 0.0304789 -0.00707774
internal_weight=79.6208 76.591 72.9797 10.0974 62.8822
internal_count=514 485 461 76 385
is_linear=0
shrinkage=0.1


Tree=33
num_leaves=5
num_cat=0
split_feature=3 2 2 1
split_gain=0.869137 0.929693 2.82894 1.54204
threshold=69.809967315489203 66.83171017312813 71.8141688829662 81.412584709827087
decision_type=2 2 2 2
left_child=1 -1 -3 -4
right_child=-2 2 3 -5
leaf_value=-0.053328794766806145 -0.046739200087952841 0.070446981197288427 -0.057653757568025155 0.0011249200798015939
leaf_weight=3.0935475677251807 4.1344433687627307 5.6716291904449454 4.8114464879035941 61.682277902960777
leaf_count=17 30 38 26 403
internal_value=-0.00209938 0.000352964 0.00265417 -0.00312827
internal_weight=79.3933 75.2589 72.1654 66.4937
internal_count=514 484 467 429
is_linear=0
shrinkage=0.1


Tree=34
num_leaves=8
num_cat=0
split_feature=1 7 7 5 2 5 1
split_gain=0.881869 0.890634 2.73025 1.39505 1.32713 2.71619 0.841286
threshold=80.51412983306993 15.686585123620899 16.150479273399029 1.2044638826859397 77.868286527221343 0.78780549089254259 89.089212121925868
decision_type=2 2 2 2 2 2 2
left_child=-1 4 -3 -4 5 -2 -6
right_child=1 2 3 -5 6 -7 -8
leaf_value=0.058434559338968711 0.057344188198259795 0.078598342668987298 -0.0098391957523910525 0.038545255066446821 -0.086588001324398964 -0.060697426456812947 -0.022686945649202733
leaf_weight=2.3511503562331191 4.3745475783944157 4.302623711526393 49.710218835622072 6.7706946395337573 3.8708621487021428 3.5162250623106956 4.4047176763415337
leaf_count=16 28 30 317 59 20 19 25
internal_value=-0.00189447 -0.00373778 0.0018105 -0.00403907 -0.0245987 0.0047434 -0.0525764
internal_weight=79.301 76.9499 60.7835 56.4809 16.1664 7.89077 8.27558
internal_count=514 498 406 376 92 47 45
is_linear=0
shrinkage=0.1


Tree=35
num_leaves=6
num_cat=0
split_feature=3 2 7 2 2
split_gain=0.771577 1.14321 1.39546 1.10402 2.84916
threshold=9.2828946965219767 105.75352608639444 24.044307841531133 100.30296257243403 94.843927455469043
decision_type=2 2 2 2 2
left_child=-1 3 -3 4 -2
right_child=1 2 -4 -5 -6
leaf_value=-0.048352464950544266 -0.0051342499445903526 0.096206127135478658 -0.0044228390326000316 -0.057090071834276369 0.085831817263244042
leaf_weight=3.3954406678676596 62.959654994308949 2.6664240043610326 2.8520866632461548 3.5899350941181174 3.6423677057027808
leaf_count=19 373 37 28 23 34
internal_value=-0.00171713 0.000374358 0.0441989 -0.00307114 -0.000159448
internal_weight=79.1059 75.7105 5.51851 70.192 66.602
internal_count=514 495 65 430 407
is_linear=0
shrinkage=0.1


Tree=36
num_leaves=7
num_cat=0
split_feature=3 5 4 1 4 6
split_gain=0.796014 0.860435 2.65761 3.66118 3.11652 1.59985
threshold=69.809967315489203 0.24694186291877709 0.39579428406432277 84.296943906598628 0.50025367923080932 18.950872002570403
decision_type=2 2 2 2 2 2
left_child=1 5 3 -3 -4 -1
right_child=-2 2 4 -5 -6 -7
leaf_value=0.019893090342027409 -0.044581198008026041 -0.02008599666143316 -0.087853752176239461 0.10596317313455979 0.0031098704369330724 -0.064721919740963904
leaf_weight=3.9470348805189115 4.0737868621945372 3.9347159937024099 4.0601645745337001 5.5610934570431709 52.068985404446721 5.1501549184322357
leaf_count=24 30 23 22 42 345 28
internal_value=-0.00153508 0.000811758 0.0048071 0.053733 -0.00347008 -0.0280097
internal_weight=78.7959 74.7221 65.625 9.49581 56.1291 9.09719
internal_count=514 484 432 65 367 52
is_linear=0
shrinkage=0.1


Tree=37
num_leaves=6
num_cat=0
split_feature=6 6 3 0 2
split_gain=0.8468 1.17128 1.37789 2.57462 1.5269
threshold=25.297563861163585 24.306803500922431 24.826735264256936 91.36435373354459 92.959850515713256
decision_type=2 2 2 2 2
left_child=1 2 3 -1 -4
right_child=-2 -3 4 -5 -6
leaf_value=0.011601053334711618 0.050668583264708959 -0.063110774116189858 -0.002516237860359758 -0.093490926976011787 0.039147654494989581
leaf_weight=5.0826606005430204 3.0057418011128894 3.153856433928012 52.524465091526508 4.3062279373407364 10.565466022118924
leaf_count=31 30 19 313 22 99
internal_value=-0.00138514 -0.00345383 -0.000857904 -0.0365995 0.00446108
internal_weight=78.6384 75.6327 72.4788 9.38889 63.0899
internal_count=514 484 465 53 412
is_linear=0
shrinkage=0.1


Tree=38
num_leaves=5
num_cat=0
split_feature=3 6 6 3
split_gain=0.694132 1.30582 1.35298 1.67018
threshold=68.021600105082982 24.791388422250751 23.044921875000004 41.384197275954207
decision_type=2 2 2 2
left_child=1 2 3 -1
right_child=-2 -3 -4 -5
leaf_value=-0.010255289983706379 -0.03940581748135371 0.058534127217128688 -0.047749618814917183 0.023070666638833712
leaf_weight=40.192390155047178 4.4940104633569709 3.7539404630661002 5.9193973839282981 24.028940742835402
leaf_count=245 33 35 37 164
internal_value=-0.00124797 0.00107266 -0.00200269 0.00221389
internal_weight=78.3887 73.8947 70.1407 64.2213
internal_count=514 481 446 409
is_linear=0
shrinkage=0.1


Tree=39
num_leaves=9
num_cat=0
split_feature=1 2 0 0 2 6 3 0
split_gain=0.77921 0.780209 2.26827 2.69935 1.93416 4.63994 1.42015 0.68734
threshold=80.51412983306993 80.876445303554718 88.241008355502032 101.72872321373437 85.346025687961884 19.814919155654064 30.474117434271005 85.13288133795642
decision_type=2 2 2 2 2 2 2 2
left_child=-1 2 7 -4 5 -3 -6 -2
right_child=1 4 3 -5 6 -7 -8 -9
leaf_value=0.055733482335655886 0.0053571222285101047 -0.004824847481659577 -0.05483587593572016 0.016446515583634122 -0.037924208323564773 0.12915890741440283 0.0065877323726211386 0.070090054444879493
leaf_weight=2.3384657800197592 3.4105395674705532 7.5894334167242032 15.249358326196672 8.1525945588946325 10.166498545557259 3.9195414930582047 24.299992945045233 3.1601643562316895
leaf_count=16 20 45 82 50 60 28 192 21
internal_value=-0.00112256 -0.00287317 -0.0154262 -0.0300031 0.00531047 0.0408052 -0.00654185 0.0364903
internal_weight=78.2866 75.9481 29.9727 23.402 45.9755 11.509 34.4665 6.5707
internal_count=514 498 173 132 325 73 252 41
is_linear=0
shrinkage=0.1


Tree=40
num_leaves=7
num_cat=0
split_feature=2 2 1 1 1 3
split_gain=0.6753 1.97291 1.5063 2.43619 3.02214 1.06004
threshold=71.8141688829662 70.045515118568687 81.412584709827087 83.301508538370285 84.073363323074048 35.821371363119603
decision_type=2 2 2 2 2 2
left_child=1 -1 -2 5 -5 -4
right_child=2 -3 3 4 -6 -7
leaf_value=-0.0095639751268052978 -0.057894250506113368 0.085549367297226508 0.021468599384836487 -0.10389680117043568 -0.0013739487043806424 0.10468799884528346
leaf_weight=6.205096170306204 4.9046005457639685 3.3627053648233414 3.3657305240631095 3.0359554290771475 54.310852818191051 2.8073195442557335
leaf_count=37 27 24 21 15 371 19
internal_value=-0.00101949 0.0238646 -0.00449904 -0.0003762 -0.00680154 0.0593143
internal_weight=77.9923 9.5678 68.4245 63.5199 57.3468 6.17305
internal_count=514 61 453 426 386 40
is_linear=0
shrinkage=0.1


Tree=41
num_leaves=7
num_cat=0
split_feature=0 3 0 0 0 3
split_gain=0.653017 1.72449 1.67776 2.29183 2.17466 2.34805
threshold=125.67366503875901 55.868865539681671 114.41217041015626 119.63271802895521 110.87026590896589 55.464807940626152
decision_type=2 2 2 2 2 2
left_child=2 -2 4 -4 5 -1
right_child=1 -3 3 -5 -6 -7
leaf_value=0.0083308700370839182 -0.084909753484070941 0.025633095911720534 0.12618175064941992 -0.0078373322411815008 -0.080596418474794651 -0.053076224696112499
leaf_weight=56.687005426734686 3.0400725044310084 2.6339317038655281 2.4673310704529277 2.642669178545475 3.3913433291018 6.9952995218336573
leaf_count=359 23 28 21 21 21 41
internal_value=-0.000929356 -0.0335946 0.0016383 0.0568729 -0.00256974 0.0015855
internal_weight=77.8577 5.674 72.1836 5.11 67.0736 63.6823
internal_count=514 51 463 42 421 400
is_linear=0
shrinkage=0.1


Tree=42
num_leaves=6
num_cat=0
split_feature=7 4 0 5 3
split_gain=0.593901 0.88096 1.03709 2.48234 1.06407
threshold=24.462855384261026 1.644187927246094 82.045018507219552 1.053173984361105 35.938537674470957
decision_type=2 2 2 2 2
left_child=1 2 4 -4 -1
right_child=-2 -3 3 -5 -6
leaf_value=-0.070295100614901254 0.043716359665827133 -0.05117376687291382 -0.003482133390890263 0.054963439014856924 0.00027006929721010652
leaf_weight=4.013732008635996 2.8817551471292964 3.5489444211125365 54.327726770192385 8.3892316296696645 4.5700314566493034
leaf_count=22 29 24 342 69 28
internal_value=-0.000831322 -0.00254643 -0.000126041 0.00433574 -0.0327259
internal_weight=77.7314 74.8497 71.3007 62.717 8.58376
internal_count=514 485 461 411 50
is_linear=0
shrinkage=0.1


Tree=43
num_leaves=8
num_cat=0
split_feature=1 2 5 5 2 1 5
split_gain=0.730564 0.661126 2.17905 3.60233 1.64321 1.35716 0.936544
threshold=80.51412983306993 80.876445303554718 0.77052146200087224 0.64426556811539826 82.127760709337608 85.379180449133059 1.0372824371381444
decision_type=2 2 2 2 2 2 2
left_child=-1 2 3 -2 -3 -6 -4
right_child=1 4 6 -5 5 -7 -8
leaf_value=0.054558399319575374 -0.014801549448519772 0.066038462990887878 -0.076538226856997127 0.09674933212372569 -0.043254575996159034 0.0068793092256559428 -0.014006116623591162
leaf_weight=2.3168233036994925 16.028377294540412 4.0335600674152365 6.0942997187376005 3.5330410078167906 6.3783837407827368 35.191110545769334 3.9458154812455177
leaf_count=16 94 27 32 24 36 262 23
internal_value=-0.000750365 -0.00245426 -0.0140918 0.00534596 0.0050998 -0.000813187 -0.0519628
internal_weight=77.5214 75.2046 29.6015 19.5614 45.6031 41.5695 10.0401
internal_count=514 498 173 118 325 298 55
is_linear=0
shrinkage=0.1


Tree=44
num_leaves=7
num_cat=0
split_feature=2 2 1 1 0 3
split_gain=0.611873 1.53418 1.19041 2.18932 2.00443 0.899192
threshold=71.8141688829662 70.045515118568687 81.412584709827087 83.301508538370285 84.429516632019116 35.821371363119603
decision_type=2 2 2 2 2 2
left_child=1 -1 -2 5 -5 -4
right_child=2 -3 3 4 -6 -7
leaf_value=-0.0065437073078269377 -0.052094743035958069 0.077802319216192989 0.021048595638452624 -0.067715409315067407 -0.00072632313256462255 0.097842129701393221
leaf_weight=6.1267238706350309 4.7853229567408553 3.3278220221400261 3.314237803220748 4.8867503032088271 51.959982858970761 2.8239829316735268
leaf_count=37 27 24 21 28 358 19
internal_value=-0.000686992 0.0231445 -0.00401169 -0.000358554 -0.00648495 0.0563786
internal_weight=77.2248 9.45455 67.7703 62.985 56.8467 6.13822
internal_count=514 61 453 426 386 40
is_linear=0
shrinkage=0.1


Tree=45
num_leaves=7
num_cat=0
split_feature=4 4 5 4 3 3
split_gain=0.600619 2.2348 2.61665 1.49456 1.52454 1.26015
threshold=0.13301170138983848 0.39579428406432277 0.39992774362535083 0.50025367923080932 66.60122166417132 34.553120550889155
decision_type=2 2 2 2 2 2
left_child=5 2 -2 -3 -5 -1
right_child=1 3 -4 4 -6 -7
leaf_value=0.017760057605225626 0.0074586583326535331 -0.063086555622086857 0.11476757579041955 0.0042709782878480934 -0.05959381351988291 -0.058511513947918342
leaf_weight=3.8454338759183866 6.2032336071133596 4.098777972161769 3.5859308764338493 50.369433436542749 4.0373923368751994 4.9604939818382263
leaf_count=24 39 24 30 340 30 27
internal_value=-0.000625015 0.00254429 0.0467677 -0.00485517 -0.000468266 -0.0252047
internal_weight=77.1007 68.2948 9.78916 58.5056 54.4068 8.80593
internal_count=514 463 69 394 370 51
is_linear=0
shrinkage=0.1


Tree=46
num_leaves=7
num_cat=0
split_feature=1 7 6 4 2 0
split_gain=0.692127 0.612982 2.14639 1.52429 1.08675 1.72634
threshold=80.51412983306993 20.651507789793175 22.035153813660148 1.3379984666974385 101.26552442901342 104.83810260007159
decision_type=2 2 2 2 2 2
left_child=-1 4 -3 -4 5 -2
right_child=1 2 3 -5 -6 -7
leaf_value=0.053615557890009338 -0.013245930799961668 0.079818499577061983 -0.021140552594473755 0.061680327446622323 -0.062307736994201494 0.030294506884493484
leaf_weight=2.2877978309988967 41.992152374237776 3.8741744533181217 11.008441749960182 2.7842728048562995 3.374967409297823 11.627883341163395
leaf_count=16 252 34 79 27 26 80
internal_value=-0.00056333 -0.00222349 0.0140512 -0.00442188 -0.00726819 -0.00380388
internal_weight=76.9497 74.6619 17.6669 13.7927 56.995 53.62
internal_count=514 498 140 106 358 332
is_linear=0
shrinkage=0.1


Tree=47
num_leaves=7
num_cat=0
split_feature=0 3 0 0 0 3
split_gain=0.558822 1.37214 1.30188 1.87683 1.84303 1.79057
threshold=125.67366503875901 55.868865539681671 114.41217041015626 119.63271802895521 110.87026590896589 55.464807940626152
decision_type=2 2 2 2 2 2
left_child=2 -2 4 -4 5 -1
right_child=1 -3 3 -5 -6 -7
leaf_value=0.0079241562396248338 -0.075801150784963384 0.02302816624389524 0.11594812060189452 -0.0069280198218895171 -0.073970478803610559 -0.04652536949906657
leaf_weight=55.999718826264143 3.0807527136057606 2.5824477784335613 2.3580996394157401 2.6287968922406435 3.3596653006970874 6.7696365602314463
leaf_count=359 23 28 21 21 21 41
internal_value=-0.000502429 -0.0307345 0.00190505 0.0511751 -0.00181048 0.00205181
internal_weight=76.7791 5.6632 71.1159 4.9869 66.129 62.7694
internal_count=514 51 463 42 421 400
is_linear=0
shrinkage=0.1


Tree=48
num_leaves=8
num_cat=0
split_feature=2 6 1 3 2 0 6
split_gain=0.572096 0.802148 2.67556 4.95888 4.03612 2.28373 1.94142
threshold=69.044447095138167 19.814919155654064 98.441892844753525 38.043850309304219 94.219996637564591 113.9184746225492 18.106566838920124
decision_type=2 2 2 2 2 2 2
left_child=-1 5 3 -3 -4 6 -2
right_child=1 2 4 -5 -6 -7 -8
leaf_value=0.033226877197587913 -0.0027302329697545175 -0.00023565927315284102 -0.098014157253838455 0.11781617147539569 0.020001335395644967 0.069434556525632296 -0.050086238191103909
leaf_weight=4.7335463389754286 27.025240890681744 11.486439920961862 4.6987685784697515 5.1552582234144202 7.5612146314233541 3.2379820868372908 12.737106615677474
leaf_count=31 167 72 25 38 79 26 76
internal_value=-0.000447256 -0.00266413 0.0102193 0.0363344 -0.0252294 -0.0113234 -0.0178998
internal_weight=76.6356 71.902 28.9017 16.6417 12.26 43.0003 39.7623
internal_count=514 483 214 110 104 269 243
is_linear=0
shrinkage=0.1


Tree=49
num_leaves=5
num_cat=0
split_feature=7 4 2 5
split_gain=0.474002 0.807299 0.696726 0.881589
threshold=24.462855384261026 1.644187927246094 69.044447095138167 0.24694186291877709
decision_type=2 2 2 2
left_child=1 2 -1 -4
right_child=-2 -3 3 -5
leaf_value=0.038269762241816496 0.039968968176696963 -0.048677513120177672 -0.033426624373775735 0.0020890797045476374
leaf_weight=4.5450023263692847 2.8016594648361197 3.5189362391829482 7.9533947706222525 57.649503661319613
leaf_count=30 29 24 45 386
internal_value=-0.000402757 -0.00193815 0.000406504 -0.00221668
internal_weight=76.4685 73.6668 70.1479 65.6029
internal_count=514 485 461 431
is_linear=0
shrinkage=0.1


Tree=50
num_leaves=5
num_cat=0
split_feature=7 6 6 4
split_gain=0.670284 1.11127 0.869183 0.818032
threshold=11.261721798965768 13.160102859340599 14.397864526271734 0.93820507855860114
decision_type=2 2 2 2
left_child=-1 -2 -3 -4
right_child=1 2 3 -5
leaf_value=-0.059111551905622998 0.056152579017567789 -0.052625253022709886 0.0086721585706907422 -0.014536752135109361
leaf_weight=1.8939494490623463 3.4982573315501204 3.1862065792083731 44.871980875730515 22.955867389217019
leaf_count=11 23 18 296 166
internal_value=-0.000363319 0.00112994 -0.00158056 0.000817263
internal_weight=76.4063 74.5123 71.0141 67.8278
internal_count=514 503 480 462
is_linear=0
shrinkage=0.1


Tree=51
num_leaves=5
num_cat=0
split_feature=7 6 6 0
split_gain=0.557917 0.893233 0.718684 0.788836
threshold=11.261721798965768 13.160102859340599 14.397864526271734 104.64236068725587
decision_type=2 2 2 2
left_child=-1 -2 -3 -4
right_child=1 2 3 -5
leaf_value=-0.054619948399201215 0.050162627028064614 -0.048287862760987399 -0.0060371753507311512 0.017900479447907371
leaf_weight=1.8472417891025532 3.5229662507772437 3.1282969787716857 48.657842800021172 19.198108024895191
leaf_count=11 23 18 305 157
internal_value=-0.0003318 0.00101416 -0.0014251 0.000735373
internal_weight=76.3545 74.5072 70.9842 67.856
internal_count=514 503 480 462
is_linear=0
shrinkage=0.1


Tree=52
num_leaves=9
num_cat=0
split_feature=1 2 0 5 1 1 0 0
split_gain=0.536501 0.658304 1.9391 2.31961 1.46684 2.8166 2.44246 0.353255
threshold=80.51412983306993 80.876445303554718 88.241008355502032 0.77052146200087224 98.576884127112791 100.85043661293129 89.910293579101577 85.13288133795642
decision_type=2 2 2 2 2 2 2 2
left_child=-1 2 7 -4 6 -6 -3 -2
right_child=1 4 3 -5 5 -7 -8 -9
leaf_value=0.047801421193508477 0.012512750313296595 -0.010136746690561622 -0.0046137487494120029 -0.072420930204468922 -0.089525661356416375 0.0050218824535546913 0.050453177058772038 0.059607349433389162
leaf_weight=2.2500373870134345 3.2985466346144703 13.032441645860674 15.187130503356459 7.5546046122908583 4.0541167594492462 14.141460536047815 13.591847434639929 3.0799291431903839
leaf_count=16 20 81 91 41 23 128 93 21
internal_value=-0.000302549 -0.00176638 -0.0134725 -0.0271387 0.00583925 -0.016044 0.0207947 0.035253
internal_weight=76.1901 73.9401 29.1202 22.7417 44.8199 18.1956 26.6243 6.37848
internal_count=514 498 173 132 325 151 174 41
is_linear=0
shrinkage=0.1


Tree=53
num_leaves=10
num_cat=0
split_feature=0 3 6 6 2 7 6 3 2
split_gain=0.485057 1.07467 1.01374 1.77254 2.83979 1.79681 1.6892 1.29446 1.25775
threshold=125.67366503875901 55.868865539681671 20.156047439144462 22.035153813660148 78.043947106500212 22.418427449909647 18.950872002570403 38.664080291768393 76.260102794182259
decision_type=2 2 2 2 2 2 2 2 2
left_child=2 -2 6 4 -4 -5 8 -8 -1
right_child=1 -3 3 5 -6 -7 7 -9 -10
leaf_value=0.030373377796770684 -0.068165731432573914 0.020128076042349619 -0.027253724477163122 -0.03941778101812872 0.083801981461949129 0.04122268610810715 -0.069902007552687814 0.0026117637912477683 -0.0088469593546427021
leaf_weight=11.99867871403694 3.0816322658210984 2.4943177364766598 3.3551658466458338 6.9875249378383142 7.3390547540038824 4.5703620687127113 6.3759551011025888 4.0100665148347616 25.668536074459553
leaf_count=77 23 28 21 42 59 37 37 27 163
internal_value=-0.000278939 -0.0286688 0.00197268 0.0196187 0.0489598 -0.00752993 -0.00619868 -0.0419043 0.00364646
internal_weight=75.8813 5.57595 70.3053 22.2521 10.6942 11.5579 48.0532 10.386 37.6672
internal_count=514 51 463 159 80 79 304 64 240
is_linear=0
shrinkage=0.1


Tree=54
num_leaves=5
num_cat=0
split_feature=3 2 2 3
split_gain=0.472434 0.747767 1.59037 1.6104
threshold=69.809967315489203 66.83171017312813 70.834400497770929 41.384197275954207
decision_type=2 2 2 2
left_child=1 -1 -3 -4
right_child=-2 2 3 -5
leaf_value=-0.047710532945993867 -0.034589910253549912 0.071994752165330078 -0.011322266094481824 0.02136950512186353
leaf_weight=2.9527863338589659 3.8043667040765277 3.2472095638513556 42.368944808840752 23.384483547881246
leaf_count=17 30 23 267 177
internal_value=-0.000246672 0.00156915 0.003678 0.000304203
internal_weight=75.7578 71.9534 69.0006 65.7534
internal_count=514 484 467 444
is_linear=0
shrinkage=0.1


Tree=55
num_leaves=5
num_cat=0
split_feature=3 3 3 3
split_gain=0.411171 0.935934 2.41794 0.934762
threshold=1.0000000180025095e-35 23.008875605543892 24.826735264256936 33.146559669415751
decision_type=2 2 2 2
left_child=-1 -2 -3 -4
right_child=1 2 3 -5
leaf_value=-0.038622702171398599 0.045314925579874078 -0.09125934384383648 0.027728238400409007 -0.0033627170368973041
leaf_weight=2.6892392933368674 4.5104544237256041 2.8882805109024039 11.79176941141486 53.745733264833689
leaf_count=16 30 15 81 372
internal_value=-0.000222466 0.00119339 -0.00171499 0.00223129
internal_weight=75.6255 72.9362 68.4258 65.5375
internal_count=514 498 468 453
is_linear=0
shrinkage=0.1


Tree=56
num_leaves=9
num_cat=0
split_feature=1 2 0 0 2 6 6 2
split_gain=0.440113 0.559224 1.57376 2.19977 1.23039 2.95502 1.1945 0.291923
threshold=80.51412983306993 80.876445303554718 88.241008355502032 101.72872321373437 85.346025687961884 19.814919155654064 15.030369776810428 77.42372737723008
decision_type=2 2 2 2 2 2 2 2
left_child=-1 2 7 -4 5 -3 -6 -2
right_child=1 4 3 -5 6 -7 -8 -9
leaf_value=0.043701350144803322 0.053853428351135414 -0.0026731085469160793 -0.047694237494147008 0.017918714409803218 -0.055600149883752406 0.10605824968692523 0.0028407512261879007 0.010930630300507048
leaf_weight=2.2161676287651053 3.0556116476655033 7.3567273095250112 14.638297729194166 7.849857121706008 3.9694275930523863 3.7857047319412231 29.414902711287141 3.2911390215158463
leaf_count=16 21 45 82 50 23 28 229 20
internal_value=-0.00020409 -0.00153042 -0.0123799 -0.024791 0.00549556 0.034269 -0.00410793 0.0315956
internal_weight=75.5778 73.3617 28.8349 22.4882 44.5268 11.1424 33.3843 6.34675
internal_count=514 498 173 132 325 73 252 41
is_linear=0
shrinkage=0.1


Tree=57
num_leaves=5
num_cat=0
split_feature=2 3 3 3
split_gain=0.450292 0.632027 0.872319 1.39846
threshold=69.044447095138167 69.809967315489203 59.336342198867463 55.014926543318815
decision_type=2 2 2 2
left_child=-1 2 3 -2
right_child=1 -3 -4 -5
leaf_value=0.029928628022162271 0.00049121453058827266 -0.045146029151077516 0.046521609390910712 -0.068331332587068722
leaf_weight=4.6573847234249106 60.446712641045451 3.2644860446453086 3.7888921294361344 3.1041164658963671
leaf_count=31 405 26 32 20
internal_value=-0.000187881 -0.00217451 -9.13391e-05 -0.0028704
internal_weight=75.2616 70.6042 67.3397 63.5508
internal_count=514 483 457 425
is_linear=0
shrinkage=0.1


Tree=58
num_leaves=8
num_cat=0
split_feature=4 4 1 4 3 3 7
split_gain=0.426062 1.83382 2.68106 1.29638 1.06468 1.06202 0.65566
threshold=0.13301170138983848 0.39579428406432277 84.296943906598628 0.50025367923080932 34.553120550889155 66.60122166417132 17.894083882016321
decision_type=2 2 2 2 2 2 2
left_child=4 2 -2 -3 -1 -5 -4
right_child=1 3 6 5 -6 -7 -8
leaf_value=0.018729415426502329 -0.020260449970023176 -0.059126556054842384 0.05199080869851988 0.003876467419464011 -0.052365565447719011 -0.050399207467485621 0.12080667866830504
leaf_weight=3.7522354647517187 3.8937874361872655 3.9985075071454039 2.6472744420170784 49.362369455397129 4.8022946864366531 3.8891732469201079 2.9025775566697121
leaf_count=24 24 24 17 340 27 30 28
internal_value=-0.000171174 0.00252373 0.0433514 -0.00421096 -0.0211815 -8.75023e-05 0.0879816
internal_weight=75.2482 66.6937 9.44364 57.2501 8.55453 53.2515 5.54985
internal_count=514 463 69 394 51 370 45
is_linear=0
shrinkage=0.1


Tree=59
num_leaves=7
num_cat=0
split_feature=2 5 4 1 2 3
split_gain=0.396719 0.514112 1.5026 3.51529 1.17577 0.892426
threshold=69.044447095138167 0.24694186291877709 0.39579428406432277 84.296943906598628 74.953167885390513 34.553120550889155
decision_type=2 2 2 2 2 2
left_child=-1 5 3 -3 -4 -2
right_child=1 2 4 -5 -6 -7
leaf_value=0.02809850093996338 0.013701222152103809 -0.03365206685602589 -0.042206221209506976 0.09195067066454797 0.00060071305799517562 -0.054337537730653022
leaf_weight=4.6629372984170905 3.3037109300494185 3.8766683340072614 7.4603726044297209 5.240254383534193 45.854973590001464 4.6287880837917328
leaf_count=31 21 23 44 44 325 26
internal_value=-0.000148905 -0.00202081 0.00102605 0.0385423 -0.00538923 -0.0260009
internal_weight=75.0277 70.3648 62.4323 9.11692 53.3153 7.9325
internal_count=514 483 436 67 369 47
is_linear=0
shrinkage=0.1


Tree=60
num_leaves=7
num_cat=0
split_feature=2 2 1 1 5 3
split_gain=0.373427 1.32909 1.15207 1.85481 1.9099 1.21768
threshold=71.8141688829662 70.045515118568687 81.412584709827087 83.301508538370285 1.0231025691771194 35.439316500642413
decision_type=2 2 2 2 2 2
left_child=1 -1 -2 5 -5 -4
right_child=2 -3 3 4 -6 -7
leaf_value=-0.008846002652844253 -0.05093147293555407 0.071617287460169377 0.010202112876306877 -0.01500050120696864 0.029383515686067098 0.10009784823148622
leaf_weight=5.9615053161978704 4.6161915212869635 3.1310270503163338 3.1279227361083022 42.548065759241581 12.556345684453843 2.9073475226759911
leaf_count=37 27 24 20 280 106 20
internal_value=-0.00013322 0.0188617 -0.00275978 0.000877301 -0.00488695 0.0535072
internal_weight=74.8484 9.09253 65.7559 61.1397 55.1044 6.03527
internal_count=514 61 453 426 386 40
is_linear=0
shrinkage=0.1


Tree=61
num_leaves=9
num_cat=0
split_feature=0 0 2 4 3 3 3 3
split_gain=0.366979 3.28463 1.26745 1.26189 1.39029 1.12705 3.85777 2.10926
threshold=86.217246332409516 87.969016460822942 89.981438708320226 0.80545246657586855 39.837069461145539 41.147386925433558 45.996261437468398 39.306557792442824
decision_type=2 2 2 2 2 2 2 2
left_child=2 -2 3 4 -1 7 -7 -3
right_child=1 5 -4 -5 -6 6 -8 -9
leaf_value=0.049201601890254271 0.11087400472132483 -0.0054745090832554674 -0.06943428351418561 -0.053341210379861663 -0.031643467113746764 0.084236685338620429 -0.0075273961602473419 -0.08964806752646659
leaf_weight=5.8227922990918142 2.7170039787888518 27.290626097470525 3.2401100657880297 3.1907629966735831 3.3515139743685722 5.9625804256647852 19.776567805558443 3.3415160775184622
leaf_count=39 21 178 20 18 20 49 150 19
internal_value=-0.0001212 0.00348096 -0.0137606 0.00082798 0.0196677 -0.00169521 0.0137301 -0.0146566
internal_weight=74.6935 59.0883 15.6052 12.3651 9.17431 56.3713 25.7391 30.6321
internal_count=514 417 97 77 59 396 199 197
is_linear=0
shrinkage=0.1


Tree=62
num_leaves=8
num_cat=0
split_feature=7 5 0 6 0 0 6
split_gain=0.336244 2.02533 2.23431 1.37784 1.17187 2.72554 1.94706
threshold=22.516606115790648 0.79153421706366223 137.85803333716242 23.044921875000004 104.64236068725587 102.68359375000001 16.64477446825029
decision_type=2 2 2 2 2 2 2
left_child=3 -2 -3 4 5 -1 -6
right_child=1 2 -4 -5 6 -7 -8
leaf_value=0.00032997612736773376 -0.048733246361093711 0.12067710758418977 -0.023699278425250839 -0.061209908319156583 -0.036677483480683191 -0.093482184634759241 0.049636913370031996
leaf_weight=46.776049438863993 2.6401635110378256 2.6315054129809141 1.808576602488756 3.7473369464278212 3.5300829187035552 3.3165331780910483 10.064616817981003
leaf_count=302 18 28 19 23 23 19 82
internal_value=-0.000105177 0.0206259 0.0618683 -0.00228182 0.00118548 -0.00588115 0.027224
internal_weight=74.5149 7.08025 4.44008 67.4346 63.6873 50.0926 13.5947
internal_count=514 65 47 449 426 321 105
is_linear=0
shrinkage=0.1


Tree=63
num_leaves=5
num_cat=0
split_feature=4 4 3 7
split_gain=0.361416 1.25771 1.08091 1.07423
threshold=1.8402709960937502 1.4970152531168426 68.021600105082982 16.150479273399029
decision_type=2 2 2 2
left_child=1 2 3 -1
right_child=-2 -3 -4 -5
leaf_value=0.023060786053650719 -0.033633792076880033 0.06037160904570963 -0.05480304983966075 -0.0063514719478479573
leaf_weight=16.838985398411751 3.0781289339065543 3.4378177095204583 3.6187144480645648 47.293302627280354
leaf_count=110 21 30 26 327
internal_value=-8.56504e-05 0.00136494 -0.00162918 0.0013712
internal_weight=74.2669 71.1888 67.751 64.1323
internal_count=514 493 463 437
is_linear=0
shrinkage=0.1


Tree=64
num_leaves=9
num_cat=0
split_feature=0 0 2 4 3 2 1 5
split_gain=0.325813 2.69696 1.02164 1.06664 1.11288 0.915626 2.34422 1.64791
threshold=86.217246332409516 87.969016460822942 89.981438708320226 0.80545246657586855 39.837069461145539 80.876445303554718 89.722615165789279 0.78780549089254259
decision_type=2 2 2 2 2 2 2 2
left_child=2 -2 3 4 -1 7 -7 -3
right_child=1 5 -4 -5 -6 6 -8 -9
leaf_value=0.04350135300627634 0.10150419197360749 0.0011026965281086766 -0.063455654997629105 -0.049936323324735063 -0.028832633042579121 0.083748744828153796 -0.00021612333915513833 -0.056975238862676553
leaf_weight=5.8696591109037382 2.671046406030654 15.975903861224653 3.1844936124980441 3.1739340350031844 3.3357720673084259 3.7515660375356665 29.249377962201834 7.0376660823822013
leaf_count=39 21 100 20 18 20 26 230 40
internal_value=-7.77912e-05 0.00333359 -0.0129409 5.3672e-05 0.0172897 -0.00134766 0.00932905 -0.0166578
internal_weight=74.2494 58.6856 15.5639 12.3794 9.20543 56.0145 33.0009 23.0136
internal_count=514 417 97 77 59 396 256 140
is_linear=0
shrinkage=0.1


Tree=65
num_leaves=7
num_cat=0
split_feature=2 5 4 1 5 5
split_gain=0.335831 0.460275 1.11765 3.20111 1.09123 0.785116
threshold=69.044447095138167 0.24694186291877709 0.39579428406432277 84.296943906598628 0.50196216510109004 0.1064991747202791
decision_type=2 2 2 2 2 2
left_child=-1 5 3 -3 -4 -2
right_child=1 2 4 -5 -6 -7
leaf_value=0.025969533582341605 0.011059773535563346 -0.035263562903133934 -0.056000645858927736 0.085575855957946007 -0.00043447375576690739 -0.052519102665611106
leaf_weight=4.6408195421099654 3.4663622528314582 3.8376617282628995 3.8105008304119101 5.1128883361816406 48.744451712816954 4.417425662279129
leaf_count=31 22 23 24 44 345 25
internal_value=-7.43029e-05 -0.00181614 0.00109976 0.0337644 -0.0044633 -0.0245646
internal_weight=74.0301 69.3893 61.5055 8.95055 52.555 7.88379
internal_count=514 483 436 67 369 47
is_linear=0
shrinkage=0.1


Tree=66
num_leaves=8
num_cat=0
split_feature=3 6 2 2 5 1 4
split_gain=0.35108 1.13735 0.721896 2.16593 2.61275 1.64686 1.06503
threshold=24.826735264256936 17.051528639247458 94.843927455469043 100.30296257243403 0.68189875607665873 104.73971235917286 1.019712460169538
decision_type=2 2 2 2 2 2 2
left_child=1 -1 5 -4 -5 6 -2
right_child=2 -3 3 4 -6 -7 -8
leaf_value=-0.058316599605275882 0.01126686086516474 0.01042035378146788 0.099187543708465192 -0.079519548675272667 0.039495787188730931 -0.075820323831487901 -0.021088849275362389
leaf_weight=4.0548234730958921 35.536339484155178 5.9242513626813889 2.9539367705583564 2.7812713496386987 5.4768087174743414 2.8761750236153594 14.253870040178297
leaf_count=23 230 38 32 20 66 16 89
internal_value=-6.6057e-05 -0.0175097 0.00265899 0.0256991 -0.000587857 -0.00224597 0.00200411
internal_weight=73.8575 9.97907 63.8784 11.212 8.25808 52.6664 49.7902
internal_count=514 61 453 118 86 335 319
is_linear=0
shrinkage=0.1


Tree=67
num_leaves=5
num_cat=0
split_feature=7 6 6 7
split_gain=0.302666 0.650745 0.526194 1.22644
threshold=11.261721798965768 13.160102859340599 14.925659362302321 14.9979415850609
decision_type=2 2 2 2
left_child=-1 -2 -3 -4
right_child=1 2 3 -5
leaf_value=-0.041962128291208253 0.043401973549451522 -0.029898200174233308 0.08133446676886455 -0.00097424768502371117
leaf_weight=1.6835415884852398 3.4353968277573577 5.8434740155935279 1.8659304529428471 60.7336830124259
leaf_count=11 23 36 13 431
internal_value=-4.97068e-05 0.000931968 -0.00119975 0.00147916
internal_weight=73.562 71.8785 68.4431 62.5996
internal_count=514 503 480 444
is_linear=0
shrinkage=0.1


Tree=68
num_leaves=7
num_cat=0
split_feature=0 3 0 3 0 0
split_gain=0.286661 1.10978 0.912194 1.38549 3.51088 1.8333
threshold=119.63271802895521 55.868865539681671 112.16468271467876 55.464807940626152 94.06814334282906 104.64236068725587
decision_type=2 2 2 2 2 2
left_child=2 -2 3 5 -5 -1
right_child=1 -3 -4 4 -6 -7
leaf_value=-0.0019511977491566451 -0.050508436211268132 0.024923187047262645 0.051989969281626726 0.056743045778669871 -0.092519375573568222 0.05487490073746424
leaf_weight=48.57598651945591 4.5226148143410674 3.4294183813035488 3.474473148584365 2.3734751716256133 4.6892195977270603 6.428560532629489
leaf_count=315 36 36 30 17 29 51
internal_value=-4.76314e-05 -0.0179776 0.00212777 -0.000663477 -0.0423585 0.00469025
internal_weight=73.4937 7.95203 65.5417 62.0672 7.06269 55.0045
internal_count=514 72 442 412 46 366
is_linear=0
shrinkage=0.1


Tree=69
num_leaves=7
num_cat=0
split_feature=2 3 3 6 3 7
split_gain=0.307106 0.494299 2.25326 2.43626 2.08035 1.60184
threshold=69.044447095138167 41.384197275954207 43.562646002850052 24.306803500922431 39.837069461145539 22.896823728164392
decision_type=2 2 2 2 2 2
left_child=-1 4 -3 -4 5 -2
right_child=1 2 3 -5 -6 -7
leaf_value=0.024978656561881668 -0.0075220542434986763 0.094586792312428919 0.010909214362320707 -0.086402430647156192 -0.081214631818036578 0.070020742437332348
leaf_weight=4.5951489135622969 35.350756961852312 2.7521675061434534 21.150794247165326 2.9290028661489478 3.5980667844414702 2.8811357393860808
leaf_count=31 228 26 158 26 21 24
internal_value=-4.94395e-05 -0.00172443 0.00886943 -0.000927517 -0.00851989 -0.00167847
internal_weight=73.2571 68.6619 26.832 24.0798 41.83 38.2319
internal_count=514 483 210 184 273 252
is_linear=0
shrinkage=0.1


Tree=70
num_leaves=7
num_cat=0
split_feature=6 3 4 1 4 1
split_gain=0.301496 0.942109 0.812814 0.711919 2.17052 2.12689
threshold=24.791388422250751 43.738875647599876 1.644187927246094 100.85043661293129 0.61349260305428299 98.576884127112791
decision_type=2 2 2 2 2 2
left_child=2 -2 3 5 -5 -1
right_child=1 -3 -4 4 -6 -7
leaf_value=0.0016969421380999957 0.072307221413629649 -0.02438994883371436 -0.053833852958455525 -0.042637242574417561 0.057151084406892011 -0.073607175396721028
leaf_weight=52.212698485702276 2.1274288296699515 1.9140976537019012 2.8549039717763653 3.2053432986140233 6.8124038148671389 4.040940746665
leaf_count=340 19 21 19 23 68 24
internal_value=-3.71447e-05 0.0265107 -0.00158929 0.000661356 0.0252222 -0.00371248
internal_weight=73.1678 4.04153 69.1263 66.2714 10.0177 56.2536
internal_count=514 40 474 455 91 364
is_linear=0
shrinkage=0.1


Tree=71
num_leaves=8
num_cat=0
split_feature=3 0 2 2 5 6 0
split_gain=0.310634 0.912329 0.681217 1.76475 1.9629 1.46187 1.06906
threshold=24.826735264256936 91.36435373354459 94.843927455469043 100.30296257243403 0.68189875607665873 23.044921875000004 104.64236068725587
decision_type=2 2 2 2 2 2 2
left_child=1 -1 5 -4 -5 6 -2
right_child=2 -3 3 4 -6 -7 -8
leaf_value=0.013740262541150792 -0.0047782539939555313 -0.047132185956550471 0.094079405784537981 -0.066105121672695569 0.037290544993143979 -0.059872349599538632 0.032508659869273059
leaf_weight=4.948430657386778 38.59537436440587 4.9003002569079399 2.7782956026494494 2.7965507023036462 5.3461114335805178 4.0542389526963225 9.6024570986628515
leaf_count=32 243 29 32 20 66 24 68
internal_value=-2.85935e-05 -0.0165472 0.00254668 0.0252609 0.0017799 -0.00220072 0.00265042
internal_weight=73.0218 9.84873 63.173 10.921 8.14266 52.2521 48.1978
internal_count=514 61 453 118 86 335 311
is_linear=0
shrinkage=0.1


Tree=72
num_leaves=13
num_cat=0
split_feature=0 3 3 6 5 0 1 6 3 3 6 3
split_gain=0.308198 1.39986 2.91111 2.75554 1.86723 1.65001 1.24235 2.13529 2.41137 1.12518 2.43208 2.0882
threshold=97.606306951202001 41.147386925433558 45.996261437468398 21.64013128250372 0.37576095845542606 104.64236068725587 88.343364889464283 16.507388995749366 35.234640085261184 40.582692514563512 16.64477446825029 37.317872981580273
decision_type=2 2 2 2 2 2 2 2 2 2 2 2
left_child=6 3 -3 5 -4 -2 9 -8 -9 11 -11 -1
right_child=1 2 4 -5 -6 -7 7 8 -10 10 -12 -13
leaf_value=-0.0074789647622812679 -0.1030775957907481 0.089967417470218636 0.084028564037408549 0.03406908962528947 -0.023551726607346224 -0.01354507622059508 0.10013278455815533 -0.033615349364639294 0.062800369028914796 0.032591472098813815 -0.075687576410634061 0.081847233276015147
leaf_weight=15.998471990227705 4.9489441737532633 3.6492742337286499 1.8476779237389553 4.094707202166318 12.7221507653594 3.524158202111721 3.3092953637242308 5.9976027607917768 4.5709505937993526 3.2807905748486501 5.6412132829427719 3.1289003044366828
leaf_count=102 27 33 14 33 105 25 24 38 38 22 31 22
internal_value=-1.65269e-05 -0.00761403 0.0100963 -0.033288 -0.00990889 -0.065839 0.00556227 0.0300345 0.00808492 -0.00654575 -0.0358713 0.00713322
internal_weight=72.7141 30.7869 18.2191 12.5678 14.5698 8.4731 41.9272 13.8778 10.5686 28.0494 8.922 19.1274
internal_count=514 237 152 85 119 52 277 100 76 177 53 124
is_linear=0
shrinkage=0.1


Tree=73
num_leaves=7
num_cat=0
split_feature=4 4 4 3 3 4
split_gain=0.302611 1.07926 0.939594 0.847747 2.1588 1.2929
threshold=1.4970152531168426 1.644187927246094 1.2994003490145192 27.82202747288952 29.520528646614633 0.78525910421740275
decision_type=2 2 2 2 2 2
left_child=2 -2 3 5 -5 -1
right_child=1 -3 -4 4 -6 -7
leaf_value=0.0047466743842145605 0.070602008361856025 -0.013798158840482933 -0.052029320022088821 0.10625557640110639 0.0020384867124664317 -0.064502547125799239
leaf_weight=6.4349704533815366 2.5783484634011975 3.6740158125758171 3.553600274026393 2.0709330514073363 49.412415441125631 4.64024368673563
leaf_count=41 22 29 27 17 351 27
internal_value=-2.12476e-05 0.0210068 -0.00200991 0.000831412 0.00623065 -0.0242671
internal_weight=72.3645 6.25236 66.1122 62.5586 51.4833 11.0752
internal_count=514 51 463 436 368 68
is_linear=0
shrinkage=0.1


Tree=74
num_leaves=5
num_cat=0
split_feature=7 6 6 7
split_gain=0.309777 0.403484 0.451071 0.56034
threshold=11.261721798965768 13.160102859340599 14.56835797801614 16.150479273399029
decision_type=2 2 2 2
left_child=-1 -2 -3 -4
right_child=1 2 3 -5
leaf_value=-0.04257543713422289 0.034400684871989211 -0.033984569162443787 0.022405339172965746 -0.0028947815780328567
leaf_weight=1.6709107384085644 3.4382381737232199 3.8435879051685324 10.492438748478888 52.835009712725878
leaf_count=11 23 24 70 386
internal_value=-1.85922e-05 0.000988481 -0.000721767 0.00129708
internal_weight=72.2802 70.6093 67.171 63.3274
internal_count=514 503 480 456
is_linear=0
shrinkage=0.1


Tree=75
num_leaves=9
num_cat=0
split_feature=7 6 4 4 7 0 3 3
split_gain=0.312372 1.34557 1.16996 2.05301 0.768354 2.0774 1.72446 1.29946
threshold=20.651507789793175 22.035153813660148 1.1574010848999026 0.85015950351953518 19.554640918606815 114.41217041015626 40.481112266501697 55.464807940626152
decision_type=2 2 2 2 2 2 2 2
left_child=4 -2 3 -3 5 7 -6 -1
right_child=1 2 -4 -5 6 -7 -8 -9
leaf_value=0.0022875909388639856 0.065457139765065717 0.0093319241613696452 0.047204204492354844 -0.092192695066353317 0.015441080769566618 0.076367572706877551 -0.07603399616843512 -0.04779162081871411
leaf_weight=38.033033031970263 3.6703280583024052 6.6110572814941388 3.3909153994172803 2.8506784606724977 3.9935274161398393 3.4204786140471688 4.2583863381296396 5.9986352473497382
leaf_count=251 34 50 37 19 27 32 27 37
internal_value=-1.92142e-05 0.0120557 -0.00319408 -0.0212559 -0.0036009 0.00129674 -0.0317645 -0.00453493
internal_weight=72.227 16.523 12.8527 9.46174 55.7041 47.4521 8.25191 44.0317
internal_count=514 140 106 69 374 320 54 288
is_linear=0
shrinkage=0.1


Tree=76
num_leaves=5
num_cat=0
split_feature=7 7 7 7
split_gain=0.294874 0.407621 0.540327 0.622834
threshold=11.012023750531226 12.112163732655171 13.223677636987345 14.226795455810304
decision_type=2 2 2 2
left_child=-1 -2 -3 -4
right_child=1 2 3 -5
leaf_value=-0.048598656741682324 0.049776337070183231 -0.046204453605055797 0.049837252536816777 -0.00057259371884973585
leaf_weight=1.2279457002878178 1.6613667681813229 2.4774617850780478 2.5485777705907813 64.010641458444297
leaf_count=8 12 15 18 461
internal_value=-1.51198e-05 0.000828722 -0.000349202 0.00135762
internal_weight=71.926 70.698 69.0367 66.5592
internal_count=514 506 494 479
is_linear=0
shrinkage=0.1


Tree=77
num_leaves=9
num_cat=0
split_feature=2 6 2 2 2 6 1 2
split_gain=0.301674 0.40064 1.95708 5.12817 1.6611 1.57022 2.16586 1.85498
threshold=69.044447095138167 19.814919155654064 85.994383031229574 76.59708060772472 94.219996637564591 18.950872002570403 100.85043661293129 83.801753432629951
decision_type=2 2 2 2 2 2 2 2
left_child=-1 5 3 -3 -4 6 -2 -7
right_child=1 2 4 -5 -6 7 -8 -9
leaf_value=0.025059554726112862 -0.0069751554281993009 -0.044234854418062769 -0.048827060295221242 0.095706562140606272 0.015641428405083882 -0.10357244981808381 0.080549281298429989 -0.0027577615254690928
leaf_weight=4.4974494092166415 29.934170037508011 4.3331722244620341 7.5047499611973789 6.6179216802120209 8.5501253567635995 3.4257149621844283 3.1221901047974816 3.9062799895182252
leaf_count=31 192 28 46 49 91 18 30 29
internal_value=-1.64266e-05 -0.00168983 0.00773913 0.040334 -0.014494 -0.00799457 0.00129157 -0.0498612
internal_weight=71.8918 67.3943 27.006 10.9511 16.0549 40.3884 33.0564 7.33199
internal_count=514 483 214 77 137 269 222 47
is_linear=0
shrinkage=0.1


Tree=78
num_leaves=11
num_cat=0
split_feature=0 2 3 7 7 0 0 6 0 6
split_gain=0.344042 1.02476 1.41171 0.658329 1.57326 1.07037 0.787431 2.03908 1.70329 0.0102201
threshold=119.63271802895521 96.590865914118055 45.996261437468398 20.492711786417008 21.080014526541998 92.549202453489897 104.64236068725587 16.995092079719914 99.506956793309669 23.878014763892661
decision_type=2 2 2 2 2 2 2 2 2 2
left_child=3 -2 -3 6 -5 -6 8 -8 -1 -4
right_child=1 2 9 4 5 -7 7 -9 -10 -11
leaf_value=0.00035546364068335661 -0.066177706674342404 -0.057712317741612867 0.059203102775576222 0.091254113099566159 -0.034365970928415472 0.033034248273299802 -0.039179978219882262 0.059909536126962197 -0.054745224202590231 0.047187821331199468
leaf_weight=35.904888994991779 2.9578644931316367 1.908060369081795 1.4940899331122639 2.660642445087432 4.0972556322813016 5.5448198150843382 3.2428870126605016 5.7750108679756522 6.6490857489407054 1.3453920669853685
leaf_count=234 17 15 21 22 27 49 23 47 40 19
internal_value=-1.517e-05 -0.0199759 0.00880925 0.00239276 0.0231784 0.00439353 -0.00256576 0.0242764 -0.00825405 0.0535101
internal_weight=71.58 7.70541 4.74754 63.8746 12.3027 9.64208 51.5719 9.0179 42.554 2.83948
internal_count=514 72 55 442 98 76 344 70 274 40
is_linear=0
shrinkage=0.1


Tree=79
num_leaves=10
num_cat=0
split_feature=0 3 2 6 1 0 3 0 7
split_gain=0.300313 1.62375 1.29532 1.0838 1.01685 0.891069 2.47513 1.81871 0.995509
threshold=111.25393690075727 55.868865539681671 94.843927455469043 23.581130505321493 123.84678140213634 104.64236068725587 48.635214571777105 102.68359375000001 14.644646042728203
decision_type=2 2 2 2 2 2 2 2 2
left_child=5 2 -2 -3 -4 7 -7 8 -1
right_child=1 3 4 -5 -6 6 -8 -9 -10
leaf_value=0.038775239058877975 -0.084590171929570968 0.071890352756910289 0.048178202585241824 -0.03125103807380205 -0.05235464340475237 0.084557944391580916 -0.03559345372876585 -0.072125887036374695 -0.0024363921048465489
leaf_weight=6.818069025874137 3.7061649933457357 2.7878817301243544 1.9897490683943031 1.6054752022027967 2.0351590104401112 4.2508688336238256 2.8734790459275246 3.4175302088260642 41.776451770216227
leaf_count=47 22 28 25 18 18 38 19 21 278
internal_value=-9.54047e-06 -0.0143465 -0.0419337 0.0341991 -0.00265534 0.0029299 0.036097 -0.00161316 0.00334582
internal_weight=71.2608 12.1244 7.73107 4.39336 4.02491 59.1364 7.12435 52.0121 48.5945
internal_count=514 111 65 46 43 403 57 346 325
is_linear=0
shrinkage=0.1


Tree=80
num_leaves=11
num_cat=0
split_feature=5 5 6 5 7 4 0 2 1 3
split_gain=0.301722 2.33509 1.95505 3.03531 2.71359 2.61282 1.62569 0.747704 2.86634 0.839863
threshold=0.68040521825937994 0.71266872461231101 17.52044933533762 0.59118598068668915 15.764172286010826 0.19238287495863918 92.549202453489897 90.809796670693274 98.441892844753525 54.293212578026292
decision_type=2 2 2 2 2 2 2 2 2 2
left_child=2 -2 4 5 6 -4 -1 9 -9 -3
right_child=1 7 3 -5 -6 -7 -8 8 -10 -11
leaf_value=0.038152352822054578 0.0950900717327679 -0.018690724087467549 -0.048589407890273419 -0.086761308875658347 0.086875249602503049 0.033006628129812081 -0.056182424617534248 0.10333344489869181 -0.0099014462809755444 0.036840791315536713
leaf_weight=3.4556580707430822 2.7373714670538893 20.086456060409549 6.9054687023162868 5.781536065042018 4.5083060339093208 9.0905875079333764 3.8756574913859367 3.0381450951099387 8.4611761793494207 3.1507160775363436
leaf_count=24 22 125 42 33 33 73 23 27 90 22
internal_value=-3.2822e-06 0.00616711 -0.00688156 -0.0246628 0.025825 -0.00221823 -0.0117172 -0.000840367 0.0200155 -0.0111612
internal_weight=71.0911 37.4739 33.6172 21.7776 11.8396 15.9961 7.33132 34.7365 11.4993 23.2372
internal_count=514 286 228 148 80 115 47 264 117 147
is_linear=0
shrinkage=0.1


Tree=81
num_leaves=9
num_cat=0
split_feature=0 0 6 6 1 3 3 3
split_gain=0.330916 2.04853 0.856212 1.39761 1.24447 0.817162 2.39529 1.5423
threshold=86.217246332409516 87.969016460822942 19.680504154322197 17.52044933533762 82.644146214161083 41.147386925433558 45.996261437468398 39.306557792442824
decision_type=2 2 2 2 2 2 2 2
left_child=2 -2 3 4 -1 7 -7 -3
right_child=1 5 -4 -5 -6 6 -8 -9
leaf_value=0.045987194554215176 0.091239426375046007 -0.0037795981263586639 0.028117996315387413 -0.079983159439886861 -0.034953462660487288 0.071183472604049489 -0.0041564173992760575 -0.077264138950953562
leaf_weight=3.0875725373625738 2.5437643453478804 25.842486839741472 3.7961514666676512 3.4417706020176402 4.9367417097091675 5.4688406493514803 18.479077911004424 3.2110142298042765
leaf_count=21 21 178 26 20 30 49 150 19
internal_value=-4.31437e-06 0.00357917 -0.013046 -0.0266744 -0.00380935 -0.000628024 0.0130485 -0.0119012
internal_weight=70.8074 55.5452 15.2622 11.4661 8.02431 53.0014 23.9479 29.0535
internal_count=514 417 97 71 51 396 199 197
is_linear=0
shrinkage=0.1


Tree=82
num_leaves=7
num_cat=0
split_feature=6 3 7 4 7 5
split_gain=0.317631 0.742769 0.62058 0.832775 0.783843 0.528377
threshold=24.791388422250751 46.161442962101113 21.982968270081233 0.80924652244787876 21.119055072165239 0.50196216510109004
decision_type=2 2 2 2 2 2
left_child=2 -2 4 -4 5 -1
right_child=1 -3 3 -5 -6 -7
leaf_value=-0.015531510989728334 0.06888593769555347 -0.018946385191185258 -0.078110983045523302 0.0021907426777444238 0.046439549493824429 0.0049358456330542734
leaf_weight=18.570430532097816 2.0611782334744926 1.8068249747157095 2.3942383229732505 2.8038420788943768 3.6034143995493642 39.317754817195237
leaf_count=124 20 20 16 25 32 277
internal_value=-1.98356e-06 0.0278576 -0.00161784 -0.0347963 0.00118684 -0.00163005
internal_weight=70.5577 3.868 66.6897 5.19808 61.4916 57.8882
internal_count=514 40 474 41 433 401
is_linear=0
shrinkage=0.1


Tree=83
num_leaves=11
num_cat=0
split_feature=2 0 7 7 6 1 2 0 7 2
split_gain=0.302067 2.74584 1.06072 2.00432 1.05524 2.87827 2.71436 1.23306 1.15067 1.01914
threshold=76.260102794182259 89.338410356547698 17.00041093593272 15.550178665176384 19.530035888310525 86.557853055365925 80.324429113609384 85.13288133795642 16.279816749033206 94.843927455469043
decision_type=2 2 2 2 2 2 2 2 2 2
left_child=1 -1 3 -3 6 -6 8 -8 -2 -7
right_child=4 2 -4 -5 5 9 7 -9 -10 -11
leaf_value=0.097476306989849326 -0.025841171441190178 -0.020727780993486239 -0.041255801971273161 0.081788682746572333 0.088377258649841139 -0.022529939357036663 -0.036455724761336052 0.015946266905498118 -0.10675391923842983 0.022796405883947685
leaf_weight=3.05464790016413 3.1968916505575207 5.4428421445190889 5.5231169313192359 2.9358048290014267 4.0703924708068397 11.947262555360796 6.3107233978807953 15.567995580844579 3.9038377329707146 8.482632724568246
leaf_count=24 20 35 35 21 30 78 39 116 21 95
internal_value=-6.62615e-07 0.0116294 -0.00723383 0.0151931 -0.00368812 0.0115889 -0.0166039 0.000831375 -0.0703254 -0.00371013
internal_weight=70.4361 16.9564 13.9018 8.37865 53.4797 24.5003 28.9794 21.8787 7.10073 20.4299
internal_count=514 115 91 56 399 203 196 155 41 173
is_linear=0
shrinkage=0.1


Tree=84
num_leaves=9
num_cat=0
split_feature=3 7 7 7 6 0 0 4
split_gain=0.274361 1.26505 1.91263 1.39347 0.915998 1.01193 3.4139 1.06679
threshold=36.8606551026513 24.044307841531133 21.401996863767717 19.108849949479794 23.425109863281254 98.296875000000014 93.039957046508803 0.5986100733280183
decision_type=2 2 2 2 2 2 2 2
left_child=4 2 3 -2 5 6 -1 -7
right_child=1 -3 -4 -5 -6 7 -8 -9
leaf_value=-0.022475658315347577 0.01598571178121792 -0.06013777270051749 0.087498646448935166 -0.030544686490414731 0.048393597413612939 -0.092669776137106016 0.073945122638291019 -0.01199527956579894
leaf_weight=17.151092883199464 24.325502011924982 2.7211380526423445 2.966117810457944 8.7516477908939105 2.7265666313469401 2.8479051813483229 4.6724272370338431 3.8617037199437618
leaf_count=111 175 26 33 66 24 16 35 28
internal_value=-1.19279e-05 0.00560907 0.0105727 0.00367456 -0.00698239 -0.012274 -0.00183192 -0.0462377
internal_weight=70.0241 38.7644 36.0433 33.0771 31.2597 28.5331 21.8235 6.70961
internal_count=514 300 274 241 214 190 146 44
is_linear=0
shrinkage=0.1


Tree=85
num_leaves=9
num_cat=0
split_feature=4 5 2 6 4 3 4 5
split_gain=0.275752 2.78866 1.56041 1.27973 0.862313 0.916059 2.12872 1.75198
threshold=0.39579428406432277 0.39992774362535083 76.260102794182259 19.680504154322197 0.50025367923080932 55.464807940626152 0.80924652244787876 0.59118598068668915
decision_type=2 2 2 2 2 2 2 2
left_child=1 2 -1 -4 -2 7 -7 -6
right_child=4 -3 3 -5 5 6 -8 -9
leaf_value=0.046086231223589402 -0.05036053125849238 0.095654306434471925 -0.055928575975343203 0.020798831988259908 0.072849918037736064 -0.087866656795084541 0.012371487413049933 -0.00021557337296486566
leaf_weight=3.7543931342661407 3.6592683941125861 3.1674997806549063 6.3962473794817907 3.2928734719753265 3.5978283509612075 3.6391045376658422 5.0706462357193232 37.354855576530099
leaf_count=28 24 30 37 25 28 23 49 270
internal_value=-7.04514e-06 0.0112435 -0.00864501 -0.0298526 -0.00351186 -5.9919e-05 -0.02951 0.00620347
internal_weight=69.9327 16.611 13.4435 9.68912 53.3217 49.6624 8.70975 40.9527
internal_count=514 120 90 62 394 370 72 298
is_linear=0
shrinkage=0.1


Tree=86
num_leaves=7
num_cat=0
split_feature=4 4 0 4 5 5
split_gain=0.288147 1.46971 1.0794 0.776956 1.53541 0.639432
threshold=0.089723840472494973 0.13881688063309675 95.322268162387658 0.35476052979356615 0.37576095845542606 0.50196216510109004
decision_type=2 2 2 2 2 2
left_child=2 -2 -1 4 -3 -5
right_child=1 3 -4 5 -6 -7
leaf_value=0.060961117623413691 -0.078076386934910202 -0.006389089357124584 -0.024633618384349382 -0.035273489207779993 0.093110262647728106 0.00079148920139834834
leaf_weight=3.1626758724451056 2.4404984861612311 3.8274260461330405 2.7581434398889542 5.4603347703814498 2.6074723042547703 49.325841938145459
leaf_count=23 13 28 18 37 26 369
internal_value=-1.32738e-05 -0.00197577 0.0210878 0.00105788 0.0339288 -0.00280297
internal_weight=69.5824 63.6616 5.92082 61.2211 6.4349 54.7862
internal_count=514 473 41 460 54 406
is_linear=0
shrinkage=0.1


Tree=87
num_leaves=9
num_cat=0
split_feature=7 7 1 7 5 6 4 0
split_gain=0.273707 1.88267 1.41477 1.5338 1.12357 1.94949 1.34616 0.63784
threshold=15.686585123620899 16.150479273399029 92.489265882227684 14.644646042728203 1.2044638826859397 20.828914675974037 1.0310308942571285 90.776889801025405
decision_type=2 2 2 2 2 2 2 2
left_child=2 -2 3 7 6 -6 -3 -1
right_child=1 4 -4 -5 5 -7 -8 -9
leaf_value=0.004568273913103404 0.069459175091400913 0.00090458034659208781 -0.058882705611485911 -0.041092968665720625 0.11544071505273153 -0.0039804410937692254 -0.043806001386522152 0.0673053784634675
leaf_weight=3.0423888862133008 3.9838118255138388 36.301747608929873 4.4991270080208769 3.9354698210954666 2.1331638777628532 3.8057619770988822 8.2677124850451928 3.467591155320406
leaf_count=21 30 266 27 24 22 38 60 26
internal_value=-1.25992e-05 0.00327533 -0.0120013 0.00819169 -0.00194487 0.0389137 -0.00738931 0.0379857
internal_weight=69.4368 54.4922 14.9446 10.4454 50.5084 5.93893 44.5695 6.50998
internal_count=514 416 98 71 386 60 326 47
is_linear=0
shrinkage=0.1


Tree=88
num_leaves=6
num_cat=0
split_feature=3 6 3 4 5
split_gain=0.267081 0.797 0.516828 0.772813 1.33328
threshold=24.826735264256936 17.051528639247458 29.367069576881928 0.13301170138983848 0.45086130779427863
decision_type=2 2 2 2 2
left_child=1 -1 -2 -4 -5
right_child=2 -3 3 4 -6
leaf_value=-0.051090717624114837 0.034167332257515358 0.0080435777532590035 -0.034772741871548253 0.043025435271555279 -0.0030922935002175543
leaf_weight=3.7965743914246541 4.7337844520807257 5.7026127800345421 5.8062155097722998 7.3698629625141612 41.960600916296244
leaf_count=23 36 38 36 58 323
internal_value=-1.32692e-05 -0.0155908 0.0024583 -0.000264089 0.00379759
internal_weight=69.3697 9.49919 59.8705 55.1367 49.3305
internal_count=514 61 453 417 381
is_linear=0
shrinkage=0.1


Tree=89
num_leaves=6
num_cat=0
split_feature=4 4 0 0 0
split_gain=0.288253 1.17494 0.905386 0.63302 1.23536
threshold=0.089723840472494973 0.13881688063309675 95.322268162387658 78.443717702690279 86.217246332409516
decision_type=2 2 2 2 2
left_child=2 -2 -1 -3 -5
right_child=1 3 -4 4 -6
leaf_value=0.05741734519517188 -0.071006477702853385 0.043910639030897002 -0.021019026627245613 -0.03413298086517913 0.004890100633792055
leaf_weight=3.1774284094572058 2.3740423768758765 3.2117018550634375 2.7412416189908981 9.7614482305943948 48.02147079911083
leaf_count=23 13 24 18 61 375
internal_value=-1.55979e-05 -0.00198682 0.0210894 0.000699576 -0.00170219
internal_weight=69.2873 63.3687 5.91867 60.9946 57.7829
internal_count=514 473 41 460 436
is_linear=0
shrinkage=0.1


Tree=90
num_leaves=7
num_cat=0
split_feature=6 4 2 1 4 1
split_gain=0.265909 0.683291 0.638654 0.501223 1.67891 1.47059
threshold=24.791388422250751 1.644187927246094 116.86857402518932 100.85043661293129 0.61349260305428299 98.576884127112791
decision_type=2 2 2 2 2 2
left_child=1 3 -2 5 -5 -1
right_child=2 -3 -4 4 -6 -7
leaf_value=0.00149577337917419 0.063525648502087445 -0.050064452431465428 -0.018493255264523095 -0.038853588557950708 0.052449707144513219 -0.06341848901114723
leaf_weight=49.770274145528674 2.0546298585832115 2.7761613577604285 1.7648541070520876 3.0059469044208509 6.1028886018320918 3.7530407533049575
leaf_count=340 22 19 18 23 68 24
internal_value=-1.97526e-05 -0.00151741 0.0256275 0.000634431 0.0223193 -0.003056
internal_weight=69.2278 65.4083 3.81948 62.6322 9.10884 53.5233
internal_count=514 474 40 455 91 364
is_linear=0
shrinkage=0.1


Tree=91
num_leaves=6
num_cat=0
split_feature=4 4 4 4 7
split_gain=0.23885 0.933097 1.07382 0.798051 0.577762
threshold=0.089723840472494973 0.19238287495863918 0.29846191406250006 0.018624737880600106 12.764591435575996
decision_type=2 2 2 2 2
left_child=3 -2 -3 -1 -4
right_child=1 2 4 -5 -6
leaf_value=-0.018891461655464636 -0.050519156445288094 0.058398569282134528 -0.042823035772315839 0.054613396225615375 0.00056804629487110703
leaf_weight=2.8503815606236449 3.7029578834772101 3.1123842857778063 3.2568595036864272 3.0656974315643311 53.103072393685579
leaf_count=19 22 27 21 22 403
internal_value=-1.4978e-05 -0.00181424 0.0012183 0.0191986 -0.00193939
internal_weight=69.0914 63.1753 59.4723 5.91608 56.3599
internal_count=514 473 451 41 424
is_linear=0
shrinkage=0.1


Tree=92
num_leaves=11
num_cat=0
split_feature=1 1 4 4 5 5 5 5 4 4
split_gain=0.249165 1.64153 1.29639 2.12548 0.926463 2.60828 1.59873 1.51676 1.3484 1.03069
threshold=84.073363323074048 83.301508538370285 0.32163048276144229 0.8291759798904651 0.57403229109076259 0.68040521825937994 0.72978408523209148 0.24694186291877709 0.37500012491727835 0.62719726562500011
decision_type=2 2 2 2 2 2 2 2 2 2
left_child=1 2 -1 -4 7 9 -7 -2 -9 -6
right_child=4 -3 3 -5 5 6 -8 8 -10 -11
leaf_value=-0.038685465501484544 -0.018070580638284088 -0.077073568704971257 0.070045150095833841 -0.024486770350760981 -0.10517588625141408 0.077548138780297232 -6.815609542117708e-05 0.096450167020419864 0.018144502803823574 -0.025430710133639501
leaf_weight=4.7839438840746906 5.2007521092891684 3.0434821695089331 5.0031491369009 4.5338774807751179 3.0140837505459777 2.9337290264666107 27.813952930271626 3.6720442343503219 5.4819700941443443 3.506126657128334
leaf_count=30 34 18 38 29 17 23 224 38 40 23
internal_value=-1.62524e-05 -0.0103784 0.00379564 0.0251049 0.00346928 -0.00484499 0.00733745 0.0250548 0.0495561 -0.0622943
internal_weight=68.9871 17.3645 14.321 9.53703 51.6227 37.2679 30.7477 14.3548 9.15401 6.52021
internal_count=514 115 97 67 399 287 247 112 78 40
is_linear=0
shrinkage=0.1


Tree=93
num_leaves=7
num_cat=0
split_feature=4 3 4 3 4 4
split_gain=0.244055 0.85978 0.785661 0.561823 1.51225 0.661444
threshold=0.089723840472494973 38.201236860028963 0.13881688063309675 27.82202747288952 1.0571589936766943 1.2994003490145192
decision_type=2 2 2 2 2 2
left_child=1 -1 -2 4 -4 -5
right_child=2 -3 3 5 -6 -7
leaf_value=0.054906522510668854 -0.059741075921525277 -0.021680239184531609 -0.046119813536351729 0.009485391261339798 0.039145993807721317 -0.022375935541780839
leaf_weight=3.1648852899670592 2.2595264911651602 2.7304056957364082 7.1312464624643308 42.715370457619429 2.9365950375795364 7.6885787630453697
leaf_count=23 13 18 44 330 22 64
internal_value=-1.76683e-05 0.0194353 -0.0018458 0.000317454 -0.0212494 0.00462529
internal_weight=68.6266 5.89529 62.7313 60.4718 10.0678 50.4039
internal_count=514 41 473 460 66 394
is_linear=0
shrinkage=0.1


Tree=94
num_leaves=9
num_cat=0
split_feature=0 0 6 4 3 2 1 0
split_gain=0.236505 1.0013 0.688453 2.23754 2.16232 0.686671 2.72223 1.7083
threshold=86.217246332409516 88.085912877693787 20.174441922372335 0.79418945312500011 39.837069461145539 80.876445303554718 89.722615165789279 101.72872321373437
decision_type=2 2 2 2 2 2 2 2
left_child=2 -2 3 4 -1 7 -7 -3
right_child=1 5 -4 -5 -6 6 -8 -9
leaf_value=0.053516988832101903 0.06115992711599904 -0.0334312633443423 0.034788734800830626 -0.091144465048951157 -0.046483611792784742 0.096192917356952443 -0.00091188130988091066 0.026700429069157414
leaf_weight=4.4844344928860647 2.8098023682832709 14.451195627450945 2.6547703966498366 3.3308522664010516 4.1757481433451176 3.2417066022753742 26.382751984521747 7.0193568877875796
leaf_count=32 24 90 19 19 27 24 229 50
internal_value=-2.08076e-05 0.00304085 -0.0112894 -0.021491 0.00529892 -0.000155213 0.00971398 -0.0137724
internal_weight=68.5506 53.9048 14.6458 11.991 8.66018 51.095 29.6245 21.4706
internal_count=514 417 97 78 59 393 253 140
is_linear=0
shrinkage=0.1


Tree=95
num_leaves=6
num_cat=0
split_feature=4 3 4 2 3
split_gain=0.237813 0.975991 0.858712 0.707345 1.01995
threshold=1.4970152531168426 69.809967315489203 1.8402709960937502 64.666176683708088 49.544707487246427
decision_type=2 2 2 2 2
left_child=1 3 -2 -1 -5
right_child=2 -3 -4 4 -6
leaf_value=-0.060742344641066565 0.054966277519036988 -0.058170387515581595 -0.020755912827667825 -0.003324699985345739 0.031522439532895782
leaf_weight=1.8035214245319355 3.1512759067118159 2.9328013919293872 2.8539204671978951 47.345406065694988 10.210729366168378
leaf_count=11 30 24 21 342 86
internal_value=-2.51298e-05 -0.00185728 0.0189799 0.000925 0.00285735
internal_weight=68.2977 62.2925 6.0052 59.3597 57.5561
internal_count=514 463 51 439 428
is_linear=0
shrinkage=0.1


Tree=96
num_leaves=8
num_cat=0
split_feature=6 7 5 7 2 2 2
split_gain=0.216964 0.596136 1.36662 0.886774 1.37924 0.563093 0.500261
threshold=24.791388422250751 21.526656689366863 0.68189875607665873 20.651507789793175 87.692674455130486 99.861385500745683 116.86857402518932
decision_type=2 2 2 2 2 2 2
left_child=1 3 -3 5 -5 -1 -2
right_child=6 2 -4 4 -6 -7 -8
leaf_value=0.00025975945339709632 0.057343525710531765 -0.091137068259526999 0.0065088688942793451 -0.0076690920940118389 0.091581542286857789 -0.043718955687427147 -0.015416988302842067
leaf_weight=49.674399733543396 2.0145662371069188 2.338837392628192 3.7019706107676029 2.947025589644908 2.6674642283469439 3.0926106609404078 1.7797379493713377
leaf_count=345 22 15 35 20 30 29 18
internal_value=-2.32765e-05 -0.00139194 -0.031297 0.00170237 0.0394852 -0.00231778 0.0232148
internal_weight=68.2166 64.4223 6.04081 58.3815 5.61449 52.767 3.7943
internal_count=514 474 50 424 50 374 40
is_linear=0
shrinkage=0.1


Tree=97
num_leaves=9
num_cat=0
split_feature=0 2 7 0 5 5 0 1
split_gain=0.217228 0.899014 1.03881 0.488612 1.77989 1.35061 1.28454 0.796977
threshold=119.63271802895521 96.590865914118055 24.044307841531133 104.64236068725587 0.79153421706366223 0.62670412321130686 102.68359375000001 90.662192921465532
decision_type=2 2 2 2 2 2 2 2
left_child=3 -2 -3 6 5 -5 7 -1
right_child=1 2 -4 4 -6 -7 -8 -9
leaf_value=-0.0053850914734019043 -0.060224579093708736 0.054482972691952139 -0.041670610386508905 0.024918642331800897 0.075798756459860686 -0.065259414321251971 -0.062567023614122197 0.025204651494971631
leaf_weight=35.159026458859444 2.8503718078136435 2.5086692599579692 2.0350316446274519 4.4692064095288497 3.8530759457498789 2.6430346835404634 3.2976545840501776 11.239992476999758
leaf_count=235 17 35 20 38 39 19 21 90
internal_value=-1.76411e-05 -0.0162 0.0114177 0.00195482 0.0210611 -0.00859312 -0.00226089 0.00202516
internal_weight=68.0561 7.39407 4.5437 60.662 10.9653 7.11224 49.6967 46.399
internal_count=514 72 55 442 96 57 346 325
is_linear=0
shrinkage=0.1


Tree=98
num_leaves=5
num_cat=0
split_feature=2 3 3 3
split_gain=0.221596 0.413244 0.800557 0.927173
threshold=69.044447095138167 70.762074613171862 59.336342198867463 55.014926543318815
decision_type=2 2 2 2
left_child=-1 2 3 -2
right_child=1 -3 -4 -5
leaf_value=0.021834685838564356 0.00010640946302568656 -0.042058607585318958 0.04573602000355767 -0.058788062032068704
leaf_weight=4.3455868884921065 54.662094749510288 2.4173113740980616 3.6160574564710251 2.8105187080800524
leaf_count=31 405 23 35 20
internal_value=-1.19162e-05 -0.00150684 9.782e-05 -0.00277364
internal_weight=67.8516 63.506 61.0887 57.4726
internal_count=514 483 460 425
is_linear=0
shrinkage=0.1


Tree=99
num_leaves=11
num_cat=0
split_feature=3 3 3 0 1 0 0 2 1 1
split_gain=0.216069 1.04178 1.72274 1.38716 1.34453 0.742934 1.84835 2.02778 1.6225 1.93969
threshold=36.8606551026513 39.306557792442824 41.147386925433558 93.779274463653579 87.130916660288918 92.549202453489897 94.748122803866877 81.979569281662691 87.350968589703669 85.020753950109267
decision_type=2 2 2 2 2 2 2 2 2 2
left_child=5 3 -3 -2 -4 8 -7 -8 9 -1
right_child=1 2 4 -5 -6 6 7 -9 -10 -11
leaf_value=-0.024460124132325754 0.090162803314441556 -0.068488089760724888 -0.023770036563697437 -0.0092223163404572157 0.021839758742403098 0.078879338932179244 -0.076540139759362635 0.017748208321389757 -0.073960991300018972 0.073019690857213118
leaf_weight=8.7472967058420199 3.0630520954728118 3.4702186733484259 9.8624371923506278 2.5934545882046223 18.752938996069133 3.0708823204040518 3.1647924780845633 8.1667490825057012 4.2720972932875148 2.66264609619975
leaf_count=59 23 21 65 19 172 22 19 66 27 21
internal_value=-1.24733e-05 0.00502665 -0.00194915 0.0445957 0.00612011 -0.00633424 0.0100636 -0.00858564 -0.0213941 -0.00171205
internal_weight=67.8266 37.7421 32.0856 5.65651 28.6154 30.0845 14.4024 11.3315 15.682 11.4099
internal_count=514 300 258 42 237 214 107 85 107 80
is_linear=0
shrinkage=0.1


end of trees

feature_importances:
rushing_yards_L10=111
rushing_yards_std_L5=108
rushing_yards_L3=103
rush_tds_L3=78
rush_attempts_L5=71
rushing_yards_L5=68
rush_attempts_L3=68
rush_tds_L5=52

parameters:
[boosting: gbdt]
[objective: binary]
[metric: binary_logloss]
[tree_learner: serial]
[device_type: cpu]
[data_sample_strategy: bagging]
[data: ]
[valid: ]
[num_iterations: 100]
[learning_rate: 0.1]
[num_leaves: 31]
[num_threads: 2]
[seed: 42]
[deterministic: 0]
[force_col_wise: 0]
[force_row_wise: 0]
[histogram_pool_size: -1]
[max_depth: 4]
[min_data_in_leaf: 20]
[min_sum_hessian_in_leaf: 0.001]
[bagging_fraction: 1]
[pos_bagging_fraction: 1]
[neg_bagging_fraction: 1]
[bagging_freq: 0]
[bagging_seed: 400]
[bagging_by_query: 0]
[feature_fraction: 1]
[feature_fraction_bynode: 1]
[feature_fraction_seed: 30056]
[extra_trees: 0]
[extra_seed: 12879]
[early_stopping_round: 0]
[early_stopping_min_delta: 0]
[first_metric_only: 0]
[max_delta_step: 0]
[lambda_l1: 0]
[lambda_l2: 0]
[linear_lambda: 0]
[min_gain_to_split: 0]
[drop_rate: 0.1]
[max_drop: 50]
[skip_drop: 0.5]
[xgboost_dart_mode: 0]
[uniform_drop: 0]
[drop_seed: 17869]
[top_rate: 0.2]
[other_rate: 0.1]
[min_data_per_group: 100]
[max_cat_threshold: 32]
[cat_l2: 10]
[cat_smooth: 10]
[max_cat_to_onehot: 4]
[top_k: 20]
[monotone_constraints: ]
[monotone_constraints_method: basic]
[monotone_penalty: 0]
[feature_contri: ]
[forcedsplits_filename: ]
[refit_decay_rate: 0.9]
[cegb_tradeoff: 1]
[cegb_penalty_split: 0]
[cegb_penalty_feature_lazy: ]
[cegb_penalty_feature_coupled: ]
[path_smooth: 0]
[interaction_constraints: ]
[verbosity: -1]
[saved_feature_importance_type: 0]
[use_quantized_grad: 0]
[num_grad_quant_bins: 4]
[quant_train_renew_leaf: 0]
[stochastic_rounding: 1]
[linear_tree: 0]
[max_bin: 255]
[max_bin_by_feature: ]
[min_data_in_bin: 3]
[bin_construct_sample_cnt: 200000]
[data_random_seed: 175]
[is_enable_sparse: 1]
[enable_bundle: 1]
[use_missing: 1]
[zero_as_missing: 0]
[feature_pre_filter: 1]
[pre_partition: 0]
[two_round: 0]
[header: 0]
[label_column: ]
[weight_column: ]
[group_column: ]
[ignore_column: ]
[categorical_feature: ]
[forcedbins_filename: ]
[precise_float_parser: 0]
[parser_config_file: ]
[objective_seed: 16083]
[num_class: 1]
[is_unbalance: 0]
[scale_pos_weight: 0.529762]
[sigmoid: 1]
[boost_from_average: 1]
[reg_sqrt: 0]
[alpha: 0.9]
[fair_c: 1]
[poisson_max_delta_step: 0.7]
[tweedie_variance_power: 1.5]
[lambdarank_truncation_level: 30]
[lambdarank_norm: 1]
[label_gain: ]
[lambdarank_position_bias_regularization: 0]
[eval_at: ]
[multi_error_top_k: 1]
[auc_mu_weights: ]
[num_machines: 1]
[local_listen_port: 12400]
[time_out: 120]
[machine_list_filename: ]
[machines: ]
[gpu_platform_id: -1]
[gpu_device_id: -1]
[gpu_use_dp: 0]
[num_gpu: 1]

end of parameters

pandas_categorical:[]
