tree
version=v4
num_class=1
num_tree_per_iteration=1
label_index=0
max_feature_idx=6
objective=binary sigmoid:1
feature_names=rush_tds_L3 rush_tds_L5 rush_tds_L10 rush_tds_std_L5 rush_attempts_L3 rush_attempts_L5 rush_attempts_L10
feature_infos=[0.375:1.312652587890625] [0.70015795241687961:0.99800165963860543] [0.43029960582785459:1.6431254695717501] [0.25546731826224522:1.970587549500685] [1.609619140625:30.64981842041016] [1.5456918077453563:29.04504659019209] [1.4495400271813883:27.049268795485979]
tree_sizes=1055 969 1277 1171 1072 971 1072 1172 964 1071 1174 865 968 1075 871 774 1382 975 866 1074 867 765 1066 1075 974 871 874 1077 1073 1380 970 770 1082 974 1176 980 676 675 871 1182 676 1081 676 1171 1075 978 974 670 672 1076 1074 673 970 1487 780 877 1073 1184 1069 779 673 1288 670 674 668 670 774 1075 875 1388 875 774 1077 774 673 1185 672 1185 674 668 674 670 1189 678 670 668 1285 778 674 678 1082 1080 675 776 1079 1188 872 875 672 986

Tree=0
num_leaves=9
num_cat=0
split_feature=2 0 6 6 6 1 1 0
split_gain=34.411 18.6659 6.88115 9.14571 4.24653 9.38449 9.18428 5.98417
threshold=0.64141644184443825 0.58596868199451679 8.9763934832544461 17.032984037579592 13.947445096149124 0.72610788403604565 0.81488224155331157 1.0027569757075983
decision_type=2 2 2 2 2 2 2 2
left_child=4 -2 -3 -4 5 -1 -7 -6
right_child=1 2 3 -5 7 6 -8 -9
leaf_value=-0.28452521046470841 -0.41007309604360576 -0.3073464246266398 -0.20471975050912219 -0.28110404502632386 -0.36226485910595374 -0.44775234243722384 -0.31600604564869428 -0.23309383799788574
leaf_weight=10.580623880028723 6.1237634271383277 10.408006295561789 71.234896004199982 20.097466126084328 7.115794435143469 14.18791437149048 8.4385024458169919 7.2312195599079132
leaf_count=38 24 38 241 72 27 57 31 25
internal_value=-0.271756 -0.240513 -0.230307 -0.221528 -0.342623 -0.362265 -0.398618 -0.29716
internal_weight=155.418 107.864 101.74 91.3324 47.5541 33.207 22.6264 14.347
internal_count=553 375 351 313 178 126 88 52
is_linear=0
shrinkage=1


Tree=1
num_leaves=8
num_cat=0
split_feature=2 0 1 3 0 1 6
split_gain=27.7122 15.1011 5.76879 7.46 3.98105 6.54108 7.34914
threshold=0.64141644184443825 0.58596868199451679 0.96722074015486237 1.0172842693574304 1.1295354973990472 0.81488224155331157 9.9428723076735821
decision_type=2 2 2 2 2 2 2
left_child=4 -2 3 -3 5 6 -1
right_child=1 2 -4 -5 -6 -7 -8
leaf_value=-0.099850806438891174 -0.098798873909090423 0.08511081138539961 -0.0046945207559663058 0.0083057305166691336 -0.12031843137678688 0.069421794104410336 -0.006987211934784231
leaf_weight=13.829074144363402 6.0087270587682715 76.69724814593792 10.838160663843153 15.143001437187193 5.0578037053346625 6.0908651053905478 22.206965625286102
leaf_count=55 24 258 39 54 20 21 82
internal_value=0.0275052 0.0552872 0.0643043 0.0724469 -0.0364889 -0.0264242 -0.0426242
internal_weight=155.872 108.687 102.678 91.8402 47.1847 42.1269 36.036
internal_count=553 375 351 312 178 158 137
is_linear=0
shrinkage=0.1


Tree=2
num_leaves=11
num_cat=0
split_feature=2 0 6 6 1 6 1 1 3 2
split_gain=22.383 12.2661 5.70563 7.58177 3.46533 6.91526 6.84008 5.93729 2.17569 1.27561
threshold=0.64141644184443825 0.58596868199451679 9.5858703424315159 16.963722440758328 0.72354918659466128 13.947445096149124 0.81488224155331157 0.70747270157929121 0.95959920095452411 0.75843318770289414
decision_type=2 2 2 2 2 2 2 2 2 2
left_child=4 -2 9 -4 7 6 -6 -1 -7 -3
right_child=1 2 3 -5 5 8 -8 -9 -10 -11
leaf_value=-0.051593225084983901 -0.091032328196286288 0.02319549420515965 0.083295274639117525 0.015769055096051442 -0.12324105235972696 -0.03034921400858356 -0.0095711590379442286 0.086088026819827523 0.056960945267635427 -0.038739293660229879
leaf_weight=6.8180035054683668 5.8762018382549277 7.9617387652397138 67.571221306920052 22.054456070065498 14.417396858334543 5.6383083462715131 8.3655064702033979 5.7936842888593674 5.7798244059085846 5.7106338143348694
leaf_count=26 24 28 224 78 60 21 31 20 20 21
internal_value=0.0247001 0.049505 0.0574996 0.0666789 -0.0331485 -0.0496703 -0.0815033 0.0116562 0.0138469 -0.00267323
internal_weight=155.987 109.174 103.298 89.6257 46.8127 34.201 22.7829 12.6117 11.4181 13.6724
internal_count=553 375 351 302 178 132 91 46 41 49
is_linear=0
shrinkage=0.1


Tree=3
num_leaves=10
num_cat=0
split_feature=2 0 6 6 0 0 2 1 4
split_gain=18.153 9.99892 4.58974 6.10484 3.60183 5.37936 7.71736 5.46784 1.13017
threshold=0.64141644184443825 0.58596868199451679 9.5858703424315159 17.032984037579592 1.1295354973990472 1.0027569757075983 0.51486133970136572 0.72610788403604565 6.958858836905919
decision_type=2 2 2 2 2 2 2 2 2
left_child=4 -2 8 -4 5 7 -7 -1 -3
right_child=1 2 3 -5 -6 6 -8 -9 -10
leaf_value=-0.00010906467589126941 -0.084080653651003659 -0.036429133705452359 0.073871091152650739 0.011587429773390268 -0.11085273645635624 -0.073094538302644049 0.068199581244297952 -0.095983676332880241 0.021899798125497309
leaf_weight=11.119156152009966 5.7333953976631156 5.6959409862756711 69.601824447512627 20.334913551807404 4.9474196135997763 5.7690821439027813 11.716199159622191 12.791934654116629 7.9696367383003235
leaf_count=41 24 21 230 72 20 23 41 53 28
internal_value=0.0222383 0.04447 0.0515841 0.0597886 -0.0302114 -0.0205737 0.0215811 -0.0514 -0.00241225
internal_weight=155.68 109.336 103.602 89.9367 46.3438 41.3964 17.4853 23.9111 13.6656
internal_count=553 375 351 302 178 158 64 94 49
is_linear=0
shrinkage=0.1


Tree=4
num_leaves=9
num_cat=0
split_feature=2 0 1 2 0 0 2 1
split_gain=14.7534 8.17238 4.58249 6.91523 3.03109 4.42259 6.25437 4.62837
threshold=0.64141644184443825 0.58596868199451679 0.96722074015486237 0.87842182581532535 1.1295354973990472 1.0027569757075983 0.51486133970136572 0.72610788403604565
decision_type=2 2 2 2 2 2 2 2
left_child=4 -2 3 -3 5 7 -7 -1
right_child=1 2 -4 -5 -6 6 -8 -9
leaf_value=-9.8159726258987838e-05 -0.077782531214895867 0.037319501730555101 -0.014896370573017249 0.09938676890759221 -0.10254040087019388 -0.066927009575678181 0.060777169849791202 -0.088863110627872624
leaf_weight=11.118944734334947 5.585723564028739 68.419820547103882 10.915376618504522 24.335365861654282 4.8202770501375189 5.6756378114223507 11.825943216681479 12.45315510034561
leaf_count=41 24 233 39 79 20 23 41 53
internal_value=0.0200569 0.0400429 0.0463913 0.0536035 -0.0275221 -0.0187182 0.0193636 -0.0469927
internal_weight=155.15 109.256 103.671 92.7552 45.894 41.0737 17.5016 23.5721
internal_count=553 375 351 312 178 158 64 94
is_linear=0
shrinkage=0.1


Tree=5
num_leaves=8
num_cat=0
split_feature=2 0 0 0 0 1 6
split_gain=11.998 6.68586 4.61287 8.56693 2.56209 3.67842 5.31262
threshold=0.64141644184443825 0.58596868199451679 1.1584194301155066 0.93825180147827092 1.1295354973990472 0.81488224155331157 9.9428723076735821
decision_type=2 2 2 2 2 2 2
left_child=4 -2 3 -3 5 6 -1
right_child=1 2 -4 -5 -6 -7 -8
leaf_value=-0.080660707340847085 -0.072021289431315097 0.056643465544941943 0.12460922867836927 -0.0070189792583935668 -0.095166512962184965 0.054093445378996019 0.00046318894052115115
leaf_weight=12.864164173603056 5.4372143000364295 66.377890452742577 6.3082525730133048 31.01399838924408 4.681691348552703 6.1664070188999167 21.672602877020836
leaf_count=55 24 222 20 109 20 21 82
internal_value=0.0181015 0.0360707 0.0417382 0.0363705 -0.0251091 -0.0170511 -0.0297536
internal_weight=154.522 109.137 103.7 97.3919 45.3849 40.7032 34.5368
internal_count=553 375 351 331 178 158 137
is_linear=0
shrinkage=0.1


Tree=6
num_leaves=9
num_cat=0
split_feature=2 0 0 0 1 0 6 1
split_gain=9.7603 5.47579 3.74767 6.9459 2.69071 4.30403 2.97262 5.69151
threshold=0.64141644184443825 0.58596868199451679 1.1584194301155066 0.93825180147827092 0.73478738184933123 0.87323120923640229 13.947445096149124 0.81488224155331157
decision_type=2 2 2 2 2 2 2 2
left_child=4 -2 3 -3 5 -1 7 -6
right_child=1 2 -4 -5 6 -7 -8 -9
leaf_value=-0.043894193439831378 -0.066711406585604316 0.051013662543440363 0.11235166305320538 -0.0063175682648941595 -0.11017915124665677 0.059860312371235375 0.0038798762629367895 0.0002760176633965297
leaf_weight=7.6958317309618023 5.2908210754394522 66.33438067138195 6.2970090955495825 31.011738911271095 11.145471990108495 8.3212807774543744 9.7471273541450483 8.0232435315847379
leaf_count=30 24 222 20 109 51 30 36 31
internal_value=0.0163447 0.0325203 0.0375859 0.0327495 -0.0228708 0.0100088 -0.0410836 -0.0639471
internal_weight=153.867 108.934 103.643 97.3461 44.933 16.0171 28.9158 19.1687
internal_count=553 375 351 331 178 60 118 82
is_linear=0
shrinkage=0.1


Tree=7
num_leaves=10
num_cat=0
split_feature=6 3 5 2 0 1 1 1 1
split_gain=8.28959 6.83989 5.99785 4.08003 3.83466 3.00396 4.28684 3.22542 2.52159
threshold=9.5858703424315159 1.0172842693574304 10.649313594438597 0.64141644184443825 1.1295354973990472 0.77889394658975741 0.89170588110016069 0.75170118134080177 0.79879770338558387
decision_type=2 2 2 2 2 2 2 2 2
left_child=1 5 -2 8 -5 7 -7 -1 -4
right_child=2 -3 3 4 -6 6 -8 -9 -10
leaf_value=0.0032459821124514623 0.10496064706248738 -0.1194294077868695 0.0036265605342147137 0.023994538588385555 0.095315794342221427 0.071127080091574132 -0.037291507393233024 -0.1084444828968255 -0.068300067846256113
leaf_weight=5.6857828497886711 9.065265476703642 6.8096520006656638 19.706837013363842 77.512655839323997 8.3507336825132352 8.1447173207998258 6.6040205508470526 4.7418970167636871 6.4757628887891761
leaf_count=22 30 30 75 268 27 29 25 21 26
internal_value=0.0147651 -0.0305137 0.0267234 0.0203935 0.030931 -0.00646401 0.0225806 -0.0475443 -0.0141631
internal_weight=153.097 31.9861 121.111 112.046 85.8634 25.1764 14.7487 10.4277 26.1826
internal_count=553 127 426 396 295 97 54 43 101
is_linear=0
shrinkage=0.1


Tree=8
num_leaves=8
num_cat=0
split_feature=4 2 1 0 2 2 6
split_gain=7.1727 4.6077 3.87642 3.89102 3.7981 4.07554 2.64795
threshold=4.7679443359375009 0.64141644184443825 0.73478738184933123 0.87323120923640229 0.66257817792249074 0.70079732759766045 13.947445096149124
decision_type=2 2 2 2 2 2 2
left_child=-1 2 3 -2 -3 -6 -4
right_child=1 4 6 -5 5 -7 -8
leaf_value=-0.083698462049619685 -0.024863970848129465 0.097864849720481789 -0.061752068141344776 0.080016265532848074 -0.026199635043184739 0.031991926058416768 0.0052904559744479888
leaf_weight=7.257443591952323 6.7215331047773343 7.4337449371814719 14.918261811137201 7.4669549167156219 14.021226584911345 84.984760895371437 9.736113026738165
leaf_count=32 26 24 66 26 50 293 36
internal_value=0.0133222 0.0181688 -0.0113115 0.0303312 0.028927 0.0237508 -0.0352767
internal_weight=152.54 145.283 38.8429 14.1885 106.44 99.006 24.6544
internal_count=553 521 154 52 367 343 102
is_linear=0
shrinkage=0.1


Tree=9
num_leaves=9
num_cat=0
split_feature=4 2 1 6 6 6 0 4
split_gain=5.93259 3.76249 3.75324 3.58327 8.75324 5.85667 2.72993 2.68109
threshold=4.7679443359375009 0.64005261587457574 0.73478738184933123 17.032984037579592 21.033646174178404 15.575842356741358 0.87323120923640229 13.070869705710937
decision_type=2 2 2 2 2 2 2 2
left_child=-1 2 6 5 -5 -3 -2 -4
right_child=1 3 7 4 -6 -7 -8 -9
leaf_value=-0.077406856523564563 -0.017422674616200458 0.021849894291587322 -0.069570330171021405 -0.049675689824011132 0.087048143699919409 0.086495297590134496 0.071167414208923113 -0.0024193878795330344
leaf_weight=7.0724560320377341 6.4494208395481092 66.79418583214283 11.512691244482996 15.916272625327112 6.6343333423137656 17.735622778534889 7.5509201437234879 12.296090364456175
leaf_count=32 25 231 52 59 22 58 26 48
internal_value=0.0120242 0.0163895 -0.0107296 0.0259651 -0.00945187 0.0354135 0.0303574 -0.0348901
internal_weight=151.962 144.89 37.8091 107.08 22.5506 84.5298 14.0003 23.8088
internal_count=553 521 151 370 81 289 51 100
is_linear=0
shrinkage=0.1


Tree=10
num_leaves=10
num_cat=0
split_feature=6 3 5 3 6 6 1 1 5
split_gain=5.02722 5.91365 4.70875 2.86784 4.28537 3.2994 2.63467 3.87926 2.73953
threshold=9.5858703424315159 1.0172842693574304 10.649313594438597 0.60243200733070024 16.890444891727952 14.877878031159069 0.77889394658975741 0.89170588110016069 6.2216184609981608
decision_type=2 2 2 2 2 2 2 2 2
left_child=1 6 -2 4 -4 -5 8 -8 -1
right_child=2 -3 3 5 -6 -7 7 -9 -10
leaf_value=-0.095470836603183951 0.089854981218077487 -0.11062809394429107 0.0063434260242943132 0.0030086694090283067 -0.092237783315719857 0.042691161835311055 0.07072564780502015 -0.033079127418536816 0.0087609512769325076
leaf_weight=4.9186330139637047 8.9644317924976331 6.4022114723920813 21.720296725630764 40.252368181943893 5.5328845530748358 43.699532479047775 8.0734977871179563 6.4973803758621207 5.1742296814918518
leaf_count=23 30 30 78 146 21 151 29 25 20
internal_value=0.0108651 -0.0249934 0.0201351 0.0145149 -0.0136703 0.0236646 -0.00276435 0.0244375 -0.0420351
internal_weight=151.235 31.066 120.17 111.205 27.2532 83.9519 24.6637 14.5709 10.0929
internal_count=553 127 426 396 99 297 97 54 43
is_linear=0
shrinkage=0.1


Tree=11
num_leaves=7
num_cat=0
split_feature=4 1 1 3 6 0
split_gain=4.43483 2.79439 6.87025 6.48059 2.34385 2.23068
threshold=4.7679443359375009 0.96722074015486237 0.91013383803799441 1.0678432898096302 15.84441913880582 0.93825180147827092
decision_type=2 2 2 2 2 2
left_child=-1 2 3 -2 -3 -4
right_child=1 4 5 -5 -6 -7
leaf_value=-0.069499610554347016 0.014259337896905106 -0.08246561567756823 0.1104054955457974 -0.071388980563479559 0.0096934996662556526 0.045233514518618401
leaf_weight=6.7369534969329825 98.008765518665314 5.3359754383563978 7.4670792520046261 9.7096152454614622 5.7156241536140442 17.703208491206169
leaf_count=32 357 20 24 39 20 61
internal_value=0.00980055 0.0135121 0.0175302 0.00653909 -0.0348031 0.0645676
internal_weight=150.677 143.94 132.889 107.718 11.0516 25.1703
internal_count=553 521 481 396 40 85
is_linear=0
shrinkage=0.1


Tree=12
num_leaves=8
num_cat=0
split_feature=6 3 5 6 6 3 0
split_gain=3.73154 4.95085 3.79156 2.36975 4.64588 2.24195 1.81914
threshold=9.5858703424315159 1.0172842693574304 10.649313594438597 21.584986935486352 17.742801406131829 0.94589434153114449 0.82044984800275433
decision_type=2 2 2 2 2 2 2
left_child=1 5 -2 4 -4 6 -1
right_child=2 -3 3 -5 -6 -7 -8
leaf_value=-0.078410711798666322 0.080001877247404818 -0.10298573975425845 0.016142298129547324 0.071613746120833779 -0.047803543869382875 0.050333839601406319 -0.0028148316619860457
leaf_weight=4.098296985030184 8.795368477702139 6.0956496447324744 91.713983610272408 6.24880826473236 12.968232825398443 6.0882278680801383 14.25693693757057
leaf_count=17 30 30 327 21 48 23 57
internal_value=0.00884362 -0.0223583 0.0168024 0.0117915 0.00822057 -0.00225162 -0.0196936
internal_weight=150.266 30.5391 119.726 110.931 104.682 24.4435 18.3552
internal_count=553 127 426 396 375 97 74
is_linear=0
shrinkage=0.1


Tree=13
num_leaves=9
num_cat=0
split_feature=2 0 1 4 2 3 1 0
split_gain=3.48635 3.112 3.45041 5.24703 4.15668 1.87049 1.71799 2.5002
threshold=0.64005261587457574 0.59769582847366121 0.95956195508006947 14.507366115847846 0.87842182581532535 0.49902788336492138 0.84894584745395096 0.87600719976082941
decision_type=2 2 2 2 2 2 2 2
left_child=5 -2 4 -4 -3 -1 7 -7
right_child=1 2 3 -5 -6 6 -8 -9
leaf_value=-0.079879910743583429 -0.047303579200530715 0.017260726529251071 -0.10235824640866363 0.022494730331440435 0.068723977348913987 -0.033107970926210317 -0.060365625785529786 0.023185309892896647
leaf_weight=4.1808333545923224 6.9278478175401679 65.544913306832314 5.3033321350812903 9.214311018586157 20.635891199111938 13.635022968053816 5.6349103450775138 18.724205359816551
leaf_count=20 30 227 20 32 69 56 24 75
internal_value=0.00797613 0.017526 0.0219861 -0.0231144 0.0295835 -0.0163941 -0.0094082 -0.000534668
internal_weight=149.801 107.626 100.698 14.5176 86.1808 42.175 37.9941 32.3592
internal_count=553 378 348 52 296 175 155 131
is_linear=0
shrinkage=0.1


Tree=14
num_leaves=7
num_cat=0
split_feature=4 2 1 2 3 3
split_gain=3.17418 2.0531 7.03689 7.13546 4.64599 4.40705
threshold=4.7679443359375009 0.72786588543074282 0.96634522191647831 0.7523785704622129 1.0678432898096302 0.49902788336492138
decision_type=2 2 2 2 2 2
left_child=-1 4 3 -3 5 -2
right_child=1 2 -4 -5 -6 -7
leaf_value=-0.061644856074933557 -0.073417111844198343 0.13448715113310258 -0.057966541593252485 0.022954225967336886 -0.091833376184051296 0.014061988007547361
leaf_weight=6.4070408046245566 6.3847434818744651 6.3867086023092261 9.5174284875392896 56.307073071599007 5.304863601922988 58.750585794448853
leaf_count=32 27 20 35 198 23 218
internal_value=0.00721193 0.0103046 0.0221534 0.0343163 -0.00184217 0.00548705
internal_weight=149.058 142.651 72.2112 62.6938 70.4402 65.1353
internal_count=553 521 253 218 268 245
is_linear=0
shrinkage=0.1


Tree=15
num_leaves=6
num_cat=0
split_feature=4 0 2 1 1
split_gain=2.62928 2.20299 2.70428 6.72902 4.52538
threshold=4.7679443359375009 0.58596868199451679 0.72786588543074282 0.96634522191647831 0.92581054148028352
decision_type=2 2 2 2 2
left_child=-1 -2 4 -4 -3
right_child=1 2 3 -5 -6
leaf_value=-0.056987168838520452 -0.058152885819854894 -0.0098991662546507216 0.038481541068946259 -0.052247349646154899 0.082804235913140636
leaf_weight=6.2462870180606833 4.6822262704372397 63.86431497335434 58.437899261713028 9.5039244443178159 5.7389840185642234
leaf_count=32 21 245 200 35 20
internal_value=0.00651288 0.00930165 0.0115979 0.0257901 -0.00225552
internal_weight=148.474 142.227 137.545 67.9418 69.6033
internal_count=553 521 500 235 265
is_linear=0
shrinkage=0.1


Tree=16
num_leaves=12
num_cat=0
split_feature=6 3 1 1 5 4 5 4 3 3 3
split_gain=2.27529 3.26709 2.33433 5.05106 6.66055 4.11642 8.5762 6.11111 3.04372 2.02445 1.74581
threshold=8.9763934832544461 1.0172842693574304 0.89856584366541103 0.95956195508006947 16.571598468253125 17.180159580573676 15.746623501855959 18.927362544976862 0.91356989742395245 0.78252002526582409 0.51084799353425769
decision_type=2 2 2 2 2 2 2 2 2 2 2
left_child=1 9 5 4 -4 6 -2 -7 -5 10 -1
right_child=2 -3 3 8 -6 7 -8 -9 -10 -11 -12
leaf_value=0.0058736148897076028 0.0020928606308329403 -0.091780149187208018 0.089326815510135063 -0.057574620623603537 -0.031160783198176018 0.092432611176930204 -0.11474626922590143 -0.0086944491211782948 0.038084067529958257 0.033041264552009869 -0.07301678085500761
leaf_weight=5.9893796592950874 53.170038551092148 5.2346234917640677 18.363935053348545 7.8006717264652234 6.1160398423671714 10.936228707432749 7.1240370869636527 13.174097642302511 5.7989688664674759 8.7494624555110914 5.2762021422386169
leaf_count=25 197 27 62 29 22 38 28 48 20 35 22
internal_value=0.0058908 -0.0214424 0.0115254 0.0320786 0.0592244 0.00225277 -0.0117122 0.0371759 -0.0167852 -0.00304664 -0.0310745
internal_weight=147.734 25.2497 122.484 38.0796 24.48 84.4044 60.2941 24.1103 13.5996 20.015 11.2656
internal_count=553 109 444 133 84 311 225 86 49 82 47
is_linear=0
shrinkage=0.1


Tree=17
num_leaves=8
num_cat=0
split_feature=0 2 2 6 1 1 0
split_gain=2.11886 2.50104 3.05878 3.04318 1.88985 4.24226 3.00983
threshold=0.58596868199451679 0.64005261587457574 0.66257817792249074 16.963722440758328 0.72354918659466128 0.70747270157929121 0.87521553505303029
decision_type=2 2 2 2 2 2 2
left_child=-1 4 -3 -4 5 -2 -6
right_child=1 2 3 -5 6 -7 -8
leaf_value=-0.058863135655589927 -0.036190210630292617 0.075374405474900083 0.02064181931895713 -0.022917431976320124 -0.10584671070713854 0.083087478512786472 -0.013812675419499194
leaf_weight=4.9691721051931372 6.2831748723983747 8.0067645758390409 72.108614355325699 20.626391008496284 4.1329808905720737 5.6749562174081802 25.339834824204445
leaf_count=24 25 27 253 74 22 20 108
internal_value=0.00532417 0.00756762 0.0160733 0.0109532 -0.0131145 0.0204153 -0.0267186
internal_weight=147.142 142.173 100.742 92.735 41.4309 11.9581 29.4728
internal_count=553 529 354 327 175 45 130
is_linear=0
shrinkage=0.1


Tree=18
num_leaves=7
num_cat=0
split_feature=6 3 6 4 4 1
split_gain=2.07195 3.15106 3.62029 5.0436 3.98812 2.90707
threshold=21.584986935486352 1.0678432898096302 17.742801406131829 21.185894553998171 17.13730484247208 0.85548666244111626
decision_type=2 2 2 2 2 2
left_child=1 2 4 -4 -1 -3
right_child=-2 5 3 -5 -6 -7
leaf_value=0.0044182416645608758 0.061766037591465608 -0.097253420264297452 -0.1068827882264488 0.023254490403054526 0.055780718382682642 0.00091702985033368625
leaf_weight=98.442003555595875 6.1191105693578711 5.8351863548159582 6.3130797296762449 5.6374594569206238 17.860090747475624 6.2444362640380859
leaf_count=374 21 26 25 20 63 24
internal_value=0.0048051 0.00232135 0.00692014 -0.0454928 0.0123058 -0.0465052
internal_weight=146.451 140.332 128.253 11.9505 116.302 12.0796
internal_count=553 532 482 45 437 50
is_linear=0
shrinkage=0.1


Tree=19
num_leaves=9
num_cat=0
split_feature=4 0 4 6 1 6 0 0
split_gain=1.91387 1.91385 4.63677 7.16494 4.2657 6.45067 2.81216 1.93678
threshold=4.7679443359375009 0.93712690663960541 13.070869705710937 11.502032431777275 0.85548666244111626 16.169223415381872 1.0092773437500002 0.82252599298954021
decision_type=2 2 2 2 2 2 2 2
left_child=-1 4 3 -3 5 -2 -4 -6
right_child=1 2 6 -5 7 -7 -8 -9
leaf_value=-0.051117219651673942 0.022748770330824297 -0.0052776859861474327 -0.034997796318636629 -0.12435039418706598 0.020182309243271059 -0.051025695916267703 0.032408645938239555 0.082562162419684934
leaf_weight=5.9713859260082236 45.173761062324047 17.024622857570652 8.0985050797462446 7.1866893470287314 8.6217850446701068 16.067616209387779 26.252920269966125 11.774747386574743
leaf_count=32 168 68 30 29 31 62 93 40
internal_value=0.00432761 0.0066891 -0.00710565 -0.0406223 0.0165847 0.00339291 0.0165173 0.0561937
internal_weight=146.172 140.201 58.5627 24.2113 81.6379 61.2414 34.3514 20.3965
internal_count=553 521 220 97 301 230 123 71
is_linear=0
shrinkage=0.1


Tree=20
num_leaves=7
num_cat=0
split_feature=2 2 2 3 3 3
split_gain=1.79589 5.52839 2.94906 2.32523 6.5153 3.7901
threshold=0.51486133970136572 0.46648966622768034 0.54119878989291814 0.60243200733070024 0.62659278455638867 0.53000812935544006
decision_type=2 2 2 2 2 2
left_child=1 -1 -2 5 -5 -4
right_child=2 -3 3 4 -6 -7
leaf_value=0.040928927819580352 0.091657612028598873 -0.10313539777372967 -0.00017073478016624261 0.12836047144106336 0.006522951717097273 -0.080657336597841897
leaf_weight=5.018778629601 3.9965055361390105 5.6764710247516632 26.117845684289932 4.6072855293750754 92.668700717389584 7.539585903286933
leaf_count=20 15 28 100 15 346 29
internal_value=0.00391116 -0.0355328 0.00703769 0.00445482 0.0122935 -0.0182005
internal_weight=145.625 10.6952 134.93 130.933 97.276 33.6574
internal_count=553 48 505 490 361 129
is_linear=0
shrinkage=0.1


Tree=21
num_leaves=6
num_cat=0
split_feature=6 0 6 4 6
split_gain=1.68408 2.75021 2.16665 5.55523 3.49614
threshold=21.584986935486352 0.55481150746345531 17.742801406131829 21.185894553998171 14.877878031159069
decision_type=2 2 2 2 2
left_child=1 -1 4 -4 -3
right_child=-2 2 3 -5 -6
leaf_value=-0.092709602940188401 0.05506950742114336 -0.0030307843403681641 -0.10146404654245714 0.032806100749031925 0.034516102523146089
leaf_weight=3.0456954389810553 6.0723337829112998 89.71004942804575 6.3775319010019285 5.9619152992963791 34.274127095937729
leaf_count=16 21 349 25 21 121
internal_value=0.0035179 0.0012718 0.0033715 -0.0365902 0.00734866
internal_weight=145.442 139.369 136.324 12.3394 123.984
internal_count=553 532 516 46 470
is_linear=0
shrinkage=0.1


Tree=22
num_leaves=9
num_cat=0
split_feature=2 0 0 3 6 4 0 0
split_gain=1.5173 5.70196 4.87335 3.03627 2.55077 3.43723 2.21681 2.15512
threshold=0.87842182581532535 0.91827836370794114 0.61687695980072033 1.044601978752131 17.870433695923051 17.13730484247208 1.012367276475981 0.81311035156250011
decision_type=2 2 2 2 2 2 2 2
left_child=3 2 -2 4 5 -1 -5 -4
right_child=1 -3 7 6 -6 -7 -8 -9
leaf_value=-0.00031759126781701253 -0.037703239379830181 -0.042181249412382486 0.04849835145838291 -0.014161257903819469 -0.047746075583951463 0.050187834814453214 -0.10054237652099968 0.12348409810026253
leaf_weight=77.836976177990437 4.626210078597075 9.1810833215713483 9.4490546435117704 7.3990661427378637 8.8435708135366422 16.29635389149189 4.9641628339886665 6.4484446048736563
leaf_count=300 21 34 33 30 34 58 21 22
internal_value=0.00317057 0.0233246 0.052628 -0.00201991 0.0036019 0.0084259 -0.0488456 0.0789145
internal_weight=145.045 29.7048 20.5237 115.34 102.977 94.1333 12.3632 15.8975
internal_count=553 110 76 443 392 358 51 55
is_linear=0
shrinkage=0.1


Tree=23
num_leaves=9
num_cat=0
split_feature=2 2 4 4 3 2 5 1
split_gain=1.46273 2.84009 3.54932 3.25273 1.61566 3.4089 2.52772 2.15097
threshold=0.64005261587457574 0.66257817792249074 6.7578125000000009 10.018501131795349 1.0000450607266238 0.51486133970136572 15.263572927149925 0.72742722718343045
decision_type=2 2 2 2 2 2 2 2
left_child=4 -2 -3 -4 6 -6 7 -1
right_child=1 2 3 -5 5 -7 -8 -9
leaf_value=0.030495141291829887 0.067028567101948183 -0.070486584649226677 0.059148468956603674 0.0021216447055695639 -0.05332995481503492 0.048951810203644038 -0.078788845106519234 -0.03731886409962859
leaf_weight=8.0202075242996269 7.8461649417877188 5.9295112937688819 11.46356564760208 78.453549817204475 4.9699525013566008 9.4625053927302343 7.1215353161096564 11.221612833440302
leaf_count=30 27 25 41 285 24 38 29 54
internal_value=0.00287449 0.00918549 0.00445036 0.00939202 -0.0131665 0.0137301 -0.0278909 -0.00905322
internal_weight=144.489 103.693 95.8466 89.9171 40.7958 14.4325 26.3634 19.2418
internal_count=553 378 351 326 175 62 113 84
is_linear=0
shrinkage=0.1


Tree=24
num_leaves=8
num_cat=0
split_feature=6 3 5 3 3 3 2
split_gain=1.35749 3.54351 2.52355 2.33026 3.62847 1.51635 2.36258
threshold=9.5858703424315159 1.0172842693574304 10.649313594438597 1.112842114189305 1.0678432898096302 0.94589434153114449 0.69369275464421831
decision_type=2 2 2 2 2 2 2
left_child=1 5 -2 4 -4 6 -1
right_child=2 -3 3 -5 -6 -7 -8
leaf_value=0.014875741582429412 0.061593486766621242 -0.090052800043980696 0.004282989168151132 0.062719033632304924 -0.079419278254304101 0.043391982594357642 -0.060117264688887201
leaf_weight=10.587301328778276 8.0110951811075193 5.3735503926873198 95.350740849971771 6.237871602177619 5.4765041172504416 5.9892700910568228 6.9642937406897536
leaf_count=47 30 30 351 23 22 23 27
internal_value=0.00258985 -0.0167805 0.00745689 0.00340615 -0.00026336 -5.49694e-05 -0.0148807
internal_weight=143.991 28.9144 115.076 107.065 100.827 23.5409 17.5516
internal_count=553 127 426 396 373 97 74
is_linear=0
shrinkage=0.1


Tree=25
num_leaves=7
num_cat=0
split_feature=1 2 3 3 1 4
split_gain=1.33081 1.3952 4.27158 3.72525 3.12771 3.4045
threshold=0.70358722910379912 0.70079732759766045 0.49902788336492138 1.044601978752131 0.96634522191647831 6.7578125000000009
decision_type=2 2 2 2 2 2
left_child=-1 2 -2 -4 5 -3
right_child=1 4 3 -5 -6 -7
leaf_value=-0.064716515790505205 -0.084795758398973631 -0.06409076608037477 0.010010853387069788 -0.079545899648452476 -0.040325084907961731 0.025389095626057678
leaf_weight=2.9006572142243376 6.4388879984617224 4.5434300601482382 48.385542452335358 5.1379229649901381 9.9110807776451093 66.312877357006073
leaf_count=12 30 19 190 25 37 240
internal_value=0.00233054 0.00371248 -0.00784343 0.00141396 0.0122917 0.0196515
internal_weight=143.63 140.73 59.9624 53.5235 80.7674 70.8563
internal_count=553 541 245 215 296 259
is_linear=0
shrinkage=0.1


Tree=26
num_leaves=7
num_cat=0
split_feature=0 2 2 2 1 1
split_gain=1.35971 1.49749 4.59425 3.4437 2.89068 3.90058
threshold=0.58596868199451679 0.72786588543074282 0.7523785704622129 0.77898603512891373 0.92581054148028352 0.84894584745395096
decision_type=2 2 2 2 2 2
left_child=-1 4 -3 -4 5 -2
right_child=1 2 3 -5 -6 -7
leaf_value=-0.051013207075480384 -0.0012540593081821715 0.090798857577714748 -0.050723351737328171 0.015998216572403683 0.063551019054881461 -0.06718212299837624
leaf_weight=4.6630168408155432 56.180479682981968 7.0956474095582953 9.1595745980739576 49.75804577767849 5.5132050961256018 10.68002976477146
leaf_count=24 228 24 34 180 20 43
internal_value=0.00209889 0.00388853 0.0147805 0.00562541 -0.00604627 -0.0117851
internal_weight=143.05 138.387 66.0133 58.9176 72.3737 66.8605
internal_count=553 529 238 214 291 271
is_linear=0
shrinkage=0.1


Tree=27
num_leaves=9
num_cat=0
split_feature=3 3 5 3 2 2 0 5
split_gain=1.1619 4.11066 4.53543 4.08303 3.04922 3.0502 2.69016 2.52903
threshold=0.60243200733070024 0.53000812935544006 15.263572927149925 0.63100103156338949 0.88005801901311542 0.71281567367467225 0.61687695980072033 6.3032492180866813
decision_type=2 2 2 2 2 2 2 2
left_child=1 2 7 -2 5 -5 -6 -1
right_child=3 -3 -4 4 6 -7 -8 -9
leaf_value=-0.035598107974329454 0.090575973560295286 -0.074082081701882158 -0.052771008211455694 0.0093278273062823366 -0.034615284710651943 -0.03158844780408631 0.051349411882809538 0.050295596393442998
leaf_weight=4.3882158696651521 5.5787414461374274 8.5581105947494489 9.371310353279112 45.582287415862083 4.5291096717119244 30.350845277309418 18.550135299563408 15.664459630846975
leaf_count=21 19 33 37 186 21 113 67 56
internal_value=0.00189808 -0.0130823 0.00465972 0.00733819 0.00264825 -0.00702661 0.0344796 0.0314991
internal_weight=142.573 37.9821 29.424 104.591 99.0124 75.9331 23.0792 20.0527
internal_count=553 147 114 406 387 299 88 77
is_linear=0
shrinkage=0.1


Tree=28
num_leaves=9
num_cat=0
split_feature=1 1 1 3 3 3 4 1
split_gain=1.12709 2.80199 2.632 2.76507 4.43683 2.83831 1.10608 2.75488
threshold=0.96634522191647831 0.98234552078885762 0.91013383803799441 1.0678432898096302 1.112842114189305 1.0400202072986262 15.877283822393567 0.94950232331080897
decision_type=2 2 2 2 2 2 2 2
left_child=2 -2 3 5 -5 -1 7 -4
right_child=1 -3 6 4 -6 -7 -8 -9
leaf_value=-0.0015340519464870613 -0.080491854618873926 0.019372507581991587 0.083494213028443925 -0.13002970840452496 0.010913821323805424 0.07072615845409165 0.0025744989600967904 -0.0032625754982815898
leaf_weight=93.675791300833225 5.4119491279125196 5.8429980427026749 9.5793153345584887 4.2137289792299253 4.7525869011878967 5.7706361413002005 7.0514129102230063 5.9233661293983451
leaf_count=365 21 21 35 20 21 22 26 22
internal_value=0.00171993 -0.0286473 0.00432962 -0.00213637 -0.0553227 0.00265903 0.0354102 0.0503456
internal_weight=142.222 11.2549 130.967 108.413 8.96632 99.4464 22.5541 15.5027
internal_count=553 42 511 428 41 387 83 57
is_linear=0
shrinkage=0.1


Tree=29
num_leaves=12
num_cat=0
split_feature=6 5 1 0 6 0 6 3 1 0 0
split_gain=1.17057 5.11771 3.9474 3.11288 2.89701 3.17494 3.13738 2.37006 1.84265 1.81546 1.55496
threshold=14.877878031159069 14.52160205405143 0.95956195508006947 1.0158691567241933 16.890444891727952 0.81311035156250011 18.552362668082448 0.63905386460841884 0.90736515095024584 1.0155154471285643 0.98312989291088948
decision_type=2 2 2 2 2 2 2 2 2 2 2
left_child=1 2 3 -1 7 6 -6 -2 -7 -9 -3
right_child=4 10 -4 -5 5 8 -8 9 -10 -11 -12
leaf_value=0.021664486177719166 -0.0058708763587161433 -0.10476438060349838 -0.081225160507446534 -0.025807663752300543 -0.10694873309260851 0.054622515516545206 -0.0015425469080596419 0.087942117199460657 -0.015547522603398284 0.023600140165667669 -0.030105415510257541
leaf_weight=54.35221254825592 8.699038967490198 5.7800004929304105 5.1214864552021018 18.519360564649105 5.2177501171827334 7.6247573941946012 6.1546763628721237 9.3991678357124346 7.3495684564113617 8.2208219170570356 5.3921841531991959
leaf_count=215 32 24 20 79 22 27 23 34 27 30 20
internal_value=0.00155058 -0.00543143 0.00363594 0.00960006 0.0133714 -0.0100699 -0.0499037 0.0368374 0.0201823 0.0579226 -0.0687307
internal_weight=141.831 89.1652 77.9931 72.8716 52.6658 26.3468 11.3724 26.319 14.9743 17.62 11.1722
internal_count=553 358 314 294 195 99 45 96 54 64 44
is_linear=0
shrinkage=0.1


Tree=30
num_leaves=8
num_cat=0
split_feature=4 4 4 4 2 0 0
split_gain=1.15526 5.17463 3.51743 3.48539 3.20599 2.42611 2.43382
threshold=17.13730484247208 18.927362544976862 16.093488733271801 21.185894553998171 0.70079732759766045 0.59769582847366121 0.88032034039497387
decision_type=2 2 2 2 2 2 2
left_child=2 4 5 -3 -2 -1 -7
right_child=1 3 -4 -5 -6 6 -8
leaf_value=-0.076107160086342732 0.0045207256354610889 -0.061989148503265971 -0.0602574424821056 0.022318650382200798 0.095511710597165608 0.023414126281662156 -0.0093486905585701309
leaf_weight=3.8136963322758666 6.4733616858720806 9.2888001948595065 10.011610731482504 10.38693957030773 9.6369369924068433 40.99513753503561 50.734484098851681
leaf_count=20 25 36 39 38 33 157 205
internal_value=0.00139919 0.0169262 -0.0038649 -0.0174826 0.0589502 0.00204425 0.00529343
internal_weight=141.341 35.786 105.555 19.6757 16.1103 95.5433 91.7296
internal_count=553 132 421 74 58 382 362
is_linear=0
shrinkage=0.1


Tree=31
num_leaves=6
num_cat=0
split_feature=2 2 2 2 3
split_gain=1.11493 4.53759 2.64346 2.62845 1.27245
threshold=0.51486133970136572 0.46648966622768034 0.54502847937130505 0.56574253268175989 1.0172842693574304
decision_type=2 2 2 2 2
left_child=1 -1 -2 -4 -5
right_child=2 -3 3 4 -6
leaf_value=0.038238947253041049 0.07258169303200665 -0.094801689864495844 -0.069207902239885419 0.0086103311224024186 -0.0182749420445967
leaf_weight=4.9641982913017255 5.3523938879370681 5.3014241084456444 5.1400958746671668 98.70748745650053 21.425023555755615
leaf_count=20 21 28 22 375 87
internal_value=0.00126591 -0.0304666 0.00375972 0.000819236 0.00381548
internal_weight=140.891 10.2656 130.625 125.273 120.133
internal_count=553 48 505 484 462
is_linear=0
shrinkage=0.1


Tree=32
num_leaves=9
num_cat=0
split_feature=3 3 5 3 3 2 2 0
split_gain=1.09561 3.41945 3.72522 3.24872 2.82582 2.10035 2.60763 2.08791
threshold=0.60243200733070024 0.53000812935544006 16.818807450635482 0.63100103156338949 0.51442927083734602 0.88005801901311542 0.71281567367467225 0.61687695980072033
decision_type=2 2 2 2 2 2 2 2
left_child=1 2 4 -2 -1 6 -5 -7
right_child=3 -3 -4 5 -6 7 -8 -9
leaf_value=0.00046743682647178061 0.081514587924423898 -0.069227576017954276 -0.075756441480457612 0.0094734774617757089 0.081964449180203861 -0.03265220641933135 -0.028527800919206925 0.044350326376253697
leaf_weight=18.598107308149345 5.4620623141527167 8.5117151886224729 4.9968916475772849 45.145831450819969 5.5166464895009986 4.3826052397489574 30.094036519527435 17.917327091097832
leaf_count=75 19 33 20 186 19 21 113 67
internal_value=0.00113078 -0.0134738 0.00282758 0.00646538 0.0191112 0.00226276 -0.00572607 0.029217
internal_weight=140.625 37.6234 29.1116 103.002 24.1148 97.5398 75.2399 22.2999
internal_count=553 147 114 406 94 387 299 88
is_linear=0
shrinkage=0.1


Tree=33
num_leaves=8
num_cat=0
split_feature=4 4 4 1 0 3 4
split_gain=1.0315 4.78599 2.83188 2.25896 1.88795 1.58915 1.91048
threshold=17.13730484247208 17.629733209556438 16.093488733271801 0.70654992153110874 0.88032034039497387 0.9731604362571582 18.927362544976862
decision_type=2 2 2 2 2 2 2
left_child=2 -2 3 -1 -5 6 -3
right_child=1 5 -4 4 -6 -7 -8
leaf_value=-0.063711567882949724 0.095572470308057086 0.025952167825094786 -0.054648836387295709 0.021383704106224265 -0.007823804484810893 0.031941965884993477 -0.040028347443550653
leaf_weight=5.0494323223829261 6.2010469436645499 6.653241962194449 9.9729811549186689 39.521935001015663 50.293858267366886 9.7005191147327405 12.891923174262045
leaf_count=22 22 25 39 156 204 35 50
internal_value=0.00102679 0.0157737 -0.00395927 0.00136961 0.00502847 -0.00114624 -0.0175684
internal_weight=140.285 35.4467 104.838 94.8652 89.8158 29.2457 19.5452
internal_count=553 132 421 382 360 110 75
is_linear=0
shrinkage=0.1


Tree=34
num_leaves=10
num_cat=0
split_feature=0 4 4 0 4 4 4 5 1
split_gain=0.998911 4.17445 5.07519 3.14937 3.46238 2.00686 4.86586 1.5266 1.33876
threshold=1.0786117911338808 14.098135146079587 9.7270507812500018 1.0158691567241933 13.249075185540086 19.814919155654064 17.180159580573676 21.307987022978729 0.86301737027993275
decision_type=2 2 2 2 2 2 2 2 2
left_child=3 2 -2 5 -5 6 -1 -7 -6
right_child=1 -3 -4 4 8 7 -8 -9 -10
leaf_value=0.00052389091446532155 0.047076362111298356 0.064492986544042952 -0.08703845179756145 -0.099152183133189437 0.027509096125236662 -0.058364778876036444 0.070981429890520517 0.010194342236517627 -0.042866029777158823
leaf_weight=75.407437928020954 5.4605466797947901 10.912270560860632 5.8385926187038422 6.5893168821930912 5.481560602784155 8.3129424303770048 11.266190409660338 5.3304008394479743 5.3329098373651505
leaf_count=301 22 39 25 32 20 32 42 20 20
internal_value=0.000927913 0.020379 -0.0222246 -0.00274209 -0.0420111 0.00407062 0.00968225 -0.031579 -0.00719479
internal_weight=139.932 22.2114 11.2991 117.721 17.4038 100.317 86.6736 13.6433 10.8145
internal_count=553 86 47 467 72 395 343 52 40
is_linear=0
shrinkage=0.1


Tree=35
num_leaves=8
num_cat=0
split_feature=0 3 3 1 1 6 1
split_gain=0.85967 1.01306 2.74588 3.77707 1.74197 5.4862 2.64146
threshold=0.55481150746345531 0.60243200733070024 0.53000812935544006 0.8137160077069634 0.77702556020469038 12.038035726737673 0.83367734504943536
decision_type=2 2 2 2 2 2 2
left_child=-1 2 3 -2 5 -3 -6
right_child=1 4 -4 -5 6 -7 -8
leaf_value=-0.050358774354714787 -0.027020124135249429 -0.037926905463042948 -0.062147330031340042 0.046713485971928467 -0.029111019059630629 0.061299465991611041 0.012093397975378303
leaf_weight=3.2052288204431525 17.255328729748729 8.1710777655243891 8.4481662809848768 11.629940092563627 22.427393279969692 17.518230304121971 50.795120641589165
leaf_count=18 72 40 33 42 91 64 193
internal_value=0.000831459 0.00203573 -0.0119999 0.00266689 0.00733336 0.0297382 -0.000527142
internal_weight=139.45 136.245 37.3334 28.8853 98.9118 25.6893 73.2225
internal_count=553 535 147 114 388 104 284
is_linear=0
shrinkage=0.1


Tree=36
num_leaves=5
num_cat=0
split_feature=6 0 1 1
split_gain=0.863623 1.54896 1.25188 1.92078
threshold=21.584986935486352 0.55481150746345531 0.96634522191647831 0.91013383803799441
decision_type=2 2 2 2
left_child=1 -1 3 -3
right_child=-2 2 -4 -5
leaf_value=-0.077312231645275814 0.038921139734908114 -0.0023340661280996625 -0.033182281988795886 0.030893320270719428
leaf_weight=2.5995936170220366 5.6848967075347892 99.524884536862373 10.096583783626555 21.082878306508064
leaf_count=16 21 397 39 80
internal_value=0.000750255 -0.000877586 0.000642632 0.00347426
internal_weight=138.989 133.304 130.704 120.608
internal_count=553 532 516 477
is_linear=0
shrinkage=0.1


Tree=37
num_leaves=5
num_cat=0
split_feature=2 2 2 0
split_gain=0.851407 4.00553 2.05558 1.36213
threshold=0.46648966622768034 0.51486133970136572 0.54119878989291814 1.0786117911338808
decision_type=2 2 2 2
left_child=-1 -2 -3 -4
right_child=1 2 3 -5
leaf_value=0.041679006125771079 -0.088679151981419096 0.072768763087616831 -0.0043043680298129206 0.023966148692163264
leaf_weight=4.8856727555394164 4.9954450875520697 4.0422774851322165 104.37170539051294 20.369441077113152
leaf_count=20 28 15 413 77
internal_value=0.000675822 -0.000821636 0.00258631 0.000312029
internal_weight=138.665 133.779 128.783 124.741
internal_count=553 533 505 490
is_linear=0
shrinkage=0.1


Tree=38
num_leaves=7
num_cat=0
split_feature=6 6 2 6 1 1
split_gain=0.725829 1.21387 3.96165 3.738 2.62417 2.11134
threshold=21.584986935486352 16.890444891727952 0.7093640891852554 16.367032360076077 0.96722074015486237 0.93887523745823465
decision_type=2 2 2 2 2 2
left_child=1 3 -3 4 -1 -4
right_child=-2 2 5 -5 -6 -7
leaf_value=0.0022670035311742414 0.035720646171266218 0.042494017937044555 -0.085967531774512801 0.075785714343372862 -0.068389343486211882 -0.0062981097748732468
leaf_weight=100.63422308862209 5.6452333331108084 6.2444723844528225 8.1680959239602071 6.6640063971281043 5.54610252380371 5.6117703467607489
leaf_count=408 21 23 34 24 22 21
internal_value=0.000601743 -0.000890365 -0.0235804 0.003136 -0.00142358 -0.0535226
internal_weight=138.514 132.869 20.0243 112.844 106.18 13.7799
internal_count=553 532 78 454 430 55
is_linear=0
shrinkage=0.1


Tree=39
num_leaves=10
num_cat=0
split_feature=2 2 4 4 3 5 6 3 0
split_gain=0.698932 2.52892 2.07204 1.94559 1.57767 1.99722 1.65651 1.6551 0.0379008
threshold=0.64005261587457574 0.65978178663155551 6.7578125000000009 8.563295441743902 1.0000450607266238 15.263572927149925 13.009815026569969 0.83080714585567073 1.0625754106045113
decision_type=2 2 2 2 2 2 2 2 2
left_child=4 -2 -3 -4 5 7 8 -1 -6
right_child=1 2 3 -5 6 -7 -8 -9 -10
leaf_value=0.013803044528595994 0.064076592239849517 -0.058092467143108131 0.065959768009097711 0.00085942938959580537 -0.020626794137072683 -0.071713972257875694 0.055992031267467039 -0.047853558303342147 -0.0064236877283896238
leaf_weight=12.005492180585867 6.7564710080623618 5.629510171711444 4.8641250133514395 81.684009402990341 4.1923054680228216 6.8197929412126532 6.0126342922449112 6.8310270905494681 3.4045912772417068
leaf_count=51 24 25 18 311 24 29 22 33 16
internal_value=0.000542709 0.00502292 0.000694377 0.00451816 -0.0107456 -0.0253447 0.0167762 -0.0085566 -0.0142616
internal_weight=138.2 98.9341 92.1776 86.5481 39.2658 25.6563 13.6095 18.8365 7.5969
internal_count=553 378 354 329 175 113 62 84 40
is_linear=0
shrinkage=0.1


Tree=40
num_leaves=5
num_cat=0
split_feature=2 2 2 2
split_gain=0.852954 2.52925 1.74578 2.02488
threshold=0.45258974364584409 0.51486133970136572 0.54502847937130505 0.56574253268175989
decision_type=2 2 2 2
left_child=-1 -2 -3 -4
right_child=1 2 3 -5
leaf_value=0.049222219521205646 -0.063299430283681291 0.057949825001059198 -0.062920501209122098 0.0024151659873108727
leaf_weight=3.4998419359326354 6.1741128787398329 5.3863979130983344 4.9426252096891394 117.74364791065454
leaf_count=13 35 21 22 462
internal_value=0.00048619 -0.000784369 0.00222935 -0.000216993
internal_weight=137.747 134.247 128.073 122.686
internal_count=553 540 505 484
is_linear=0
shrinkage=0.1


Tree=41
num_leaves=9
num_cat=0
split_feature=3 3 1 3 3 6 5 3
split_gain=0.724201 2.4508 3.08262 4.79149 1.78353 1.47922 2.67313 1.21884
threshold=0.60243200733070024 0.53000812935544006 0.8137160077069634 0.49902788336492138 0.63507306381007977 5.5661084072188975 8.0324252824519622 0.42656906115480026
decision_type=2 2 2 2 2 2 2 2
left_child=1 2 3 -1 -2 -6 -7 -4
right_child=4 -3 7 -5 5 6 -8 -9
leaf_value=-0.095731122672882973 0.057182011432888979 -0.058973068719735455 0.0097047812381903104 0.014959772182822548 0.052930410618633177 -0.074438860245536809 0.0025135438274284994 0.074955679889304919
leaf_weight=6.0774961262941423 6.1114435344934455 8.4133932292461378 5.6821224838495237 10.968290537595747 5.2685792446136466 4.7689681723713866 84.484851360321045 5.7693188041448593
leaf_count=30 22 33 21 42 28 21 335 21
internal_value=0.000431813 -0.0115495 0.00245163 -0.0245059 0.00482633 0.00144122 -0.00159814 0.0425787
internal_weight=137.544 36.9106 28.4972 17.0458 100.634 94.5224 89.2538 11.4514
internal_count=553 147 114 72 406 384 356 42
is_linear=0
shrinkage=0.1


Tree=42
num_leaves=5
num_cat=0
split_feature=2 2 2 2
split_gain=0.699581 2.20679 1.38906 1.69725
threshold=0.45258974364584409 0.51486133970136572 0.54502847937130505 0.56574253268175989
decision_type=2 2 2 2
left_child=-1 -2 -3 -4
right_child=1 2 3 -5
leaf_value=0.04437660331933363 -0.059670338061292488 0.051666149318724958 -0.058054983351236045 0.0022318368636432841
leaf_weight=3.5216905623674384 6.0734354853630057 5.3985901027917853 4.8633124828338614 117.38166034221649
leaf_count=13 35 21 22 462
internal_value=0.000382095 -0.000776583 0.00202565 -0.000166574
internal_weight=137.239 133.717 127.644 122.245
internal_count=553 540 505 484
is_linear=0
shrinkage=0.1


Tree=43
num_leaves=10
num_cat=0
split_feature=0 4 4 0 4 5 6 6 1
split_gain=0.697359 3.10019 4.08931 2.76644 2.58253 2.07056 3.37753 3.19953 1.9823
threshold=1.0786117911338808 14.098135146079587 9.7270507812500018 1.0158691567241933 12.794233224239216 13.507647611261191 12.038035726737673 14.877878031159069 0.84894584745395096
decision_type=2 2 2 2 2 2 2 2 2
left_child=3 2 -2 5 -5 6 -1 -7 -6
right_child=1 -3 -4 4 8 7 -8 -9 -10
leaf_value=0.0020177898411514726 0.0418462333854214 0.05528738277211849 -0.080200072129284442 -0.099916827285727053 0.03132056796500958 -0.051974647439158889 0.060816645488239555 0.004901631766238374 -0.050954396955064943
leaf_weight=35.261286057531834 5.379034101963045 10.64125221967697 5.6071727275848389 5.0589824765920666 5.2473694533109647 13.62742407619953 13.513089910149573 36.069436587393284 6.6265061646699905
leaf_count=150 22 39 25 27 20 54 50 141 25
internal_value=0.000338873 0.0168177 -0.0204441 -0.00274936 -0.0400864 0.00367101 0.0183082 -0.0106945 -0.014595
internal_weight=137.032 21.6275 10.9862 115.404 16.9329 98.4712 48.7744 49.6969 11.8739
internal_count=553 86 47 467 72 395 200 195 45
is_linear=0
shrinkage=0.1


Tree=44
num_leaves=9
num_cat=0
split_feature=1 4 1 4 3 3 3 5
split_gain=0.659196 2.65868 1.77815 2.55501 1.89223 2.46022 1.86435 1.59424
threshold=0.95956195508006947 14.507366115847846 0.91013383803799441 15.237201113588528 1.0678432898096302 1.0400202072986262 1.1273114554158956 11.348390933965296
decision_type=2 2 2 2 2 2 2 2
left_child=2 -2 4 7 5 -1 -6 -4
right_child=1 -3 3 -5 6 -7 -8 -9
leaf_value=-0.0023521222901924841 -0.077098352454782276 0.013611776439976228 0.018734824609894393 -0.014803870055559141 -0.095174997383272897 0.066637259525906462 -0.0017920933325953443 0.094937899193473133
leaf_weight=90.26835273206234 5.1726502925157538 8.6084334999322873 4.9057988971471804 7.2781632393598548 4.1864414438605291 5.483013615012168 4.3691895455121994 6.2343477159738541
leaf_count=365 21 32 20 29 21 22 20 23
internal_value=0.000301742 -0.0204357 0.0026304 0.0312754 -0.00242768 0.00159842 -0.0474862 0.0613803
internal_weight=136.506 13.7811 122.725 18.4183 104.307 95.7514 8.55563 11.1401
internal_count=553 53 500 72 428 387 41 43
is_linear=0
shrinkage=0.1


Tree=45
num_leaves=8
num_cat=0
split_feature=0 3 3 5 1 6 1
split_gain=0.636669 0.752113 2.0763 2.86482 1.60787 3.33214 1.86032
threshold=0.58596868199451679 0.60243200733070024 0.53000812935544006 16.818807450635482 0.77702556020469038 12.038035726737673 0.83367734504943536
decision_type=2 2 2 2 2 2 2
left_child=-1 2 3 -2 5 -3 -6
right_child=1 4 -4 -5 6 -7 -8
leaf_value=-0.038003328891136508 0.01670302232365984 -0.026559197823688974 -0.054426325580716577 -0.068332627592546977 -0.025552272294155572 0.053974265918110789 0.0094071577685762801
leaf_weight=4.2111637890338889 23.38280434161425 7.4929530918598202 8.3727791905403119 4.7700174003839484 21.965917363762856 16.345237493515015 49.57509645819664
leaf_count=24 94 38 33 20 91 60 193
internal_value=0.000273112 0.00149512 -0.0107071 0.00229518 0.00616798 0.0286605 -0.00132677
internal_weight=136.116 131.905 36.5256 28.1528 95.3792 23.8382 71.541
internal_count=553 529 147 114 382 98 284
is_linear=0
shrinkage=0.1


Tree=46
num_leaves=8
num_cat=0
split_feature=6 3 4 0 3 4 6
split_gain=0.620317 1.31788 2.98448 3.35938 2.91719 2.62775 2.00721
threshold=21.584986935486352 1.0172842693574304 9.7270507812500018 1.0620617885142567 0.94589434153114449 10.810977414681476 17.742801406131829
decision_type=2 2 2 2 2 2 2
left_child=1 4 -3 -4 6 -6 -1
right_child=-2 2 3 -5 5 -7 -8
leaf_value=0.0016831810311453777 0.032976559173081413 -0.094898233996561027 0.019354730132155037 -0.071778311101218142 0.096645816246497984 0.012714311746271474 -0.048085737657772208
leaf_weight=79.918080292642117 5.5532202124595633 4.5646028146147755 14.858204267919065 5.5579506158828726 5.8068643063306835 10.430671349167822 9.0179654210805875
leaf_count=319 21 27 62 24 22 41 37
internal_value=0.00024537 -0.00115115 -0.0217982 -0.00545469 0.00375293 0.0427299 -0.0033633
internal_weight=135.708 130.154 24.9808 20.4162 105.174 16.2375 88.936
internal_count=553 532 113 86 419 63 356
is_linear=0
shrinkage=0.1


Tree=47
num_leaves=5
num_cat=0
split_feature=5 5 6 6
split_gain=0.918699 1.93747 1.15261 1.72514
threshold=3.4358504100695622 4.5898649735584858 6.1253955972583256 7.6892589118183343
decision_type=2 2 2 2
left_child=-1 -2 -3 -4
right_child=1 2 3 -5
leaf_value=0.060031072194722791 -0.084355395383856849 0.049319492601311243 -0.053710352000991161 0.0016087881096618784
leaf_weight=2.5196242034435263 2.726184904575347 4.7233572602272025 5.9164335131645194 119.49555292725563
leaf_count=13 18 21 27 474
internal_value=0.00021207 -0.000922355 0.00082547 -0.00100095
internal_weight=135.381 132.862 130.135 125.412
internal_count=553 540 522 501
is_linear=0
shrinkage=0.1


Tree=48
num_leaves=5
num_cat=0
split_feature=5 5 5 6
split_gain=0.726717 1.61877 1.93203 2.96987
threshold=3.4358504100695622 6.2216184609981608 7.4477132300042115 7.8702501681682113
decision_type=2 2 2 2
left_child=-1 -2 -3 -4
right_child=1 2 3 -5
leaf_value=0.052798675555620005 -0.046935642463019539 0.069536441431346838 -0.085528276562708228 0.0024112324180453671
leaf_weight=2.5751187950372687 7.2040235102176657 4.0751731842756262 3.9701543971896163 117.44301372021437
leaf_count=13 39 15 21 465
internal_value=0.00018358 -0.000837505 0.00180889 -0.000464349
internal_weight=135.267 132.692 125.488 121.413
internal_count=553 540 501 486
is_linear=0
shrinkage=0.1


Tree=49
num_leaves=9
num_cat=0
split_feature=0 2 2 0 0 5 6 6
split_gain=0.642609 1.79021 2.79266 1.07215 3.72213 2.10427 2.50836 2.0558
threshold=0.71707790857643017 0.87842182581532535 0.7523785704622129 0.79699664237159606 0.81311035156250011 11.898246701166979 15.394176392447799 16.367032360076077
decision_type=2 2 2 2 2 2 2 2
left_child=1 2 -1 5 -5 -2 -7 -6
right_child=3 -3 -4 4 7 6 -8 -9
leaf_value=0.012949905597870329 -0.025147384805080542 0.01804905173858996 -0.092823413599697535 -0.081230065620800734 -0.0041236504921243469 0.087335968530213345 -0.0027346247463384808 0.032533863534594684
leaf_weight=4.5268240794539469 5.7252354547381428 7.9619167670607558 5.5643218606710434 5.4952686429023734 73.941117882728577 7.0786819607019407 5.4897329658269882 19.289832353591919
leaf_count=19 25 35 24 24 308 25 21 72
internal_value=0.000158052 -0.0174027 -0.0453742 0.00286721 -0.00125312 0.0251036 0.0479942 0.00346093
internal_weight=135.073 18.0531 10.0911 117.02 98.7262 18.2937 12.5684 93.231
internal_count=553 78 43 475 404 71 46 380
is_linear=0
shrinkage=0.1


Tree=50
num_leaves=9
num_cat=0
split_feature=6 6 3 6 3 4 5 4
split_gain=0.652126 3.95174 3.03616 3.69084 3.23522 2.26068 4.39613 1.99219
threshold=12.46961202087831 12.901667877133496 1.0096877808717448 12.038035726737673 1.0400202072986262 13.070869705710937 14.28839085132296 11.246093750000002
decision_type=2 2 2 2 2 2 2 2
left_child=2 -2 3 7 -4 -3 -7 -1
right_child=1 5 4 -5 -6 6 -8 -9
leaf_value=0.02544733899816027 -0.094429672651412958 -0.052445801886175092 -0.10989692982334494 0.10371220436867644 0.0042484843614546746 0.072743602186006381 -0.0039511858255618882 -0.022888484004284573
leaf_weight=26.813829213380814 4.712442807853221 7.4243571013212195 4.042792893946169 4.7143650799989691 6.4360016360878944 8.5448544323444349 59.622663915157318 12.502901718020437
leaf_count=114 21 31 24 17 33 30 233 50
internal_value=0.000146799 -0.00558336 0.0085885 0.0201018 -0.0397896 -4.46224e-05 0.00566257 0.0100763
internal_weight=134.814 80.3043 54.5099 44.0311 10.4788 75.5919 68.1675 39.3167
internal_count=553 315 238 181 57 294 263 164
is_linear=0
shrinkage=0.1


Tree=51
num_leaves=5
num_cat=0
split_feature=2 2 2 2
split_gain=0.683172 2.63506 1.01717 1.31423
threshold=0.46648966622768034 0.51486133970136572 0.54502847937130505 0.5849624772769757
decision_type=2 2 2 2
left_child=-1 -2 -3 -4
right_child=1 2 3 -5
leaf_value=0.037214258011623751 -0.07743721227465139 0.044260936713425361 -0.040100120015985521 0.0022939701958428231
leaf_weight=4.7911966145038596 4.3848829306662074 5.3091597557067862 7.8217510208487502 112.29851430654526
leaf_count=20 28 21 37 447
internal_value=0.000131439 -0.00123722 0.00142666 -0.000466563
internal_weight=134.606 129.814 125.429 120.12
internal_count=553 533 505 484
is_linear=0
shrinkage=0.1


Tree=52
num_leaves=8
num_cat=0
split_feature=1 3 1 4 3 3 5
split_gain=0.63528 2.18906 1.30454 2.12514 1.62431 1.4774 1.32509
threshold=0.95956195508006947 0.91356989742395245 0.91013383803799441 15.237201113588528 1.0719863178768183 1.0400202072986262 11.348390933965296
decision_type=2 2 2 2 2 2 2
left_child=2 -2 4 6 5 -1 -4
right_child=1 -3 3 -5 -6 -7 -8
leaf_value=-0.0018515031147723208 -0.055407214510556815 0.025581668546600052 0.016209884855961157 -0.014699432327897683 -0.04800291583265956 0.04776386201332089 0.086544439737826856
leaf_weight=89.114085081964731 7.7166289240121824 5.8808036744594574 4.8311664462089556 7.2607579529285422 7.1255657300353041 6.4349747374653807 6.0117806941270828
leaf_count=365 31 22 20 29 35 28 23
internal_value=0.000112148 -0.02038 0.00241919 0.0271696 -0.00194482 0.00148996 0.0552063
internal_weight=134.376 13.5974 120.778 18.1037 102.675 95.5491 10.8429
internal_count=553 53 500 72 428 393 43
is_linear=0
shrinkage=0.1


Tree=53
num_leaves=13
num_cat=0
split_feature=3 3 3 4 4 4 2 1 3 4 2 4
split_gain=0.584822 2.51175 4.77748 1.73525 4.0963 3.30522 3.00349 4.1137 1.54531 1.49814 1.47198 1.09448
threshold=0.72912615344938081 0.84517733699580677 0.8777412870897221 14.018094979578111 17.341168755214905 19.32359628151676 0.84876725089361771 0.71993387325255798 0.5425269209275313 12.895555033186502 0.89694927769481125 17.13730484247208
decision_type=2 2 2 2 2 2 2 2 2 2 2 2
left_child=3 9 -3 6 8 -6 7 -1 -5 -2 -4 -11
right_child=1 2 10 4 5 -7 -8 -9 -10 11 -12 -13
leaf_value=-0.051913067321094186 0.0020585905957137725 -0.081379812644416752 -0.0017969292026857244 -0.034450740314036069 0.070468708420222029 -0.033895714592686234 -0.049075753661597395 0.048676404088671861 -0.10775475288765222 0.091677229335068458 0.04063784384772292 0.028899665488258643
leaf_weight=5.2788872793316903 7.0077029913663891 7.0774819403886786 45.048054102808237 5.7643605321645754 5.4129213988780958 6.906338095664978 7.0463311821222296 17.689560726284981 5.7389551550149918 5.7012285739183408 9.9866024851798993 5.4147092700004578
leaf_count=23 28 30 195 23 21 28 29 69 24 20 42 21
internal_value=0.000105024 0.00551504 -0.00404234 -0.00795773 -0.0281095 0.0119606 0.00803661 0.0255577 -0.0710218 0.0382695 0.0059033 0.0610975
internal_weight=134.073 80.2358 62.1121 53.8374 23.8226 12.3193 30.0148 22.9684 11.5033 18.1236 55.0347 11.1159
internal_count=553 336 267 217 96 49 121 92 47 69 237 41
is_linear=0
shrinkage=0.1


Tree=54
num_leaves=6
num_cat=0
split_feature=2 2 1 1 0
split_gain=0.594917 1.64841 0.775443 1.71597 1.18718
threshold=0.45258974364584409 0.48962488705261381 0.71780206022694948 0.72610788403604565 0.76675444841384899
decision_type=2 2 2 2 2
left_child=-1 -2 4 -4 -3
right_child=1 2 3 -5 -6
leaf_value=0.040881147378648341 -0.070385923185116855 0.012467910670354236 0.066712652746525589 0.00079303377029871875 -0.057544505676242544
leaf_weight=3.4845412597060195 3.3350444063544264 4.3857996165752393 4.0918013378977767 113.09609271585941 5.4088555946946144
leaf_count=13 23 20 16 458 23
internal_value=0.000103194 -0.000987161 0.000835515 0.00309472 -0.0261947
internal_weight=133.802 130.318 126.983 117.188 9.79466
internal_count=553 540 517 474 43
is_linear=0
shrinkage=0.1


Tree=55
num_leaves=7
num_cat=0
split_feature=3 1 3 3 1 3
split_gain=0.594628 5.36008 0.988517 1.32583 3.32583 1.6284
threshold=0.49902788336492138 0.8137160077069634 0.51860786677774418 0.60243200733070024 0.76424940030942634 0.63507306381007977
decision_type=2 2 2 2 2 2
left_child=1 -1 -2 4 -4 -5
right_child=2 -3 3 5 -6 -7
leaf_value=-0.09170161855193415 0.034324932303904522 0.032449257564628554 0.023676282708823739 0.054135309109965717 -0.07870253075936795 0.00045225269886227512
leaf_weight=5.9523073211312285 8.9695801585912687 8.3641527593135816 5.9918278604745847 6.0219725072383872 6.7450116276741028 91.603822011500597
leaf_count=30 36 31 23 22 27 384
internal_value=8.90297e-05 -0.0191685 0.00239939 -0.000195318 -0.0305402 0.00376365
internal_weight=133.649 14.3165 119.332 110.363 12.7368 97.6258
internal_count=553 61 492 456 50 406
is_linear=0
shrinkage=0.1


Tree=56
num_leaves=9
num_cat=0
split_feature=1 4 1 4 3 3 3 5
split_gain=0.572058 1.9644 1.06014 1.92606 1.41395 1.75514 1.55932 1.12224
threshold=0.95956195508006947 14.507366115847846 0.91013383803799441 15.237201113588528 1.0678432898096302 1.0400202072986262 1.1273114554158956 11.348390933965296
decision_type=2 2 2 2 2 2 2 2
left_child=2 -2 4 7 5 -1 -6 -4
right_child=1 -3 3 -5 6 -7 -8 -9
leaf_value=-0.0015202309605595345 -0.0691771406509539 0.0098711645783294815 0.016099650333341198 -0.015075269867130234 -0.086819116626461579 0.057965249119727683 0.00039718957338491262 0.081231030484824371
leaf_weight=88.497490309178829 4.9987656772136679 8.471412241458891 4.8382935076951998 7.2507313489913932 3.9413974359631521 5.2545870766043654 4.2715907618403435 5.8371017277240753
leaf_count=365 21 32 20 29 21 22 20 23
internal_value=7.58772e-05 -0.0194636 0.0022712 0.0246981 -0.0016716 0.00181379 -0.0414578 0.0517122
internal_weight=133.361 13.4702 119.891 17.9261 101.965 93.7521 8.21299 10.6754
internal_count=553 53 500 72 428 387 41 43
is_linear=0
shrinkage=0.1


Tree=57
num_leaves=10
num_cat=0
split_feature=6 6 3 1 0 0 4 5 1
split_gain=0.557997 3.14489 2.76927 3.12076 2.75588 2.62983 1.97828 3.08155 1.60062
threshold=12.46961202087831 12.901667877133496 1.0172842693574304 0.77889394658975741 0.87323120923640229 1.0158691567241933 13.070869705710937 14.28839085132296 0.76952699329621388
decision_type=2 2 2 2 2 2 2 2 2
left_child=2 -2 3 8 -5 -4 -3 -8 -1
right_child=1 6 5 4 -6 -7 7 -9 -10
leaf_value=0.0025876037431575411 -0.085389211060139414 -0.049774520875126654 0.00096856551986781135 0.092697652508651515 0.020427042406042477 -0.10778646144586992 0.062353833065123411 -0.0029360920398855592 -0.067995188576634433
leaf_weight=12.181675031781198 4.6132685989141455 7.2957916110754004 5.6862546131014806 7.0776910781860378 20.732082590460777 3.6511280462145805 8.2356982380151731 59.13831390440464 4.3637823462486258
leaf_count=51 21 31 28 26 85 25 30 233 23
internal_value=6.89967e-05 -0.00526186 0.00794059 0.0183605 0.0388202 -0.0415571 -0.000311407 0.00504485 -0.0160283
internal_weight=132.976 79.2831 53.6926 44.3552 27.8098 9.33738 74.6698 67.374 16.5455
internal_count=553 315 238 185 111 53 294 263 74
is_linear=0
shrinkage=0.1


Tree=58
num_leaves=9
num_cat=0
split_feature=0 4 6 0 5 0 0 4
split_gain=0.560356 2.16868 2.98727 2.0769 2.04712 1.94554 1.75734 1.8804
threshold=1.0786117911338808 14.098135146079587 8.7129049597151553 1.0158691567241933 15.556543435677716 1.0586925132188301 1.0046386718750002 19.814919155654064
decision_type=2 2 2 2 2 2 2 2
left_child=3 2 -2 6 5 -5 7 -1
right_child=1 -3 -4 4 -6 -7 -8 -9
leaf_value=0.005508942341138922 0.034619472149568668 0.047248094361171 -0.072018390858835796 -0.11546536776664339 0.0055644707575645824 -0.023244931408465713 0.061164194531586585 -0.035827644065164192
leaf_weight=77.80906767398119 5.4238090589642542 10.478225022554396 5.0943013727664948 4.3480965793132764 6.7634528875350943 4.8274598121643066 4.8970936685800543 12.817581236362455
leaf_count=326 24 39 23 24 25 23 18 51
internal_value=6.24902e-05 0.0150484 -0.0170291 -0.00276043 -0.0361775 -0.0669462 0.00281552 -0.000337407
internal_weight=132.459 20.9963 10.5181 111.463 15.939 9.17556 95.5237 90.6266
internal_count=553 86 47 467 72 47 395 377
is_linear=0
shrinkage=0.1


Tree=59
num_leaves=6
num_cat=0
split_feature=5 1 2 2 2
split_gain=0.614443 1.38842 0.892845 5.48224 2.18897
threshold=21.477975918305145 0.96634522191647831 0.72786588543074282 0.7523785704622129 0.71281567367467225
decision_type=2 2 2 2 2
left_child=1 2 4 -4 -1
right_child=-2 -3 3 -5 -6
leaf_value=-0.00093239578964987883 0.033770343867214836 -0.038570225382324706 0.10575597555542034 0.00026547608424366213 -0.069799813759989754
leaf_weight=60.020286470651627 5.1919668018817893 9.2783409431576711 5.5014655441045752 47.130814999341965 4.9999057799577704
leaf_count=264 20 38 20 191 20
internal_value=5.17444e-05 -0.00132748 0.00160957 0.011292 -0.00622814
internal_weight=132.123 126.931 117.652 52.6323 65.0202
internal_count=553 533 495 211 284
is_linear=0
shrinkage=0.1


Tree=60
num_leaves=5
num_cat=0
split_feature=5 5 6 6
split_gain=0.57723 1.41994 0.874856 2.11282
threshold=3.4358504100695622 4.5898649735584858 6.4171615850546342 7.6892589118183343
decision_type=2 2 2 2
left_child=-1 -2 -3 -4
right_child=1 2 3 -5
leaf_value=0.047004433141566292 -0.076279916539423731 0.037892849009996246 -0.070751429579460165 0.0012455827542107228
leaf_weight=2.5676556453108779 2.4501742683351031 5.9867016822099677 4.2235316857695571 116.67722487822175
leaf_count=13 18 27 21 474
internal_value=5.42475e-05 -0.000877824 0.000578177 -0.00126955
internal_weight=131.905 129.338 126.887 120.901
internal_count=553 540 522 495
is_linear=0
shrinkage=0.1


Tree=61
num_leaves=11
num_cat=0
split_feature=0 2 2 6 4 2 1 3 5 0
split_gain=0.549713 1.32926 2.20922 0.982391 3.90462 2.47617 2.42002 1.7953 2.03976 1.51628
threshold=0.71707790857643017 0.87842182581532535 0.7523785704622129 14.877878031159069 13.806927708584917 0.62723890979669783 0.70654992153110874 0.70788365826930055 17.397044016047705 0.87532481085509073
decision_type=2 2 2 2 2 2 2 2 2 2
left_child=1 2 -1 4 6 -6 -2 9 -9 -5
right_child=3 -3 -4 7 5 -7 -8 8 -10 -11
leaf_value=0.012049019216627162 -0.077713189078649825 0.014543606872271631 -0.082736607048215324 -0.040636153067189817 0.00010353142297268409 -0.079748768154322025 0.012873501060870896 0.060083537059693617 0.00053812518530605064 0.018639290384193929
leaf_weight=4.4312475398182887 3.1189006417989722 7.8189213201403609 5.5247369408607483 8.159354932606222 6.4854206964373615 9.6787938922643644 54.170033685863018 12.765291616320612 10.472287416458128 9.160428434610365
leaf_count=19 14 35 24 34 28 38 237 50 39 35
internal_value=4.23848e-05 -0.0163146 -0.0405491 0.00259253 -0.00430509 -0.0477104 0.00794182 0.0150848 0.0332487 -0.00928539
internal_weight=131.785 17.7749 9.95598 114.011 73.4531 16.1642 57.2889 40.5574 23.2376 17.3198
internal_count=553 78 43 475 317 66 251 158 89 69
is_linear=0
shrinkage=0.1


Tree=62
num_leaves=5
num_cat=0
split_feature=4 4 5 0
split_gain=0.557371 3.01654 1.93338 1.43775
threshold=21.185894553998171 19.814919155654064 17.713566819259309 0.58596868199451679
decision_type=2 2 2 2
left_child=1 2 3 -1
right_child=-2 -3 -4 -5
leaf_value=-0.075170878846395034 0.022903720369966796 -0.0668073642029932 0.060300677528150451 0.00088532172185971545
leaf_weight=2.544640287756919 9.864887058734892 6.7446745485067359 5.4205158948898307 106.95126401260495
leaf_count=17 38 27 21 450
internal_value=4.26752e-05 -0.00181101 0.00200375 -0.000882193
internal_weight=131.526 121.661 114.916 109.496
internal_count=553 515 488 467
is_linear=0
shrinkage=0.1


Tree=63
num_leaves=5
num_cat=0
split_feature=4 2 2 2
split_gain=0.683461 1.23059 3.31341 0.652175
threshold=4.7679443359375009 0.46648966622768034 0.51486133970136572 0.54502847937130505
decision_type=2 2 2 2
left_child=-1 -2 -3 -4
right_child=1 2 3 -5
leaf_value=-0.036790615992670334 0.055049988920941345 -0.10077144942450694 0.038818363089245918 0.00083026741048210315
leaf_weight=4.8535476811230174 4.1427873596549025 3.2007807940244666 4.705062396824359 114.45234666392207
leaf_count=32 16 21 19 465
internal_value=3.51487e-05 0.00144807 -0.000366779 0.00233027
internal_weight=131.355 126.501 122.358 119.157
internal_count=553 521 505 484
is_linear=0
shrinkage=0.1


Tree=64
num_leaves=5
num_cat=0
split_feature=4 6 6 5
split_gain=0.563368 1.20249 1.09537 1.43478
threshold=4.7679443359375009 6.1253955972583256 7.6892589118183343 10.268980791141962
decision_type=2 2 2 2
left_child=-1 -2 -3 -4
right_child=1 2 3 -5
leaf_value=-0.033699066820339539 0.049318206500589323 -0.04441249686777507 0.033622311420355183 -0.0024593798977425654
leaf_weight=4.773308675736188 5.0081661865115157 5.4699675887823096 12.333456277847288 103.54620402306318
leaf_count=32 22 26 53 420
internal_value=2.45759e-05 0.00129852 -0.000683274 0.00138091
internal_weight=131.131 126.358 121.35 115.88
internal_count=553 521 499 473
is_linear=0
shrinkage=0.1


Tree=65
num_leaves=5
num_cat=0
split_feature=5 5 5 6
split_gain=0.625972 1.26781 2.30007 1.95321
threshold=3.4358504100695622 6.2216184609981608 7.1652657585696264 7.8702501681682113
decision_type=2 2 2 2
left_child=-1 -2 -3 -4
right_child=1 2 3 -5
leaf_value=0.04904961679998502 -0.043086242308892159 0.085410428868913063 -0.068313084650700504 0.0015811354211760016
leaf_weight=2.5532012954354277 6.766179170459508 3.1730144768953314 4.1430109478533259 114.39789410680532
leaf_count=13 39 12 23 466
internal_value=1.96098e-05 -0.000954732 0.00138739 -0.000861671
internal_weight=131.033 128.48 121.714 118.541
internal_count=553 540 501 489
is_linear=0
shrinkage=0.1


Tree=66
num_leaves=6
num_cat=0
split_feature=3 1 3 4 5
split_gain=0.534378 4.40446 1.62862 1.17086 3.17731
threshold=0.49902788336492138 0.8137160077069634 0.50938416396717023 5.5566406250000009 8.0324252824519622
decision_type=2 2 2 2 2
left_child=1 -1 -2 -4 -5
right_child=2 -3 3 4 -6
leaf_value=-0.085655458765623943 0.060946240870425862 0.028595665203376502 0.044678416279627049 -0.071325342900673022 0.0018412347762713343
leaf_weight=5.7409410774707785 4.5386985987424842 8.1847534477710706 5.5384703837335101 6.3074119910597792 100.57117791101336
leaf_count=30 18 31 31 30 413
internal_value=1.27524e-05 -0.018505 0.00221762 -0.000153474 -0.00247667
internal_weight=130.881 13.9257 116.956 112.417 106.879
internal_count=553 61 492 474 443
is_linear=0
shrinkage=0.1


Tree=67
num_leaves=9
num_cat=0
split_feature=1 3 4 6 1 4 6 4
split_gain=0.504274 1.91129 0.761913 2.95516 4.2131 1.7607 2.10769 1.53689
threshold=0.95956195508006947 0.91356989742395245 13.956424910575153 14.837185329909579 0.76719564268927487 13.070869705710937 13.097061622526658 17.13730484247208
decision_type=2 2 2 2 2 2 2 2
left_child=2 -2 5 4 -4 6 -1 -5
right_child=1 -3 3 7 -6 -7 -8 -9
leaf_value=0.0097493038646347153 -0.051723616611670367 0.024931340767811186 0.031528736288976233 -0.01798720849194315 -0.076508724970282743 0.049182622062745575 -0.053500458342604251 0.02330024161450121
leaf_weight=46.001465991139412 7.5034298375248891 5.7417641878128052 5.3176769539713886 14.018398791551588 11.237152941524981 9.569758862257002 5.949962079524993 25.264901116490364
leaf_count=212 31 22 21 59 47 37 26 98
internal_value=2.40103e-06 -0.0184939 0.00208989 -0.00636759 -0.0418054 0.00976611 0.00250535 0.00856665
internal_weight=130.605 13.2452 117.359 55.8381 16.5548 61.5212 51.9514 39.2833
internal_count=553 53 500 225 68 275 238 157
is_linear=0
shrinkage=0.1


Tree=68
num_leaves=7
num_cat=0
split_feature=0 3 5 4 4 0
split_gain=0.513628 1.35956 2.09219 0.807586 1.60068 1.15661
threshold=0.71707790857643017 0.98639693675923801 15.644752721947663 21.185894553998171 19.814919155654064 0.89159852266311657
decision_type=2 2 2 2 2 2
left_child=1 2 -1 4 5 -2
right_child=3 -3 -4 -5 -6 -7
leaf_value=0.039040876281376799 0.015632768409987695 -0.05752562001955619 -0.044682840397879259 0.033435601936898512 -0.049874726125626413 -0.0061928029689200846
leaf_weight=6.8737199790775794 42.6708526276052 5.4243340641260138 5.2754350081086159 7.8420003950595847 6.0250476896762839 56.336991965770721
leaf_count=28 174 27 23 30 24 247
internal_value=3.68358e-06 -0.0158992 0.00268616 0.0024796 0.000168348 0.00321368
internal_weight=130.448 17.5735 12.1492 112.875 105.033 99.0078
internal_count=553 78 51 475 445 421
is_linear=0
shrinkage=0.1


Tree=69
num_leaves=12
num_cat=0
split_feature=3 3 3 2 6 1 3 3 2 5 4
split_gain=0.573327 1.67482 3.88532 1.65024 2.9986 2.65579 5.83812 3.87482 1.31815 1.28356 1.1868
threshold=0.72912615344938081 0.84517733699580677 0.8777412870897221 0.61179907353733431 11.953806268462158 0.80240746513242811 0.57092305679206656 0.57092305679206656 0.77339098269202589 12.134068776912345 16.166615044698123
decision_type=2 2 2 2 2 2 2 2 2 2 2
left_child=3 9 -3 4 -1 7 -7 -5 -4 -2 -11
right_child=1 2 8 5 -6 6 -8 -9 -10 10 -12
leaf_value=0.0012900861768800978 -0.0070467252455875158 -0.072845784644332834 0.019226322561812739 -0.011931568665405456 -0.10818806086989557 0.022572328291016547 -0.078080200329715951 0.079533210133253873 -0.013063008240235022 0.084224524702289361 0.02139018232029781
leaf_weight=6.0589445158839208 5.6012100577354458 6.9452586323022834 32.537540208548307 10.418997049331667 4.2615342661738396 13.075817286968233 10.303593710064886 8.3386658802628499 20.677440583705902 5.6637774407863599 6.4056629836559296
leaf_count=28 23 30 150 43 21 51 42 32 87 21 25
internal_value=3.16394e-06 0.00544915 -0.00250107 -0.008077 -0.0439157 0.000700829 -0.0217865 0.0287288 0.00667984 0.0325159 0.0508762
internal_weight=130.288 77.8309 60.1602 52.4576 10.3205 42.1371 23.3794 18.7577 53.215 17.6707 12.0694
internal_count=553 336 267 217 49 168 93 75 237 69 46
is_linear=0
shrinkage=0.1


Tree=70
num_leaves=7
num_cat=0
split_feature=5 4 2 4 1 0
split_gain=0.521817 1.25452 3.84798 2.02415 2.61132 2.46214
threshold=21.477975918305145 18.927362544976862 0.74973852697291632 17.180159580573676 0.70358722910379912 0.93712690663960541
decision_type=2 2 2 2 2 2
left_child=1 3 -3 4 -1 -5
right_child=-2 2 -4 5 -6 -7
leaf_value=-0.11622316442346842 0.031270306874874317 0.022212966234491406 -0.084892646638744462 0.077205311744350344 -0.00053790642254910616 -0.0068808053267135696
leaf_weight=1.9919324666261662 5.1284925639629355 6.8603316992521268 6.5636234283447266 7.4274070113897306 95.434625841677189 6.5560432747006416
leaf_count=10 20 26 28 29 414 26
internal_value=7.96624e-06 -0.00127637 -0.0301562 0.0022034 -0.00290315 0.0377821
internal_weight=129.962 124.834 13.424 111.41 97.4266 13.9835
internal_count=553 533 54 479 424 55
is_linear=0
shrinkage=0.1


Tree=71
num_leaves=6
num_cat=0
split_feature=1 1 3 2 2
split_gain=0.504916 2.03538 0.841479 2.36606 2.32549
threshold=0.98621058182148758 0.96634522191647831 1.0172842693574304 0.5849624772769757 0.5849624772769757
decision_type=2 2 2 2 2
left_child=1 2 3 -1 -4
right_child=-2 -3 4 -5 -6
leaf_value=-0.033550226247542385 0.031328100183004241 -0.061632734691252911 0.029870782725269232 0.012030486597317987 -0.036497933873091797
leaf_weight=13.225950017571448 4.9499857723712912 5.3411576822400084 7.7775807604193714 81.970782406628132 16.43681214004755
leaf_count=65 19 23 41 329 76
internal_value=5.48195e-06 -0.00123735 0.00146408 0.00569783 -0.0151805
internal_weight=129.702 124.752 119.411 95.1967 24.2144
internal_count=553 534 511 394 117
is_linear=0
shrinkage=0.1


Tree=72
num_leaves=9
num_cat=0
split_feature=0 4 4 0 4 1 0 2
split_gain=0.525847 1.721 2.87625 1.60403 1.96068 1.66743 1.34754 1.74842
threshold=1.0786117911338808 14.098135146079587 9.7270507812500018 1.0158691567241933 12.794233224239216 0.84894584745395096 1.0046386718750002 0.70079732759766045
decision_type=2 2 2 2 2 2 2 2
left_child=3 2 -2 6 -5 -6 7 -1
right_child=1 -3 -4 4 5 -7 -8 -9
leaf_value=-0.019445310259717838 0.039194198325092251 0.043755527132332328 -0.066372274244710899 -0.090231803974388569 0.03356932175993612 -0.044046130338966809 0.053794177584502501 0.0098756157761706806
leaf_weight=31.656042709946632 5.1100244484841841 10.224655926227568 5.2147105559706688 4.2678214050829402 4.8563045412301999 6.4363770037889481 4.7999132126569739 56.877718217670918
leaf_count=144 22 39 25 27 20 25 18 233
internal_value=2.60152e-06 0.0146747 -0.0141242 -0.00276617 -0.0324905 -0.0106684 0.00218944 -0.000608345
internal_weight=129.444 20.5494 10.3247 108.894 15.5605 11.2927 93.3337 88.5338
internal_count=553 86 47 467 72 45 395 377
is_linear=0
shrinkage=0.1


Tree=73
num_leaves=6
num_cat=0
split_feature=1 1 3 4 2
split_gain=0.793353 2.1156 0.733679 2.28407 1.81564
threshold=0.98821357271045407 0.96634522191647831 1.0172842693574304 9.7270507812500018 0.5849624772769757
decision_type=2 2 2 2 2
left_child=1 2 4 -4 -1
right_child=-2 -3 3 -5 -6
leaf_value=-0.029374258551553352 0.0409633757290516 -0.061453236164788455 -0.082958440539155021 -0.00043273380006640281 0.010825946502857162
leaf_weight=13.027910597622393 4.5598924756050101 5.6208721026778212 4.029556896537545 19.996831133961678 81.636988431215286
leaf_count=65 17 25 27 90 329
internal_value=-3.5601e-06 -0.00150627 0.00133265 -0.0142734 0.00529354
internal_weight=128.872 124.312 118.691 24.0264 94.6649
internal_count=553 536 511 117 394
is_linear=0
shrinkage=0.1


Tree=74
num_leaves=5
num_cat=0
split_feature=1 1 0 0
split_gain=0.644027 1.72897 0.632829 1.90194
threshold=0.98821357271045407 0.96634522191647831 1.1322631835937502 1.0786117911338808
decision_type=2 2 2 2
left_child=1 2 3 -1
right_child=-2 -3 -4 -5
leaf_value=-0.00074749988885944492 0.036930275816498513 -0.055789656714627683 -0.027784358216861101 0.048149860158901547
leaf_weight=102.63393336907029 4.5524695068597785 5.5748161971569052 7.0833285003900519 8.623101528733967
leaf_count=443 17 25 33 35
internal_value=-9.46997e-06 -0.00136658 0.0011972 0.00304234
internal_weight=128.468 123.915 118.34 111.257
internal_count=553 536 511 478
is_linear=0
shrinkage=0.1


Tree=75
num_leaves=10
num_cat=0
split_feature=4 2 3 0 0 2 2 2 1
split_gain=0.538735 1.34382 2.46952 1.49661 2.43068 1.28658 1.92147 3.02256 1.60873
threshold=11.997879215690775 0.59466273653429658 1.0040160137842016 1.1295354973990472 0.93825180147827092 0.95897407478548413 0.64877166181075174 0.70475167385909276 0.81488224155331157
decision_type=2 2 2 2 2 2 2 2 2
left_child=5 2 -2 4 -3 6 8 -8 -1
right_child=1 3 -4 -5 -6 -7 7 -9 -10
leaf_value=0.0080247392310322276 -0.077175907372142416 0.0081468743398384821 0.011794985871847623 0.041904207552141665 -0.034007532432884728 0.061341748145518099 -0.077218805274105365 0.0063596798031002131 0.07660286061378134
leaf_weight=10.456128899008034 6.5587545409798604 46.213228486478329 5.9498108625411987 7.8371416032314292 19.429495021700859 4.2596172317862502 5.8335687816143063 16.754390306770802 5.0838374793529502
leaf_count=64 31 187 26 31 78 21 24 70 21
internal_value=-8.7134e-06 -0.00455697 -0.0348561 0.000600891 -0.00433035 0.00921799 0.00339477 -0.0152253 0.0304598
internal_weight=128.376 85.9884 12.5086 73.4799 65.6427 42.3875 38.1279 22.588 15.54
internal_count=553 353 57 296 265 200 179 94 85
is_linear=0
shrinkage=0.1


Tree=76
num_leaves=5
num_cat=0
split_feature=4 6 6 5
split_gain=0.623675 1.13996 1.27018 1.24588
threshold=4.7679443359375009 6.4171615850546342 7.6892589118183343 10.268980791141962
decision_type=2 2 2 2
left_child=-1 -2 -3 -4
right_child=1 2 3 -5
leaf_value=-0.035908345917053497 0.043129395993241414 -0.057219385057717675 0.031540868493204852 -0.0025451274035266035
leaf_weight=4.6638337336480609 6.2011952623724929 3.8676091246306887 11.990169472992418 101.48194376006722
leaf_count=32 28 20 53 420
internal_value=-1.11001e-05 0.00134407 -0.000864211 0.00105661
internal_weight=128.205 123.541 117.34 113.472
internal_count=553 521 493 473
is_linear=0
shrinkage=0.1


Tree=77
num_leaves=10
num_cat=0
split_feature=0 3 6 3 0 0 3 0 3
split_gain=0.621935 1.05328 1.9506 0.919964 3.95877 2.36219 1.84709 1.15765 0.796592
threshold=0.7450251044143833 0.98639693675923801 15.366688820614211 0.79705136985876213 0.80490124426842879 0.81311035156250011 1.044601978752131 0.97867799847153958 0.62659278455638867
decision_type=2 2 2 2 2 2 2 2 2
left_child=1 2 -1 5 -5 8 -6 -7 -2
right_child=3 -3 -4 4 6 7 -8 -9 -10
leaf_value=0.029425117511899884 -0.022453831701427091 -0.050730208841813521 -0.043326172499424845 0.081972239805873412 0.011704978595623364 0.011861070406945366 -0.039989386491544557 -0.029320080135517373 -0.077129899071251853
leaf_weight=8.67393556982279 5.7002886906266195 6.1001869514584532 6.4081577584147444 7.1189834661781779 35.28887964040041 36.836462453007698 8.5955630540847761 8.3789561465382558 5.0036779940128326
leaf_count=35 25 30 28 30 157 152 40 35 21
internal_value=-1.30215e-05 -0.0156675 -0.00148583 0.00308826 0.0128008 -0.00577042 0.0015797 0.00422971 -0.0480127
internal_weight=128.105 21.1823 15.0821 106.923 51.0034 55.9194 43.8844 45.2154 10.704
internal_count=553 93 63 460 227 233 197 187 46
is_linear=0
shrinkage=0.1


Tree=78
num_leaves=5
num_cat=0
split_feature=1 1 0 0
split_gain=0.583646 1.44259 0.66659 1.44657
threshold=0.98821357271045407 0.96634522191647831 1.1322631835937502 1.0786117911338808
decision_type=2 2 2 2
left_child=1 2 3 -1
right_child=-2 -3 -4 -5
leaf_value=-0.00037453475052813415 0.035288675627406466 -0.051363076830533552 -0.028805295930105917 0.042422074613891754
leaf_weight=102.28825334832072 4.5192809849977484 5.4993882775306693 7.0390379205346099 8.5589137598872167
leaf_count=443 17 25 33 35
internal_value=-7.59361e-06 -0.0013004 0.00103502 0.00292995
internal_weight=127.905 123.386 117.886 110.847
internal_count=553 536 511 478
is_linear=0
shrinkage=0.1


Tree=79
num_leaves=5
num_cat=0
split_feature=3 3 3 3
split_gain=0.56277 1.6553 1.30196 1.35739
threshold=1.112842114189305 1.0678432898096302 1.0400202072986262 1.0172842693574304
decision_type=2 2 2 2
left_child=1 2 3 -1
right_child=-2 -3 -4 -5
leaf_value=0.0016278186384692196 0.02820838650850039 -0.058485333604535117 0.04806395059622183 -0.040283508383018155
leaf_weight=102.28965727984905 6.6985366418957701 4.9026989676058284 5.5574354007840148 8.3590482808649522
leaf_count=430 30 27 24 42
internal_value=-6.97577e-06 -0.00156757 0.000833773 -0.00153841
internal_weight=127.807 121.109 116.206 110.649
internal_count=553 523 496 472
is_linear=0
shrinkage=0.1


Tree=80
num_leaves=5
num_cat=0
split_feature=4 6 2 0
split_gain=0.571649 0.856444 0.824619 0.757587
threshold=4.7679443359375009 6.1253955972583256 0.51486133970136572 0.7450251044143833
decision_type=2 2 2 2
left_child=-1 -2 -3 -4
right_child=1 2 3 -5
leaf_value=-0.034607448061383432 0.042331360909413709 -0.038703586564301437 -0.016001222312601499 0.005268917538590958
leaf_weight=4.6030235886573783 4.8819610550999633 5.3678397573530665 20.453428007662296 92.363071206957102
leaf_count=32 22 29 88 382
internal_value=-7.9889e-06 0.00128613 -0.00040937 0.00141268
internal_weight=127.669 123.066 118.184 112.816
internal_count=553 521 499 470
is_linear=0
shrinkage=0.1


Tree=81
num_leaves=5
num_cat=0
split_feature=6 4 6 3
split_gain=0.515896 1.12203 3.97384 0.853709
threshold=21.584986935486352 21.185894553998171 17.742801406131829 1.044601978752131
decision_type=2 2 2 2
left_child=1 2 3 -1
right_child=-2 -3 -4 -5
leaf_value=0.0035975319809934941 0.030390545111117113 0.038118624781564886 -0.084754206774514618 -0.025221519540703383
leaf_weight=98.179030627012253 5.3484182059764853 6.805330201983451 5.7428742349147788 11.481014255434273
leaf_count=420 21 26 27 59
internal_value=-8.99992e-06 -0.00133943 -0.00366628 0.00058028
internal_weight=127.557 122.208 115.403 109.66
internal_count=553 532 506 479
is_linear=0
shrinkage=0.1


Tree=82
num_leaves=10
num_cat=0
split_feature=3 5 4 3 3 3 3 2 5
split_gain=0.513352 3.00984 3.16428 2.6361 1.29827 2.47681 1.7617 2.30171 1.48714
threshold=0.94589434153114449 19.200823348229434 16.093488733271801 0.98639693675923801 0.84517733699580677 0.8000712528817574 0.87287755642198062 0.77446849494275083 6.154320987654323
decision_type=2 2 2 2 2 2 2 2 2
left_child=4 2 3 -2 5 8 -6 -8 -1
right_child=1 -3 -4 -5 6 -7 7 -9 -10
leaf_value=-0.06126983060761703 0.068409300013041227 0.082651770207989667 -0.053454699098873876 -0.0026233560991817248 -0.070872626903593347 0.058961243045861755 0.038952495770709521 -0.048830304400424844 -0.00014280032335357349
leaf_weight=4.2763298675417891 7.0868579894304302 4.9132758677005759 8.653581500053404 19.880918771028519 6.2946210578084019 6.859878033399581 5.8979476839303953 6.0519503355026245 57.438832327723503
leaf_count=25 28 18 37 103 27 27 28 26 234
internal_value=-1.15572e-05 0.00928018 -0.000840011 0.0160433 -0.00434972 0.00195778 -0.0280575 -0.00550455 -0.00437838
internal_weight=127.354 40.5346 35.6214 26.9678 86.8196 68.575 18.2445 11.9499 61.7152
internal_count=553 186 168 131 367 286 81 54 259
is_linear=0
shrinkage=0.1


Tree=83
num_leaves=5
num_cat=0
split_feature=2 2 2 2
split_gain=0.510597 1.12439 0.928373 0.99233
threshold=0.46648966622768034 0.52034903346400152 0.54502847937130505 0.56574253268175989
decision_type=2 2 2 2
left_child=-1 -2 -3 -4
right_child=1 2 3 -5
leaf_value=0.032895423361123242 -0.050384455476471184 0.046210876070796866 -0.048632477702258758 0.00074831593871620009
leaf_weight=4.5478783994913092 4.4829337224364272 4.3071290403604499 4.2265427559614173 109.51611821353436
leaf_count=20 31 18 22 462
internal_value=-6.48543e-06 -0.00122766 0.000639066 -0.00108662
internal_weight=127.081 122.533 118.05 113.743
internal_count=553 533 502 484
is_linear=0
shrinkage=0.1


Tree=84
num_leaves=5
num_cat=0
split_feature=5 5 5 5
split_gain=0.482594 1.09767 1.19747 1.32295
threshold=3.4358504100695622 6.154320987654323 7.1652657585696264 8.0324252824519622
decision_type=2 2 2 2
left_child=-1 -2 -3 -4
right_child=1 2 3 -5
leaf_value=0.043545330822227932 -0.043933399636068786 0.055872283074047104 -0.058557316784228798 0.0013127841893189787
leaf_weight=2.4940169751644126 5.6533714421093455 3.8709234297275534 3.8176097422838202 111.12178907170892
leaf_count=13 36 15 18 471
internal_value=-9.15075e-06 -0.0008819 0.00116663 -0.000675748
internal_weight=126.958 124.464 118.81 114.939
internal_count=553 540 504 489
is_linear=0
shrinkage=0.1


Tree=85
num_leaves=5
num_cat=0
split_feature=3 3 3 6
split_gain=0.479929 1.25739 1.1213 1.1503
threshold=1.112842114189305 1.0678432898096302 1.0400202072986262 17.113205758629963
decision_type=2 2 2 2
left_child=1 2 3 -1
right_child=-2 -3 -4 -5
leaf_value=0.0028915186878423465 0.026261472881828847 -0.051715262930695088 0.044626192855475998 -0.024981410569024826
leaf_weight=92.341271039098501 6.5917698740959159 4.7790417596697798 5.5159128829836837 17.633667334914207
leaf_count=398 30 27 24 74
internal_value=-1.09804e-05 -0.00145092 0.000629027 -0.0015777
internal_weight=126.862 120.27 115.491 109.975
internal_count=553 523 496 472
is_linear=0
shrinkage=0.1


Tree=86
num_leaves=11
num_cat=0
split_feature=6 5 2 2 3 4 1 1 0 3
split_gain=0.493584 2.68862 1.48471 3.67975 2.71725 2.54352 1.38472 1.30917 1.14631 1.01116
threshold=14.877878031159069 14.52160205405143 0.74973852697291632 0.79267195868910878 0.63905386460841884 19.814919155654064 0.95394354775386014 0.91013383803799441 0.98312989291088948 0.97957532901234778
decision_type=2 2 2 2 2 2 2 2 2 2
left_child=1 6 4 -4 -2 -5 7 -1 -3 -6
right_child=2 8 3 5 9 -7 -8 -9 -10 -11
leaf_value=0.0018423205770667591 -0.018430986442429725 -0.084508049835855761 -0.081082014501103902 0.0372568018108759 0.077501777905887387 -0.038215066990961201 -0.041255225531533199 0.04781455678746116 -0.018637580992647607 0.022145924221710325
leaf_weight=55.496674284338951 8.1389291957020777 5.3179149851202947 5.4572879225015667 13.139962613582613 7.9808616787195188 6.7641537189483634 6.5802074223756781 6.9727859795093527 5.2502568364143372 5.6260084733366966
leaf_count=256 35 24 24 55 30 28 29 29 20 23
internal_value=-1.10096e-05 -0.00481153 0.00810254 -0.00833659 0.027275 0.0116087 0.00237764 0.0069737 -0.0517837 0.0546139
internal_weight=126.725 79.6178 47.1072 25.3614 21.7458 19.9041 69.0497 62.4695 10.5682 13.6069
internal_count=553 358 195 107 88 83 314 285 44 53
is_linear=0
shrinkage=0.1


Tree=87
num_leaves=6
num_cat=0
split_feature=1 1 4 4 4
split_gain=0.545553 1.28567 0.740096 3.26867 1.80093
threshold=0.98821357271045407 0.96634522191647831 17.180159580573676 18.207846894860271 15.237201113588528
decision_type=2 2 2 2 2
left_child=1 2 4 -4 -1
right_child=-2 -3 3 -5 -6
leaf_value=0.0030244656546125999 0.034322582152630163 -0.049290185407142938 0.070791548357160325 -0.0065343292704348951 -0.034576016290619363
leaf_weight=74.20338349044323 4.4654185175895682 5.3304543793201438 7.6456935256719616 19.181078359484673 15.378160089254377
leaf_count=335 17 25 32 78 66
internal_value=-6.72972e-06 -0.00126594 0.000933138 0.0155037 -0.00343028
internal_weight=126.204 121.739 116.408 26.8268 89.5815
internal_count=553 536 511 110 401
is_linear=0
shrinkage=0.1


Tree=88
num_leaves=5
num_cat=0
split_feature=6 4 4 2
split_gain=0.665514 0.783899 3.37539 1.27962
threshold=22.056075432569767 21.185894553998171 19.814919155654064 0.95897407478548413
decision_type=2 2 2 2
left_child=1 2 3 -1
right_child=-2 -3 -4 -5
leaf_value=-0.0024207170405845988 0.037791003836449573 0.031210134354149228 -0.082055796120923979 0.042357907487104413
leaf_weight=102.59871792793274 4.4927989691495887 6.9494928568601599 5.2052450627088538 6.8050004169344893
leaf_count=452 18 27 23 33
internal_value=-4.40635e-06 -0.00140132 -0.00337877 0.00036455
internal_weight=126.051 121.558 114.609 109.404
internal_count=553 535 508 485
is_linear=0
shrinkage=0.1


Tree=89
num_leaves=5
num_cat=0
split_feature=4 2 2 0
split_gain=0.51299 0.945946 1.83932 0.620449
threshold=4.7679443359375009 0.46648966622768034 0.52034903346400152 0.77241516113281261
decision_type=2 2 2 2
left_child=-1 -2 -3 -4
right_child=1 2 3 -5
leaf_value=-0.033317524143847616 0.048895852521925569 -0.070221007919839942 -0.011276241814020392 0.0059902531751217843
leaf_weight=4.4590782746672621 4.0234161689877501 3.6571509465575209 27.421230625361204 86.334048107266426
leaf_count=32 16 24 120 361
internal_value=-5.49293e-06 0.00121771 -0.000416093 0.00182809
internal_weight=125.895 121.436 117.412 113.755
internal_count=553 521 505 481
is_linear=0
shrinkage=0.1


Tree=90
num_leaves=9
num_cat=0
split_feature=0 1 3 0 6 1 1 3
split_gain=0.462815 0.687 2.19337 3.05432 1.44962 1.21484 1.96506 1.53393
threshold=0.58596868199451679 0.78462574227786785 0.51442927083734602 0.8593902742724141 7.9594175860926457 0.81461380843564035 0.79879770338558387 0.5210157181132743
decision_type=2 2 2 2 2 2 2 2
left_child=-1 2 3 -2 -4 6 -3 -7
right_child=1 5 4 -5 -6 7 -8 -9
leaf_value=-0.034152698088420572 -0.089653854865277258 0.00093363174075575305 -0.031467344434356552 0.02626145397655081 0.030743403848383612 0.037997854296695534 -0.078429154107999638 -0.0052947188635346851
leaf_weight=3.8482471928000441 4.6018839851021749 7.3602115362882596 4.2862176783382884 4.4921376071870327 29.697851501405239 9.57164618372917 5.4154567047953606 56.463591534644365
leaf_count=24 24 30 28 22 123 38 25 239
internal_value=-8.05037e-06 0.00106996 0.0112245 -0.0323956 0.0228971 -0.00448053 -0.0327073 0.000980434
internal_weight=125.737 121.889 43.0781 9.09402 33.9841 78.8109 12.7757 66.0352
internal_count=553 529 197 46 151 332 55 277
is_linear=0
shrinkage=0.1


Tree=91
num_leaves=9
num_cat=0
split_feature=3 5 4 3 1 2 6 6
split_gain=0.449332 2.55687 2.42523 2.27885 1.13842 1.16362 3.20911 1.37765
threshold=0.94589434153114449 19.200823348229434 16.093488733271801 0.98639693675923801 0.97110084195340407 0.61179907353733431 11.649942237764895 7.2049065183896817
decision_type=2 2 2 2 2 2 2 2
left_child=4 2 3 -2 5 6 -1 -7
right_child=1 -3 -4 -5 -6 7 -8 -9
leaf_value=0.019929660186478421 0.063135857951761035 0.077377289984574327 -0.04708183132435674 -0.0032347181761706208 -0.044906814959874947 -0.053916524040678641 -0.075112689978951208 0.0084433163005624406
leaf_weight=7.2327364906668645 7.0235543400049236 4.7787605673074713 8.5037716925144178 19.63716072961688 6.3308819755911818 3.7603753544390193 6.9822214394807816 61.19082348793745
leaf_count=38 28 18 37 103 28 19 34 248
internal_value=-1.1067e-05 0.0087452 -0.000581715 0.0142501 -0.0041019 -0.000838747 -0.026754 0.00483297
internal_weight=125.44 39.9432 35.1645 26.6607 85.497 79.1662 14.215 64.9512
internal_count=553 186 168 131 367 339 72 267
is_linear=0
shrinkage=0.1


Tree=92
num_leaves=5
num_cat=0
split_feature=1 1 0 0
split_gain=0.540063 1.07042 0.773231 1.05122
threshold=0.98821357271045407 0.96634522191647831 1.1322631835937502 1.0786117911338808
decision_type=2 2 2 2
left_child=1 2 3 -1
right_child=-2 -3 -4 -5
leaf_value=-5.1393029799890902e-05 0.034213546215118094 -0.045366509475388589 -0.031722029839319946 0.03674872714645238
leaf_weight=100.02526589855552 4.4465659111738196 5.2654038518667212 6.8990822583436957 8.4154390841722471
leaf_count=443 17 25 33 35
internal_value=-1.18113e-05 -0.00127366 0.000739235 0.00280445
internal_weight=125.052 120.605 115.34 108.441
internal_count=553 536 511 478
is_linear=0
shrinkage=0.1


Tree=93
num_leaves=6
num_cat=0
split_feature=1 1 4 4 6
split_gain=0.43849 0.875338 0.62857 2.82091 1.59735
threshold=0.98821357271045407 0.96634522191647831 17.180159580573676 18.207846894860271 16.567836655491551
decision_type=2 2 2 2 2
left_child=1 2 4 -4 -1
right_child=-2 -3 3 -5 -6
leaf_value=-0.00019375485246326242 0.030863285726046238 -0.041196731346450292 0.066042365135256284 -0.006394246264032644 -0.060140288208439675
leaf_weight=84.190763492137194 4.436844825744628 5.2209392488002768 7.5134288519620922 18.899614796042442 4.6927583813667288
leaf_count=378 17 25 32 78 23
internal_value=-1.06472e-05 -0.00114727 0.000666278 0.014211 -0.00335874
internal_weight=124.954 120.518 115.297 26.413 88.8835
internal_count=553 536 511 110 401
is_linear=0
shrinkage=0.1


Tree=94
num_leaves=9
num_cat=0
split_feature=0 1 3 0 2 1 3 0
split_gain=0.43559 0.613805 1.88874 2.12588 1.81445 1.04407 1.7588 1.46845
threshold=0.58596868199451679 0.78462574227786785 0.57092305679206656 0.84694164711762676 0.71957958502360442 0.82831520431021921 0.63100103156338949 0.93712690663960541
decision_type=2 2 2 2 2 2 2 2
left_child=-1 2 3 -2 -4 6 -3 -7
right_child=1 5 4 -5 -6 7 -8 -9
leaf_value=-0.033450677472405439 -0.047692264878474944 0.029795484466056101 0.011804442697119045 0.02309112247040674 0.071985863034695841 0.023533613342674436 -0.041477601134520758 -0.0093618675260650572
leaf_weight=3.7769018001854411 9.2087480872869509 4.5412834137678173 18.782636072486643 7.8685487657785407 6.8320742696523658 21.059825211763382 14.572257295250891 38.157618626952171
leaf_count=24 42 19 93 36 26 90 64 159
internal_value=-8.22407e-06 0.00103545 0.0106821 -0.0150781 0.0278563 -0.00422215 -0.0245435 0.00233693
internal_weight=124.8 121.023 42.692 17.0773 25.6147 78.331 19.1135 59.2174
internal_count=553 529 197 78 119 332 83 249
is_linear=0
shrinkage=0.1


Tree=95
num_leaves=10
num_cat=0
split_feature=0 6 3 4 6 5 3 6 2
split_gain=0.438658 0.911892 3.03815 0.842083 0.776322 2.59696 2.23454 1.6956 0.865303
threshold=0.7450251044143833 16.963722440758328 0.84517733699580677 11.762395127685865 16.367032360076077 16.770559807548405 1.0040160137842016 14.877878031159069 0.74973852697291632
decision_type=2 2 2 2 2 2 2 2 2
left_child=1 2 -1 -4 5 7 8 -2 -6
right_child=4 -3 3 -5 6 -7 -8 -9 -10
leaf_value=0.067178226283784878 -0.0032736281662751523 -0.044949284089826763 -0.062185411326492517 -0.0029063064522445101 0.026469525077998036 -0.076532412123147375 0.073440085555546722 0.041360504205088702 -0.019285802601940127
leaf_weight=4.6344796195626285 67.306336645036936 6.3237348198890677 4.6164625212550146 4.9829550832509995 7.3620228543877664 4.4101212471723548 5.6598378121852866 9.7432283572852594 9.4240181446075422
leaf_count=20 307 29 24 20 30 19 23 42 39
internal_value=-4.49674e-06 -0.0133512 0.000686917 -0.0314143 0.00263615 -0.00190116 0.0191028 0.00237054 0.000781572
internal_weight=124.463 20.5576 14.2339 9.59942 103.906 81.4597 22.4459 77.0496 16.786
internal_count=553 93 64 44 460 368 92 349 69
is_linear=0
shrinkage=0.1


Tree=96
num_leaves=7
num_cat=0
split_feature=6 6 0 6 1 4
split_gain=0.486398 0.737312 2.60641 2.2803 2.25427 1.17604
threshold=22.056075432569767 16.890444891727952 0.76317776806990889 16.367032360076077 0.87676336601805305 16.093488733271801
decision_type=2 2 2 2 2 2
left_child=1 3 -3 5 -4 -1
right_child=-2 2 4 -5 -6 -7
leaf_value=0.0032257048217678285 0.032896792014637091 -0.083654424109247283 0.039585021053005244 0.061823396303764225 -0.040869774856989262 -0.0272601553582008
leaf_weight=80.007906422019005 4.3378983139991751 4.7230523750185993 7.5050920434296113 6.029230758547782 6.4977224990725517 15.031303204596041
leaf_count=363 18 23 31 24 27 67
internal_value=1.62113e-06 -0.00118955 -0.0194157 0.00218737 0.0022516 -0.00159591
internal_weight=124.132 119.794 18.7259 101.068 14.0028 95.0392
internal_count=553 535 81 454 58 430
is_linear=0
shrinkage=0.1


Tree=97
num_leaves=7
num_cat=0
split_feature=3 1 3 3 1 3
split_gain=0.409557 2.95634 0.989976 1.2103 2.71874 1.33299
threshold=0.49902788336492138 0.8137160077069634 0.51860786677774418 0.60243200733070024 0.76424940030942634 0.63507306381007977
decision_type=2 2 2 2 2 2
left_child=1 -1 -2 4 -4 -5
right_child=2 -3 3 5 -6 -7
leaf_value=-0.074663981734193571 0.035225925873553159 0.022652837915032527 0.019605990747157097 0.049836657421015382 -0.07521360563055246 9.6221809307716491e-05
leaf_weight=5.2525999546051008 8.2811470851302129 7.6943152546882629 5.7364534288644773 5.7535919696092597 6.3950037956237793 84.731721926480532
leaf_count=30 36 31 23 22 27 384
internal_value=1.611e-06 -0.0168289 0.00196651 -0.00071752 -0.0303774 0.00325901
internal_weight=123.845 12.9469 110.898 102.617 12.1315 90.4853
internal_count=553 61 492 456 50 406
is_linear=0
shrinkage=0.1


Tree=98
num_leaves=5
num_cat=0
split_feature=3 3 3 3
split_gain=0.400257 1.09952 0.847456 0.903877
threshold=1.112842114189305 1.0678432898096302 1.0400202072986262 1.0172842693574304
decision_type=2 2 2 2
left_child=1 2 3 -1
right_child=-2 -3 -4 -5
leaf_value=0.0013092578243302066 0.024437531168025977 -0.049275258863134559 0.039413954611753843 -0.033473552143231451
leaf_weight=99.18301547318697 6.3566716760396949 4.5950566977262488 5.3653590753674498 8.0796242244541627
leaf_count=430 30 27 24 42
internal_value=-1.68968e-06 -0.00132696 0.000629261 -0.00131078
internal_weight=123.58 117.223 112.628 107.263
internal_count=553 523 496 472
is_linear=0
shrinkage=0.1


Tree=99
num_leaves=8
num_cat=0
split_feature=3 5 4 3 2 1 2
split_gain=0.404641 1.99972 2.1349 1.96415 0.912166 1.45509 1.99208
threshold=0.94589434153114449 19.200823348229434 16.093488733271801 0.98639693675923801 0.94890144679268007 0.95956195508006947 0.70079732759766045
decision_type=2 2 2 2 2 2 2
left_child=4 2 3 -2 5 6 -1
right_child=1 -3 -4 -5 -6 -7 -8
leaf_value=-0.014090797918919921 0.059703752829797389 0.070511890206359312 -0.043976019867093125 -0.0022223541830587398 -0.037744454647018706 -0.042095024345904744 0.01988435379355212
leaf_weight=32.660204570740461 6.9582478106021908 4.5764187127351752 8.3215278536081296 19.407182738184929 7.2802042812108985 7.6506111547350875 36.594410974532366
leaf_count=148 28 18 37 103 34 35 150
internal_value=-2.78656e-06 0.00838054 0.000183245 0.0141209 -0.0039127 -0.000710027 0.00386181
internal_weight=123.449 39.2634 34.687 26.3654 84.1854 76.9052 69.2546
internal_count=553 186 168 131 367 333 298
is_linear=0
shrinkage=0.1


end of trees

feature_importances:
rush_tds_std_L5=123
rush_tds_L5=106
rush_tds_L10=104
rush_tds_L3=98
rush_attempts_L3=91
rush_attempts_L10=88
rush_attempts_L5=53

parameters:
[boosting: gbdt]
[objective: binary]
[metric: binary_logloss]
[tree_learner: serial]
[device_type: cpu]
[data_sample_strategy: bagging]
[data: ]
[valid: ]
[num_iterations: 100]
[learning_rate: 0.1]
[num_leaves: 31]
[num_threads: 2]
[seed: 42]
[deterministic: 0]
[force_col_wise: 0]
[force_row_wise: 0]
[histogram_pool_size: -1]
[max_depth: 4]
[min_data_in_leaf: 20]
[min_sum_hessian_in_leaf: 0.001]
[bagging_fraction: 1]
[pos_bagging_fraction: 1]
[neg_bagging_fraction: 1]
[bagging_freq: 0]
[bagging_seed: 400]
[bagging_by_query: 0]
[feature_fraction: 1]
[feature_fraction_bynode: 1]
[feature_fraction_seed: 30056]
[extra_trees: 0]
[extra_seed: 12879]
[early_stopping_round: 0]
[early_stopping_min_delta: 0]
[first_metric_only: 0]
[max_delta_step: 0]
[lambda_l1: 0]
[lambda_l2: 0]
[linear_lambda: 0]
[min_gain_to_split: 0]
[drop_rate: 0.1]
[max_drop: 50]
[skip_drop: 0.5]
[xgboost_dart_mode: 0]
[uniform_drop: 0]
[drop_seed: 17869]
[top_rate: 0.2]
[other_rate: 0.1]
[min_data_per_group: 100]
[max_cat_threshold: 32]
[cat_l2: 10]
[cat_smooth: 10]
[max_cat_to_onehot: 4]
[top_k: 20]
[monotone_constraints: ]
[monotone_constraints_method: basic]
[monotone_penalty: 0]
[feature_contri: ]
[forcedsplits_filename: ]
[refit_decay_rate: 0.9]
[cegb_tradeoff: 1]
[cegb_penalty_split: 0]
[cegb_penalty_feature_lazy: ]
[cegb_penalty_feature_coupled: ]
[path_smooth: 0]
[interaction_constraints: ]
[verbosity: -1]
[saved_feature_importance_type: 0]
[use_quantized_grad: 0]
[num_grad_quant_bins: 4]
[quant_train_renew_leaf: 0]
[stochastic_rounding: 1]
[linear_tree: 0]
[max_bin: 255]
[max_bin_by_feature: ]
[min_data_in_bin: 3]
[bin_construct_sample_cnt: 200000]
[data_random_seed: 175]
[is_enable_sparse: 1]
[enable_bundle: 1]
[use_missing: 1]
[zero_as_missing: 0]
[feature_pre_filter: 1]
[pre_partition: 0]
[two_round: 0]
[header: 0]
[label_column: ]
[weight_column: ]
[group_column: ]
[ignore_column: ]
[categorical_feature: ]
[forcedbins_filename: ]
[precise_float_parser: 0]
[parser_config_file: ]
[objective_seed: 16083]
[num_class: 1]
[is_unbalance: 0]
[scale_pos_weight: 1.35319]
[sigmoid: 1]
[boost_from_average: 1]
[reg_sqrt: 0]
[alpha: 0.9]
[fair_c: 1]
[poisson_max_delta_step: 0.7]
[tweedie_variance_power: 1.5]
[lambdarank_truncation_level: 30]
[lambdarank_norm: 1]
[label_gain: ]
[lambdarank_position_bias_regularization: 0]
[eval_at: ]
[multi_error_top_k: 1]
[auc_mu_weights: ]
[num_machines: 1]
[local_listen_port: 12400]
[time_out: 120]
[machine_list_filename: ]
[machines: ]
[gpu_platform_id: -1]
[gpu_device_id: -1]
[gpu_use_dp: 0]
[num_gpu: 1]

end of parameters

pandas_categorical:[]
