tree
version=v4
num_class=1
num_tree_per_iteration=1
label_index=0
max_feature_idx=6
objective=binary sigmoid:1
feature_names=rush_tds_L3 rush_tds_L5 rush_tds_L10 rush_tds_std_L5 rush_attempts_L3 rush_attempts_L5 rush_attempts_L10
feature_infos=[0.72733695339411497:3.22308349609375] [1:3] [0.54545454545454541:3] [0:2.9110396041881001] [1:29.824909210205082] [1:29.03003106012806] [1:27.40394719630671]
tree_sizes=958 968 863 857 965 761 866 865 869 963 1072 861 1073 767 1273 762 770 1271 665 973 1180 968 974 865 875 974 666 872 669 669 872 771 668 670 866 970 974 673 773 669 772 775 871 670 1177 775 669 672 667 772 671 870 772 669 670 671 1076 1077 874 974 667 972 873 772 1185 1075 669 873 772 668 673 771 774 974 670 776 672 775 670 673 771 982 869 1183 980 1180 767 1180 668 670 1173 773 876 1075 671 971 871 1081 879 674

Tree=0
num_leaves=8
num_cat=0
split_feature=4 3 3 6 4 0 5
split_gain=36.0422 6.4334 8.23099 3.76083 3.50104 0.985152 0.0423403
threshold=6.2219238281250009 0.66173788040236448 1.4007784714490563 14.875438509138027 13.853027343750002 1.0982170104980471 2.666666666666667
decision_type=2 2 2 2 2 2 2
left_child=6 3 4 -2 -3 -5 -1
right_child=1 2 -4 5 -6 -7 -8
leaf_value=-0.35189403330377428 -0.26054061650754262 -0.17351540409235663 -0.26144257186451919 -0.21002000382083538 -0.12631293254871251 -0.15263620250108614 -0.34050787179862563
leaf_weight=6.0498473644256574 10.283073782920839 25.368803858757019 6.588722586631774 5.4109745025634748 41.285068392753601 6.6914976835250854 7.0970431566238403
leaf_count=24 39 92 25 20 146 24 28
internal_value=-0.190501 -0.169158 -0.154818 -0.216074 -0.144278 -0.178292 -0.345747
internal_weight=108.775 95.6281 73.2426 22.3855 66.6539 12.1025 13.1469
internal_count=398 346 263 83 238 44 52
is_linear=0
shrinkage=1


Tree=1
num_leaves=8
num_cat=0
split_feature=4 3 3 3 6 4 5
split_gain=29.5413 5.16504 6.62217 3.12587 3.05455 0.847294 0.0367135
threshold=6.2219238281250009 0.66173788040236448 1.4007784714490563 0.89179427238755948 14.875438509138027 19.238757458573676 2.666666666666667
decision_type=2 2 2 2 2 2 2
left_child=6 4 3 -3 -2 -6 -1
right_child=1 2 -4 -5 5 -7 -8
leaf_value=-0.12866765657719248 -0.044092060209873503 0.083646136460938797 -0.044914256242434371 0.040347992483882662 0.0056288176181354546 0.058622500750920695 -0.11796542178668307
leaf_weight=5.9324225187301618 10.224381089210512 31.096121102571487 6.5503495931625357 35.950151547789574 6.5350059866905195 5.6045990288257599 6.9728868007659912
leaf_count=24 39 109 25 129 24 20 28
internal_value=0.0191615 0.0382648 0.0510537 0.0604297 -0.00382195 0.0300949 -0.122885
internal_weight=108.866 95.9606 73.5966 67.0463 22.364 12.1396 12.9053
internal_count=398 346 263 238 83 44 52
is_linear=0
shrinkage=0.1


Tree=2
num_leaves=7
num_cat=0
split_feature=4 6 6 2 3 5
split_gain=24.3453 4.85894 6.77865 6.53611 4.17925 0.0329297
threshold=6.2219238281250009 22.376222530718156 15.326204380037709 0.97285173041851569 0.66173788040236448 2.666666666666667
decision_type=2 2 2 2 2 2
left_child=5 2 4 -4 -2 -1
right_child=1 -3 3 -5 -6 -7
leaf_value=-0.11906159026038049 -0.03553578587872655 -0.046272962607778051 0.12894886084029694 0.041296410314492396 0.032601563382116748 -0.10879863417255636
leaf_weight=5.7779205441474897 11.519421547651289 6.9318732768297187 13.518631905317305 22.949281051754951 41.187225386500359 6.8126504421234131
leaf_count=24 44 26 46 82 148 28
internal_value=0.0172448 0.0343743 0.0406433 0.0737891 0.0177096 -0.113508
internal_weight=108.697 96.1064 89.1746 36.4679 52.7066 12.5906
internal_count=398 346 320 128 192 52
is_linear=0
shrinkage=0.1


Tree=3
num_leaves=7
num_cat=0
split_feature=4 6 6 2 6 4
split_gain=20.1428 3.93493 5.46909 5.27892 4.14137 0.032251
threshold=6.2219238281250009 22.376222530718156 15.326204380037709 0.97285173041851569 14.417355371900825 3.1259155273437504
decision_type=2 2 2 2 2 2
left_child=5 2 4 -4 -2 -1
right_child=1 -3 3 -5 -6 -7
leaf_value=-0.10076293818999507 0.027773017766693244 -0.041791807519557966 0.11579631969220368 0.037098910128374345 -0.050428558660567169 -0.11110079482392675
leaf_weight=6.8084839284419996 44.7297103703022 6.9088412523269644 13.546140268445013 22.98887512087822 7.9800946712493888 5.42011359333992
leaf_count=29 162 26 46 82 30 23
internal_value=0.0155409 0.0309149 0.0365434 0.0662777 0.0159336 -0.105345
internal_weight=108.382 96.1537 89.2448 36.535 52.7098 12.2286
internal_count=398 346 320 128 192 52
is_linear=0
shrinkage=0.1


Tree=4
num_leaves=8
num_cat=0
split_feature=4 3 3 1 2 4 5
split_gain=16.716 3.7289 4.94217 2.55667 1.88518 4.57638 0.0358045
threshold=6.2219238281250009 0.66173788040236448 1.4007784714490563 1.1390053987185145 0.97285173041851569 18.242187500000004 2.666666666666667
decision_type=2 2 2 2 2 2 2
left_child=6 4 3 -3 -2 -6 -1
right_child=1 2 -4 -5 5 -7 -8
leaf_value=-0.10407446666276193 0.040927337027541519 0.070390930276588257 -0.044373572485108294 0.030665242477117549 -0.063137638509881772 0.047901587634310953 -0.093037458714367735
leaf_weight=5.4250325560569745 5.8281688690185574 27.205220147967339 6.5322251319885245 40.050552815198898 10.871828332543375 5.6357093006372443 6.4146378040313721
leaf_count=24 21 95 25 143 42 20 28
internal_value=0.0140229 0.0278326 0.0386689 0.0467344 -0.0079662 -0.0252286 -0.0980947
internal_weight=107.963 96.1237 73.788 67.2558 22.3357 16.5075 11.8397
internal_count=398 346 263 238 83 62 52
is_linear=0
shrinkage=0.1


Tree=5
num_leaves=6
num_cat=0
split_feature=4 6 4 3 5
split_gain=13.9062 3.18466 4.58197 3.58465 0.0331311
threshold=6.2219238281250009 22.376222530718156 22.444488525390629 0.66173788040236448 2.666666666666667
decision_type=2 2 2 2 2
left_child=4 2 3 -2 -1
right_child=1 -3 -4 -5 -6
leaf_value=-0.097431695685893716 -0.013648762277269799 -0.040421406518662509 0.10765795569600695 0.035274302625442809 -0.086627105138823463
leaf_weight=5.2258922159671766 19.713971734046936 6.8877830058336249 7.0265127569437018 62.326885849237442 6.2111562341451645
leaf_count=24 74 26 24 222 28
internal_value=0.0126666 0.02509 0.0301561 0.0235184 -0.091564
internal_weight=107.392 95.9552 89.0674 82.0409 11.437
internal_count=398 346 320 296 52
is_linear=0
shrinkage=0.1


Tree=6
num_leaves=7
num_cat=0
split_feature=4 3 3 2 3 4
split_gain=11.5855 2.96233 3.72528 5.35937 4.65559 0.0365994
threshold=6.2219238281250009 1.4007784714490563 1.1214825659535739 0.97285173041851569 1.2499700309644324 3.1259155273437504
decision_type=2 2 2 2 2 2
left_child=5 2 3 -2 -4 -1
right_child=1 -3 4 -5 -6 -7
leaf_value=-0.080442682463987614 0.049811024784805313 -0.042529171481751199 0.13629549598328003 -0.0039071986035448033 0.017667555295742387 -0.092032927375693088
leaf_weight=6.124341815710066 32.218012511730194 6.5059266984462729 6.5445680171251279 43.851030945777893 6.6901050955057144 4.9078534841537476
leaf_count=29 114 25 22 161 24 23
internal_value=0.0114434 0.0226175 0.0273636 0.0188444 0.0763293 -0.0855988
internal_weight=106.842 95.8096 89.3037 76.069 13.2347 11.0322
internal_count=398 346 321 275 46 52
is_linear=0
shrinkage=0.1


Tree=7
num_leaves=7
num_cat=0
split_feature=4 0 1 1 6 5
split_gain=9.66235 2.68757 5.69758 3.8794 0.977998 0.0365231
threshold=6.2219238281250009 0.99882237757447012 1.0260067182023607 1.1390053987185145 13.91357366692627 2.666666666666667
decision_type=2 2 2 2 2 2
left_child=5 -2 4 -4 -3 -1
right_child=1 2 3 -5 -6 -7
leaf_value=-0.086482754498676317 0.092460913308004711 -0.022613765666268781 0.057677103816471266 0.010594148673301565 -0.079698962246970706 -0.074716367744350656
leaf_weight=4.8506090641021711 4.9097324609756461 7.0806706696748716 26.360287398099899 52.063886895775795 5.2090559750795364 5.7833624482154846
leaf_count=24 17 27 93 189 20 28
internal_value=0.0103431 0.0203991 0.0164989 0.0264199 -0.0468096 -0.0800835
internal_weight=106.258 95.6236 90.7139 78.4242 12.2897 10.634
internal_count=398 346 329 282 47 52
is_linear=0
shrinkage=0.1


Tree=8
num_leaves=7
num_cat=0
split_feature=4 6 6 4 2 4
split_gain=8.06323 2.50341 4.11486 3.86363 3.43979 0.0374251
threshold=6.2219238281250009 22.376222530718156 15.326204380037709 8.9101495471877428 0.97285173041851569 3.1259155273437504
decision_type=2 2 2 2 2 2
left_child=5 2 3 -2 -4 -1
right_child=1 -3 4 -5 -6 -7
leaf_value=-0.069539112238364648 0.077553903724889975 -0.039788311255106172 0.089629929115144502 -0.0051088445776256309 0.025493716161660192 -0.081699545788279399
leaf_weight=5.6846623420715314 6.4454810470342627 6.8629148155450812 13.169235229492186 46.061067819595337 22.909586921334267 4.5617504119873047
leaf_count=29 23 26 46 169 82 23
internal_value=0.00934672 0.0183963 0.022904 0.00503848 0.0489043 -0.074953
internal_weight=105.695 95.4483 88.5854 52.5065 36.0788 10.2464
internal_count=398 346 320 192 128 52
is_linear=0
shrinkage=0.1


Tree=9
num_leaves=8
num_cat=0
split_feature=4 0 2 0 2 2 5
split_gain=6.75992 2.8585 4.601 4.5975 3.45152 3.2284 0.010966
threshold=5.657979777342919 1.300601963081047 1.0860366331546099 1.3762664794921877 0.82952671732555616 0.86434770040781905 2.166666666666667
decision_type=2 2 2 2 2 2 2
left_child=6 2 4 -3 -2 -5 -1
right_child=1 3 -4 5 -6 -7 -8
leaf_value=-0.072172708773606403 -0.062819990897889588 0.10280787131431005 -0.064257044410989284 0.082769877694860786 0.026325800584737137 0.0075057921524463072 -0.079278596416932787
leaf_weight=4.1293629109859449 5.0334929078817359 7.8629214316606513 9.4161806106567365 6.7851505279541007 31.669314727187157 35.608277902007103 4.5810849815607071
leaf_count=22 19 27 36 24 116 130 24
internal_value=0.00845495 0.0160799 -0.00189813 0.0325779 0.0141002 0.019552 -0.0759099
internal_weight=105.086 96.3753 46.119 50.2563 36.7028 42.3934 8.71045
internal_count=398 352 171 181 135 154 46
is_linear=0
shrinkage=0.1


Tree=10
num_leaves=9
num_cat=0
split_feature=4 3 3 4 5 6 1 4
split_gain=5.69145 2.16732 3.6869 5.51928 4.01207 1.15219 1.17486 0.0431072
threshold=6.2219238281250009 0.66173788040236448 0.89179427238755948 20.762441819317171 16.457229181288866 14.875438509138027 1.0875966595915729 3.1259155273437504
decision_type=2 2 2 2 2 2 2 2
left_child=7 5 3 -3 -4 -2 -7 -1
right_child=1 2 4 -5 -6 6 -8 -9
leaf_value=-0.059931257586697533 -0.03729018234555527 0.069125215385473865 -0.024694965096471302 -0.042789806683203327 0.037130384512425604 -0.026416582536152429 0.036372436509301234 -0.073447629177438981
leaf_weight=5.2829590141773206 10.093166545033457 25.391001164913181 22.491218760609627 5.3319869786500922 19.681147873401642 5.3600369542837125 6.7113226503133774 4.2639947682619095
leaf_count=29 39 89 83 20 71 20 24 23
internal_value=0.00763521 0.0150273 0.0233534 0.0497023 0.00415791 -0.0123559 0.00849227 -0.0659681
internal_weight=104.607 95.0599 72.8954 30.723 42.1724 22.1645 12.0714 9.54695
internal_count=398 346 263 109 154 83 44 52
is_linear=0
shrinkage=0.1


Tree=11
num_leaves=7
num_cat=0
split_feature=4 3 3 3 3 5
split_gain=4.81088 2.26349 3.2544 5.54995 3.92367 0.00847375
threshold=5.657979777342919 1.4007784714490563 1.1214825659535739 1.0050168247571711 1.2499700309644324 2.166666666666667
decision_type=2 2 2 2 2 2
left_child=5 2 3 -2 -4 -1
right_child=1 -3 4 -5 -6 -7
leaf_value=-0.063795059737235413 0.020415996072139397 -0.043180223542403806 0.11894767970668214 -0.056849808584645403 0.0094603070952361517 -0.070279106038021483
leaf_weight=3.8458249568939191 65.345519319176674 6.6395457983016959 6.4503210783004743 10.83831614255905 6.6451407819986343 4.234926775097847
leaf_count=22 239 26 22 41 24 24
internal_value=0.00690757 0.0131502 0.0173394 0.00942375 0.0633896 -0.0671932
internal_weight=104 95.9188 89.2793 76.1838 13.0955 8.08075
internal_count=398 352 326 280 46 46
is_linear=0
shrinkage=0.1


Tree=12
num_leaves=9
num_cat=0
split_feature=4 3 3 4 5 6 6 1
split_gain=4.10531 2.00735 3.62128 4.80941 3.76574 0.967266 1.63402 0.962331
threshold=4.8075561523437509 0.66173788040236448 0.89179427238755948 20.762441819317171 16.457229181288866 14.875438509138027 10.7153088453303 1.0906964455299573
decision_type=2 2 2 2 2 2 2 2
left_child=-1 5 3 -3 -4 6 -2 -7
right_child=1 2 4 -5 -6 7 -8 -9
leaf_value=-0.070192420897154037 0.00050176493612694444 0.063925789234687225 -0.026432582316131978 -0.040455828990071399 0.033079101486241928 -0.023228111732532183 -0.075659361531878605 0.033269408286989342
leaf_weight=6.5802375376224509 6.0273410230875033 25.359268307685856 23.268674582242966 5.344369873404502 19.579937443137169 5.9072844386100751 5.2889524549245834 6.1572928726673126
leaf_count=39 25 90 88 20 71 22 21 22
internal_value=0.00624222 0.0114309 0.0195444 0.0457568 0.000761649 -0.0140927 -0.035094 0.00560603
internal_weight=103.513 96.9331 73.5523 30.7036 42.8486 23.3809 11.3163 12.0646
internal_count=398 359 269 110 159 90 46 44
is_linear=0
shrinkage=0.1


Tree=13
num_leaves=6
num_cat=0
split_feature=4 0 1 1 4
split_gain=3.45257 2.09686 3.54583 3.16812 2.46236
threshold=4.8075561523437509 0.99882237757447012 1.0260067182023607 1.1390053987185145 10.98876869339847
decision_type=2 2 2 2 2
left_child=-1 -2 4 -4 -3
right_child=1 2 3 -5 -6
leaf_value=-0.066002632409362855 0.073512944529597571 0.016211819739980118 0.043449998844655863 0.00077889709403664031 -0.073407564239180267
leaf_weight=6.3124001622200003 4.9819402396678916 4.8096502274274817 26.090545684099197 52.232566192746162 8.4558992832899076
leaf_count=39 18 20 95 193 33
internal_value=0.00564881 0.0103324 0.00689566 0.0149932 -0.0409145
internal_weight=102.883 96.5706 91.5887 78.3231 13.2655
internal_count=398 359 341 288 53
is_linear=0
shrinkage=0.1


Tree=14
num_leaves=11
num_cat=0
split_feature=4 2 1 6 2 6 4 3 5 5
split_gain=3.17596 3.58614 5.14293 4.11544 4.01833 3.62161 3.27804 6.84314 5.12623 4.37763
threshold=13.853027343750002 0.93434191754302087 1.0572709319065214 22.217164128133323 1.1220552380451461 15.294184104251423 12.515625000000002 0.79375924200648629 9.2238714153985786 8.3951063578207172
decision_type=2 2 2 2 2 2 2 2 2 2
left_child=6 2 -2 4 -3 -4 7 9 -9 -1
right_child=1 3 5 -5 -6 -7 -8 8 -10 -11
leaf_value=-0.0050371460928007993 -0.013953344628177289 -0.011669455343471675 0.038295325028186854 -0.075526275172737037 0.058109560539224829 0.14812195570248285 -0.082574051711242769 -0.052244378632530876 0.069348682842311368 -0.10220742450977197
leaf_weight=10.895655632019045 6.6750384569168117 20.48887075483799 5.7647751122713071 5.6704962551593772 13.818718314170836 6.2662094235420227 6.2139293849468222 4.617608010768893 13.917201697826384 8.0704141259193403
leaf_count=57 25 76 21 22 49 22 24 21 49 32
internal_value=0.00510229 0.0203023 0.0564411 0.00339271 0.0164368 0.0954973 -0.0153027 -0.00415573 0.039056 -0.0463849
internal_weight=102.399 58.6841 18.706 39.9781 34.3076 12.031 43.7148 37.5009 18.5348 18.9661
internal_count=398 215 68 147 125 43 183 159 70 89
is_linear=0
shrinkage=0.1


Tree=15
num_leaves=6
num_cat=0
split_feature=4 3 3 3 5
split_gain=2.79218 1.69227 2.62508 4.74788 3.19716
threshold=4.8075561523437509 1.4007784714490563 1.1214825659535739 1.0050168247571711 16.989853253935451
decision_type=2 2 2 2 2
left_child=-1 2 3 -2 -4
right_child=1 -3 4 -5 -6
leaf_value=-0.06139944361244018 0.015542027892702232 -0.040218996385930607 0.0076364030192280054 -0.055639276090173419 0.10756789790149329
leaf_weight=6.0248798578977576 65.44511453807354 6.5642807632684699 6.8745774775743467 10.936525762081144 5.9921116381883621
leaf_count=39 245 26 25 42 21
internal_value=0.0046326 0.00878482 0.0123891 0.0053501 0.0541752
internal_weight=101.837 95.8126 89.2483 76.3816 12.8667
internal_count=398 359 333 287 46
is_linear=0
shrinkage=0.1


Tree=16
num_leaves=6
num_cat=0
split_feature=4 4 4 0 4
split_gain=2.34855 2.13262 3.90737 1.86942 0.112834
threshold=6.2219238281250009 8.9101495471877428 9.9150373867969375 1.300601963081047 3.1259155273437504
decision_type=2 2 2 2 2
left_child=4 -2 -3 -4 -1
right_child=1 2 3 -5 -6
leaf_value=-0.03647106198366188 0.064441757219036819 -0.079507730833683149 -0.0063266506488196574 0.024003129008052401 -0.060126869926536514
leaf_weight=4.3507192581891996 6.3875352144241324 5.1963988095521918 37.933991670608521 43.771298304200172 3.7580123096704483
leaf_count=29 23 20 143 160 23
internal_value=0.00418638 0.00867328 0.00457412 0.00992167 -0.0474344
internal_weight=101.398 93.2892 86.9017 81.7053 8.10873
internal_count=398 346 323 303 52
is_linear=0
shrinkage=0.1


Tree=17
num_leaves=11
num_cat=0
split_feature=4 2 1 6 4 6 0 0 0 0
split_gain=2.11536 3.4372 4.59615 3.89799 3.51562 4.46673 2.89285 2.14223 5.45126 4.53991
threshold=13.853027343750002 0.98202385537312264 1.0572709319065214 15.015679742095896 17.223837784704305 19.216935374358439 0.99882237757447012 1.333565864397491 1.5030522365433174 1.1408946514129641
decision_type=2 2 2 2 2 2 2 2 2 2
left_child=6 2 -2 -4 -3 -6 -1 9 -9 -8
right_child=1 4 3 -5 5 -7 7 8 -10 -11
leaf_value=0.086389317475265695 -0.018602915149794359 -0.057692636784846631 0.014123184991504008 0.11156761483228286 0.061877103747833867 -0.025119682951256411 -0.0097063467298761537 0.062686057157620767 -0.052511300233512727 -0.10418052912779588
leaf_weight=2.7394415438175193 7.9985547959804562 9.159529969096182 6.7761553674936321 10.414349541068075 11.010030448436739 12.720397874712942 16.392940849065784 8.6381143033504504 7.8325807750225058 7.3748503476381293
leaf_count=10 30 35 25 38 39 48 81 32 31 29
internal_value=0.00377535 0.0162211 0.0440195 0.073157 -0.00506845 0.0152436 -0.0130435 -0.0198129 0.00790436 -0.0390205
internal_weight=101.057 58.079 25.1891 17.1905 32.89 23.7304 42.9779 40.2385 16.4707 23.7678
internal_count=398 215 93 63 122 87 183 173 63 110
is_linear=0
shrinkage=0.1


Tree=18
num_leaves=5
num_cat=0
split_feature=4 6 4 6
split_gain=1.99668 1.67392 3.51726 2.56559
threshold=4.8075561523437509 22.376222530718156 22.444488525390629 19.216935374358439
decision_type=2 2 2 2
left_child=-1 2 3 -2
right_child=1 -3 -4 -5
leaf_value=-0.054508571336442373 0.0094730205813397528 -0.041216380344221072 0.080276618669332944 -0.062824025128880898
leaf_weight=5.6138420999050131 76.202347844839096 6.7261802256107321 6.683679684996604 5.2464195787906638
leaf_count=39 289 26 24 20
internal_value=0.00343952 0.00686895 0.0105388 0.0048161
internal_weight=100.472 94.8586 88.1324 81.4488
internal_count=398 359 333 309
is_linear=0
shrinkage=0.1


Tree=19
num_leaves=8
num_cat=0
split_feature=0 1 1 5 6 0 4
split_gain=1.90678 2.85825 2.61026 4.31145 3.8996 2.0645 0.621556
threshold=0.99882237757447012 1.0260067182023607 1.1390053987185145 16.457229181288866 12.263092504864826 1.0420178431255971 4.8075561523437509
decision_type=2 2 2 2 2 2 2
left_child=-1 5 4 -4 -3 6 -2
right_child=1 2 3 -5 -6 -7 -8
leaf_value=0.064117655068644863 -0.043535836886836446 0.096062299828203107 -0.030803170988042711 0.027250606591561574 0.0097022569868640031 -0.091245935813752385 0.0014346111828269208
leaf_weight=4.8730521351099005 4.8792261481285122 7.3382972627878216 28.300031155347824 23.346011593937874 18.188215628266335 4.8971481621265402 8.3044751733541471
leaf_count=18 35 27 109 86 69 20 34
internal_value=0.00310566 -1.56387e-05 0.00836907 -0.00456062 0.0345288 -0.0358032 -0.0152087
internal_weight=100.126 95.2534 77.1726 51.646 25.5265 18.0808 13.1837
internal_count=398 380 291 195 96 89 69
is_linear=0
shrinkage=0.1


Tree=20
num_leaves=10
num_cat=0
split_feature=3 3 4 0 1 5 0 6 6
split_gain=1.72666 2.46919 4.41786 4.40164 2.97383 2.75771 0.960356 1.50567 1.17828
threshold=0.66173788040236448 0.89179427238755948 20.762441819317171 1.3470310948114885 1.5691356429903163 10.279210142698039 1.4267272949218752 15.466802441849525 10.7153088453303
decision_type=2 2 2 2 2 2 2 2 2
left_child=6 2 3 -2 5 -3 7 8 -1
right_child=1 4 -4 -5 -6 -7 -8 -9 -10
leaf_value=-0.008688758603113635 0.0029007845912534498 -0.085943336256124409 -0.050779360324788594 0.088088179086115825 0.062157255344611355 -0.0044641954814426737 -0.060238106161708549 0.02526836716249807 -0.067633092169984074
leaf_weight=10.060023739933973 10.816337153315549 4.7804384529590598 5.1985664516687384 13.809292197227476 5.7632019966840735 31.693990156054497 4.5841056406497946 7.9026851058006278 5.1158707141876212
leaf_count=57 41 22 20 50 21 119 18 29 21
internal_value=0.00280633 0.0109589 0.0329877 0.0506712 -0.00459567 -0.0151431 -0.0184314 -0.0101273 -0.0285592
internal_weight=99.7245 72.0618 29.8242 24.6256 42.2376 36.4744 27.6627 23.0786 15.1759
internal_count=398 273 111 91 162 141 125 107 78
is_linear=0
shrinkage=0.1


Tree=21
num_leaves=8
num_cat=0
split_feature=0 1 1 0 6 1 0
split_gain=1.65066 2.17682 3.719 3.89149 2.32778 2.32074 2.07132
threshold=0.99882237757447012 1.0572709319065214 1.1390053987185145 1.2746755843982103 14.417355371900825 1.0219482098507731 1.3223630283073364
decision_type=2 2 2 2 2 2 2
left_child=-1 4 6 -4 5 -2 -3
right_child=1 2 3 -5 -6 -7 -8
leaf_value=0.059562930959077325 -0.026288244343929387 0.025034835507005422 -0.066056425468410465 0.007326481134563162 -0.070337359780243761 0.059166170559412257 0.097983351136248384
leaf_weight=4.8299560546874991 12.605264388024812 12.722395032644274 8.7030889987945539 42.592340439558029 7.96790687739849 4.2493669688701621 5.6081828027963629
leaf_count=18 69 48 35 160 31 16 21
internal_value=0.00254297 -0.000372948 0.0086917 -0.0051241 -0.0257989 -0.00474359 0.0473532
internal_weight=99.2785 94.4485 69.626 51.2954 24.8225 16.8546 18.3306
internal_count=398 380 264 195 116 85 69
is_linear=0
shrinkage=0.1


Tree=22
num_leaves=8
num_cat=0
split_feature=2 4 2 4 3 6 1
split_gain=1.50928 1.55635 3.441 2.94305 4.93351 2.77831 2.31971
threshold=0.62512079994386716 13.853027343750002 0.93434191754302087 12.515625000000002 0.79375924200648629 22.217164128133323 1.0591682000587228
decision_type=2 2 2 2 2 2 2
left_child=-1 3 6 4 -2 -4 -3
right_child=1 2 5 -5 -6 -7 -8
leaf_value=-0.15650952341082369 -0.037537304646500604 0.0061203335267053594 0.0085152589685200154 -0.075569122189539747 0.036888318686184536 -0.067758739168301094 0.080899320661765889
leaf_weight=0.59478619694709678 17.844529315829277 6.8821625560522106 33.580533772706985 6.0985461771488181 17.781875103712082 5.5673555433750144 10.443088352680205
leaf_count=3 89 26 125 24 69 22 40
internal_value=0.0023061 0.00326805 0.0140893 -0.0113782 -0.000389937 -0.00233193 0.0511946
internal_weight=98.7929 98.1981 56.4731 41.725 35.6264 39.1479 17.3253
internal_count=398 395 213 182 158 147 66
is_linear=0
shrinkage=0.1


Tree=23
num_leaves=7
num_cat=0
split_feature=3 3 3 4 2 0
split_gain=1.38351 4.25021 2.5487 6.02796 2.22848 1.80723
threshold=1.3094134942701139 1.1516854579853819 1.0050168247571711 13.94425453990698 0.97285173041851569 1.5695384349710368
decision_type=2 2 2 2 2 2
left_child=1 2 4 -4 -1 -2
right_child=5 -3 3 -5 -6 -7
leaf_value=0.031865833473476608 -0.078069664439717468 0.081931124206595596 -0.12471289399903157 0.017146004966586022 -0.0059483459691704443 0.0044687334316988901
leaf_weight=24.0737344622612 4.7243133485317212 6.8408585637807837 5.1393399238586408 7.1805221289396286 44.196406349539757 6.0498892068862915
leaf_count=94 21 25 21 27 187 23
internal_value=0.00208847 0.0062551 -0.000168639 -0.0420317 0.00738587 -0.031723
internal_weight=98.2051 87.4309 80.59 12.3199 68.2701 10.7742
internal_count=398 354 329 48 281 44
is_linear=0
shrinkage=0.1


Tree=24
num_leaves=7
num_cat=0
split_feature=0 5 1 2 6 5
split_gain=1.4175 1.6009 2.19622 3.12433 2.09839 2.51071
threshold=0.99882237757447012 13.120513122345796 1.0572709319065214 0.98407428343143288 11.261741220326272 11.293416169209207
decision_type=2 2 2 2 2 2
left_child=-1 4 -3 -4 5 -2
right_child=1 2 3 -5 -6 -7
leaf_value=0.055324354661185272 -0.016068749155919364 -0.033282459720812826 0.052193551476704736 -0.0011783657825493749 -0.056014290821128521 0.067435970000290016
leaf_weight=4.7246366441249839 21.855247236788276 9.8488304615020734 17.454260349273682 29.515130773186684 10.078570470213888 4.3107886612415305
leaf_count=18 108 38 68 111 39 16
internal_value=0.00188967 -0.000823114 0.00965231 0.0186551 -0.0172447 -0.00231156
internal_weight=97.7875 93.0628 56.8182 46.9694 36.2446 26.166
internal_count=398 380 217 179 163 124
is_linear=0
shrinkage=0.1


Tree=25
num_leaves=8
num_cat=0
split_feature=0 0 0 2 4 2 2
split_gain=1.16123 1.38924 3.37025 2.28975 6.63926 2.19885 1.73276
threshold=0.99882237757447012 1.300601963081047 1.3750544786598768 1.0016423162236106 17.265455068882151 0.82952671732555616 0.8602588149193322
decision_type=2 2 2 2 2 2 2
left_child=-1 3 -3 5 -5 -2 -4
right_child=1 2 6 4 -6 -7 -8
leaf_value=0.050338231533949777 -0.060894901472510227 0.074911294012679958 0.046509398916371111 -0.12073243116271951 0.030107072130148932 0.011093420773399152 -0.0090050498095778902
leaf_weight=4.6759863495826712 5.0073737055063239 7.0513851642608634 6.7224735841155043 6.3436077088117582 5.4037101566791534 27.79487556219101 34.360838696360588
leaf_count=18 20 26 28 27 20 128 131
internal_value=0.00171604 -0.000736986 0.0110412 -0.013463 -0.051347 0.000104161 7.87946e-05
internal_weight=97.3603 92.6843 48.1347 44.5496 11.7473 32.8022 41.0833
internal_count=398 380 185 195 47 148 159
is_linear=0
shrinkage=0.1


Tree=26
num_leaves=5
num_cat=0
split_feature=6 4 4 4
split_gain=1.1428 3.2415 3.72161 3.50575
threshold=22.376222530718156 22.444488525390629 20.762441819317171 19.163994848728183
decision_type=2 2 2 2
left_child=1 2 3 -1
right_child=-2 -3 -4 -5
leaf_value=-0.0025585920839355019 -0.038724353274171008 0.072585111162764851 -0.08555023344604587 0.067751976760711707
leaf_weight=71.263979367911816 6.5696168392896643 6.4859035462141028 4.8791230320930472 7.8751842677593222
leaf_count=299 26 24 19 30
internal_value=0.00154717 0.00447044 -0.00078776 0.00443805
internal_weight=97.0738 90.5042 84.0183 79.1392
internal_count=398 372 348 329
is_linear=0
shrinkage=0.1


Tree=27
num_leaves=7
num_cat=0
split_feature=3 3 3 4 3 6
split_gain=1.10745 1.86179 3.08952 2.87135 2.63702 1.86983
threshold=1.4007784714490563 1.1214825659535739 1.0050168247571711 14.334974509101814 1.2499700309644324 18.513584337194626
decision_type=2 2 2 2 2 2
left_child=1 2 5 -4 -3 -1
right_child=-2 4 3 -5 -6 -7
leaf_value=0.013904577158519128 -0.038156111299351078 0.089381368867682942 -0.10835507874503099 -0.0037709031833473637 -0.0036064991155374429 -0.030897290361123722
leaf_weight=56.285796523094177 6.5939998850226393 5.8104300796985608 4.8409926146268827 5.7352125942707062 6.4187384247779846 11.163119316101072
leaf_count=238 29 22 20 22 24 43
internal_value=0.00140571 0.00429611 -0.00138998 -0.0516417 0.0405747 0.00648965
internal_weight=96.8483 90.2543 78.0251 10.5762 12.2292 67.4489
internal_count=398 369 323 42 46 281
is_linear=0
shrinkage=0.1


Tree=28
num_leaves=5
num_cat=0
split_feature=0 5 6 1
split_gain=1.07433 1.27702 2.91024 2.3193
threshold=0.99882237757447012 21.9964573817314 19.216935374358439 1.0572709319065214
decision_type=2 2 2 2
left_child=-1 2 3 -2
right_child=1 -3 -4 -5
leaf_value=0.048404532242580872 -0.028364754266062081 0.034359020293059366 -0.076295995282948142 0.010505814468531945
leaf_weight=4.6053644120693198 21.092938154935837 9.1518283486366254 5.3558929264545432 56.381859757006168
leaf_count=18 104 35 21 220
internal_value=0.00127114 -0.00108873 -0.00500529 -7.69108e-05
internal_weight=96.5879 91.9825 82.8307 77.4748
internal_count=398 380 345 324
is_linear=0
shrinkage=0.1


Tree=29
num_leaves=5
num_cat=0
split_feature=6 4 4 4
split_gain=1.03679 2.65181 2.73238 2.98088
threshold=22.376222530718156 22.444488525390629 20.762441819317171 19.163994848728183
decision_type=2 2 2 2
left_child=1 2 3 -1
right_child=-2 -3 -4 -5
leaf_value=-0.0026896948145394644 -0.037355898284982779 0.066240344932828696 -0.073034398230571534 0.062791140834818182
leaf_weight=70.867504730820656 6.5203385949134818 6.3497218191623679 4.9270763397216788 7.7082802802324286
leaf_count=299 26 24 19 30
internal_value=0.0011475 0.00394158 -0.000795737 0.00373397
internal_weight=96.3729 89.8526 83.5029 78.5758
internal_count=398 372 348 329
is_linear=0
shrinkage=0.1


Tree=30
num_leaves=7
num_cat=0
split_feature=3 3 3 5 2 2
split_gain=0.948242 1.50893 2.63539 2.42358 2.41514 1.7549
threshold=1.4007784714490563 1.1214825659535739 1.0050168247571711 16.989853253935451 0.93708120248227589 0.74302644204294166
decision_type=2 2 2 2 2 2
left_child=1 2 5 -3 -4 -1
right_child=-2 3 4 -5 -6 -7
leaf_value=0.074493924256914146 -0.035738731034048253 -0.0039030419453332577 -0.0027875691220895699 0.086378370897998158 -0.099022673357882784 0.0020855019063049868
leaf_weight=3.5331629663705817 6.5324298292398444 6.6111889481544477 5.5447291880846006 5.4038998782634735 4.923372283577919 63.57311350107193
leaf_count=14 29 25 22 21 20 267
internal_value=0.00104362 0.00372561 -0.00138191 0.0367019 -0.048049 0.00589782
internal_weight=96.1219 89.5895 77.5744 12.0151 10.4681 67.1063
internal_count=398 369 323 46 42 281
is_linear=0
shrinkage=0.1


Tree=31
num_leaves=6
num_cat=0
split_feature=0 2 2 3 3
split_gain=0.982065 1.12342 2.31902 2.72786 1.24606
threshold=0.99882237757447012 1.3205731303143169 1.1856966568549245 0.94008580919831319 0.95208549547234589
decision_type=2 2 2 2 2
left_child=-1 2 3 -2 -3
right_child=1 4 -4 -5 -6
leaf_value=0.046352885870341747 0.01265684823495768 -0.0051346590392322049 -0.062154636844888006 -0.028837482311595049 0.062174990892819242
leaf_weight=4.5379079580306998 50.638519242405891 5.478042781352995 6.6103564649820319 23.05716148018837 5.523481011390686
leaf_count=18 218 21 26 92 23
internal_value=0.000947242 -0.00130938 -0.00541492 -0.00032548 0.0286592
internal_weight=95.8455 91.3076 80.306 73.6957 11.0015
internal_count=398 380 336 310 44
is_linear=0
shrinkage=0.1


Tree=32
num_leaves=5
num_cat=0
split_feature=4 5 4 2
split_gain=0.948618 1.68382 1.78174 1.33894
threshold=4.8075561523437509 8.0234550966146774 9.9150373867969375 1.534667088444736
decision_type=2 2 2 2
left_child=-1 -2 -3 -4
right_child=1 2 3 -5
leaf_value=-0.041912251501602465 0.049961137682401513 -0.052095783063641314 -0.0008013486246740832 0.044897138400667315
leaf_weight=4.9204910993576041 7.0904457643628112 6.263011932373046 70.538450792431831 7.0525146126747122
leaf_count=39 31 25 276 27
internal_value=0.000853839 0.00316767 -0.000789046 0.00335235
internal_weight=95.8649 90.9444 83.854 77.591
internal_count=398 359 328 303
is_linear=0
shrinkage=0.1


Tree=33
num_leaves=5
num_cat=0
split_feature=6 4 4 4
split_gain=0.920354 2.01323 2.26442 2.42574
threshold=22.376222530718156 22.444488525390629 20.762441819317171 19.163994848728183
decision_type=2 2 2 2
left_child=1 2 3 -1
right_child=-2 -3 -4 -5
leaf_value=-0.0023067498642082782 -0.035654624846916581 0.0585590201412323 -0.066438587984015446 0.057277012766510954
leaf_weight=70.611846499145031 6.4701380580663672 6.1611495912075034 4.9269502758979788 7.5646313428878775
leaf_count=299 26 24 19 30
internal_value=0.000764159 0.00340389 -0.000685218 0.00345878
internal_weight=95.7347 89.2646 83.1034 78.1765
internal_count=398 372 348 329
is_linear=0
shrinkage=0.1


Tree=34
num_leaves=7
num_cat=0
split_feature=3 3 3 3 4 0
split_gain=0.854328 1.34932 2.05871 1.89602 2.38652 1.67459
threshold=1.4007784714490563 1.1214825659535739 1.2499700309644324 1.0050168247571711 14.334974509101814 1.300601963081047
decision_type=2 2 2 2 2 2
left_child=1 3 -3 5 -5 -1
right_child=-2 2 -4 4 -6 -7
leaf_value=-0.0091414181298903451 -0.034300190061912955 0.07951964796699118 -0.0041062013522805184 -0.09404354912744009 0.0023274985358404305 0.022848466720894026
leaf_weight=38.074160784482956 6.500556342303752 5.4914773255586606 6.3455177992582321 4.699983708560465 5.669151782989502 28.69755856692791
leaf_count=170 29 22 24 20 22 111
internal_value=0.00069638 0.00325316 0.0346899 -0.0015707 -0.0413543 0.00460739
internal_weight=95.4784 88.9778 11.837 77.1409 10.3691 66.7717
internal_count=398 369 46 323 42 281
is_linear=0
shrinkage=0.1


Tree=35
num_leaves=8
num_cat=0
split_feature=0 1 6 1 1 1 4
split_gain=0.899969 0.9611 2.25951 2.22648 3.1017 1.51178 1.36387
threshold=0.99882237757447012 1.0572709319065214 14.417355371900825 1.1390053987185145 1.226453695909042 1.0219482098507731 17.001979490742091
decision_type=2 2 2 2 2 2 2
left_child=-1 2 5 6 -5 -2 -3
right_child=1 3 -4 4 -6 -7 -8
leaf_value=0.044401876120058616 -0.015558518403911363 0.059767500232096454 -0.0630935306649794 -0.048169349084965125 0.0087600154169088715 0.054342560271912178 0.0028505410297175984
leaf_weight=4.4762924164533606 11.899767652153974 9.9096474051475543 7.7575021088123313 12.966391980648039 36.540391705930233 4.1811345368623725 7.3199200481176367
leaf_count=18 69 38 31 52 143 16 31
internal_value=0.000631563 -0.00153161 -0.0187671 0.00462495 -0.00615044 0.0026162 0.0355865
internal_weight=95.051 90.5748 23.8384 66.7364 49.5068 16.0809 17.2296
internal_count=398 380 116 264 195 85 69
is_linear=0
shrinkage=0.1


Tree=36
num_leaves=8
num_cat=0
split_feature=0 2 2 0 6 6 4
split_gain=0.893361 0.873373 4.23272 2.01796 1.38552 1.31437 1.24689
threshold=0.91547523260129671 0.89793553951756833 0.93434191754302087 1.3470310948114885 12.263092504864826 19.388937327191186 14.001251220703127
decision_type=2 2 2 2 2 2 2
left_child=-1 3 -3 4 -2 -4 -5
right_child=1 2 5 6 -6 -7 -8
leaf_value=-0.062319229490506306 -0.011163271878091352 0.082156038317293775 0.0060141382055801549 -0.02006638872562231 -0.080291297385918906 -0.03163307534296711 0.051686248804570289
leaf_weight=2.2058954685926428 6.1484447270631808 6.8447220474481574 53.122575476765633 4.5695167854428274 5.486681342124939 11.234992131590841 5.1530447900295258
leaf_count=9 24 27 227 21 23 45 22
internal_value=0.000574395 0.00207328 0.00739336 -0.0156628 -0.0437614 -0.000557989 0.0179632
internal_weight=94.7659 92.56 71.2023 21.3577 11.6351 64.3576 9.72256
internal_count=398 389 299 90 47 272 43
is_linear=0
shrinkage=0.1


Tree=37
num_leaves=5
num_cat=0
split_feature=0 5 6 1
split_gain=0.817035 1.11812 2.12728 1.61728
threshold=0.99882237757447012 21.9964573817314 19.216935374358439 1.0572709319065214
decision_type=2 2 2 2
left_child=-1 2 3 -2
right_child=1 -3 -4 -5
leaf_value=0.042523990930454086 -0.024853118237534579 0.032218176836321229 -0.066336185429849398 0.0079685333761621083
leaf_weight=4.4164126962423316 20.591609537601471 8.8542598634958249 5.3196303099393836 55.413818493485451
leaf_count=18 104 35 21 220
internal_value=0.000528446 -0.00152823 -0.00520237 -0.000923603
internal_weight=94.5957 90.1793 81.3251 76.0054
internal_count=398 380 345 324
is_linear=0
shrinkage=0.1


Tree=38
num_leaves=6
num_cat=0
split_feature=6 4 0 1 2
split_gain=0.845654 1.68223 1.72279 3.16725 2.43063
threshold=22.376222530718156 22.444488525390629 1.5621833801269533 1.2993411931424312 1.1603730746967924
decision_type=2 2 2 2 2
left_child=1 2 3 -1 -4
right_child=-2 -3 4 -5 -6
leaf_value=-0.0023412670417833712 -0.034669736533129908 0.054016862079417131 -0.070068923027974003 0.061616568666283116 0.0093562554118916726
leaf_weight=57.619521170854568 6.3829319775104514 6.0268506258726111 7.8025620430707914 8.9446987062692624 7.611941933631897
leaf_count=253 26 24 31 35 29
internal_value=0.000476733 0.00302586 -0.000722857 0.00625319 -0.0308474
internal_weight=94.3885 88.0056 81.9787 66.5642 15.4145
internal_count=398 372 348 288 60
is_linear=0
shrinkage=0.1


Tree=39
num_leaves=5
num_cat=0
split_feature=0 0 5 6
split_gain=0.796721 4.21959 0.928321 1.78553
threshold=0.91547523260129671 0.99882237757447012 21.9964573817314 19.216935374358439
decision_type=2 2 2 2
left_child=-1 -2 3 -3
right_child=1 2 -4 -5
leaf_value=-0.058907506192326278 0.13980089526732123 -0.00087499773135973772 0.029419421526997076 -0.060776299493651598
leaf_weight=2.2093802094459525 2.165399342775344 75.706076212227345 8.7805216759443265 5.3262689262628546
leaf_count=9 9 324 35 21
internal_value=0.000434664 0.0018601 -0.00146567 -0.00481232
internal_weight=94.1876 91.9783 89.8129 81.0323
internal_count=398 389 380 345
is_linear=0
shrinkage=0.1


Tree=40
num_leaves=6
num_cat=0
split_feature=6 4 0 0 2
split_gain=0.753845 1.34432 1.45588 2.60579 2.40657
threshold=22.376222530718156 22.444488525390629 1.4870921373367312 1.3470310948114885 1.1184940747951151
decision_type=2 2 2 2 2
left_child=1 2 3 -1 -4
right_child=-2 -3 4 -5 -6
leaf_value=-0.0027853205126311519 -0.032798023751198814 0.048881534821876543 -0.054018246844399868 0.049564674677306471 0.0094437897973316445
leaf_weight=45.86070279031992 6.3755368441343299 5.9082545489072791 11.575833901762964 11.995399340987204 12.351059287786482
leaf_count=205 26 24 48 48 47
internal_value=0.000402325 0.00281614 -0.000511771 0.00806849 -0.0212592
internal_weight=94.0668 87.6912 81.783 57.8561 23.9269
internal_count=398 372 348 253 95
is_linear=0
shrinkage=0.1


Tree=41
num_leaves=6
num_cat=0
split_feature=2 2 2 2 4
split_gain=0.69162 1.28628 1.16371 3.71145 2.17026
threshold=0.67195127639582974 0.74302644204294166 0.89793553951756833 0.93434191754302087 16.482650325133761
decision_type=2 2 2 2 2
left_child=-1 -2 4 -4 -3
right_child=1 2 3 -5 -6
leaf_value=-0.056077445955199423 0.057764019474661213 -0.052611963664592809 0.075834712104421761 -0.0027340220137949934 0.028185211412261942
leaf_weight=2.121523603796958 3.9141696840524665 10.133181303739546 6.6148525625467292 66.008813858032227 4.9476376026868811
leaf_count=10 16 43 27 281 21
internal_value=0.000369298 0.00167638 -0.000826759 0.00442233 -0.0261044
internal_weight=93.7402 91.6187 87.7045 72.6237 15.0808
internal_count=398 388 372 308 64
is_linear=0
shrinkage=0.1


Tree=42
num_leaves=7
num_cat=0
split_feature=6 6 6 6 5 4
split_gain=0.647577 1.1437 3.12885 2.61417 5.09567 1.54177
threshold=22.376222530718156 15.326204380037709 14.417355371900825 16.237195156493517 18.266867583980446 13.94425453990698
decision_type=2 2 2 2 2 2
left_child=1 2 5 -3 -5 -1
right_child=-2 3 -4 4 -6 -7
leaf_value=-0.0056383781828676614 -0.030488126010190908 0.076947234185957447 -0.066525132644047885 -0.073580444965566177 0.029317562478140959 0.039439690723626693
leaf_weight=38.465980023145676 6.3512401431798926 6.0328023731708553 7.4212966263294211 6.3968073725700405 19.43401001393795 9.4516599029302579
leaf_count=177 26 24 30 26 78 37
internal_value=0.000340232 0.00258556 -0.00610453 0.017678 0.00383565 0.00325318
internal_weight=93.5538 87.2026 55.3389 31.8636 25.8308 47.9176
internal_count=398 372 244 128 104 214
is_linear=0
shrinkage=0.1


Tree=43
num_leaves=5
num_cat=0
split_feature=0 3 3 6
split_gain=0.628886 1.01277 2.63032 1.65487
threshold=1.9799335309071469 1.4007784714490563 1.1391138537099816 18.513584337194626
decision_type=2 2 2 2
left_child=1 2 3 -1
right_child=-2 -3 -4 -5
leaf_value=0.0057548662543715472 -0.02947686375549376 -0.039970940432929328 0.056390342147274189 -0.034801605185029359
leaf_weight=60.412736780941486 6.5848730802536002 5.2549015060067168 8.9750602692365629 12.071434468030928
leaf_count=263 26 25 36 48
internal_value=0.000316444 0.00257888 0.00532375 -0.000999364
internal_weight=93.299 86.7141 81.4592 72.4842
internal_count=398 372 347 311
is_linear=0
shrinkage=0.1


Tree=44
num_leaves=10
num_cat=0
split_feature=6 6 2 1 5 6 1 1 4
split_gain=0.639903 2.65201 2.27531 5.85031 2.98078 3.32233 1.90667 5.96478 1.53283
threshold=14.875438509138027 13.723056265276293 0.97285173041851569 1.0572709319065214 18.266867583980446 19.216935374358439 1.1390053987185145 1.2272957887826179 4.8075561523437509
decision_type=2 2 2 2 2 2 2 2 2
left_child=1 6 3 -2 -4 -6 8 -8 -1
right_child=2 -3 4 -5 5 -7 7 -9 -10
leaf_value=-0.032092334855306125 -0.042553709857639524 -0.058706609997456471 -0.055800037330739509 0.091470790407834124 0.067751484477705876 -0.017913501850961876 -0.098962834819983692 0.020072218216951928 0.033044373936456532
leaf_weight=4.4121523872017887 5.1436886191368094 8.3655290901660901 8.654716759920122 8.8791749775409681 7.3398305028677013 11.814585924148558 6.4522391036152866 12.111641794443129 19.941196396946907
leaf_count=37 21 34 34 38 28 48 27 48 83
internal_value=0.000288078 -0.00719907 0.00946673 0.0423096 -0.00709442 0.0149127 0.0028409 -0.0213007 0.0212434
internal_weight=93.1148 51.2828 41.832 14.0229 27.8091 19.1544 42.9172 18.5639 24.3533
internal_count=398 229 169 59 110 76 195 75 120
is_linear=0
shrinkage=0.1


Tree=45
num_leaves=6
num_cat=0
split_feature=2 2 2 2 1
split_gain=0.641403 0.93857 0.991891 3.00178 1.99033
threshold=0.67195127639582974 0.74302644204294166 0.89793553951756833 0.93434191754302087 1.0680242697255793
decision_type=2 2 2 2 2
left_child=-1 -2 4 -4 -3
right_child=1 2 3 -5 -6
leaf_value=-0.054491474692841574 0.04991525731116192 -0.069395779007650496 0.069994979230412868 -0.0021030840383832231 0.0054943423791287242
leaf_weight=2.0899978354573241 3.840760573744773 5.8717957362532607 6.3344861418008795 65.350552663207054 8.9699603840708715
leaf_count=10 16 25 27 281 39
internal_value=0.000276626 0.00154329 -0.000603851 0.0042679 -0.0241342
internal_weight=92.4576 90.3676 86.5268 71.685 14.8418
internal_count=398 388 372 308 64
is_linear=0
shrinkage=0.1


Tree=46
num_leaves=5
num_cat=0
split_feature=5 6 6 5
split_gain=0.603938 2.46549 1.42956 1.96941
threshold=21.9964573817314 19.388937327191186 17.827609513134778 17.369782250984674
decision_type=2 2 2 2
left_child=1 2 3 -1
right_child=-2 -3 -4 -5
leaf_value=0.0027482105380015952 0.024364250572580959 -0.070358305014105949 0.041512226299929685 -0.054387233499526559
leaf_weight=63.090421669185162 9.3387337177991849 5.0239383280277243 8.1635653078556043 6.6707756742835036
leaf_count=278 38 20 33 29
internal_value=0.000254899 -0.00245944 0.00191811 -0.00271525
internal_weight=92.2874 82.9487 77.9248 69.7612
internal_count=398 360 340 307
is_linear=0
shrinkage=0.1


Tree=47
num_leaves=5
num_cat=0
split_feature=0 5 4 4
split_gain=0.573479 0.805874 1.58362 1.38549
threshold=0.99882237757447012 21.9964573817314 20.828016237879641 18.456054687500004
decision_type=2 2 2 2
left_child=-1 2 3 -2
right_child=1 -3 -4 -5
leaf_value=0.036546135551516132 -0.0064289438715731187 0.027609650947617876 -0.054275962614284662 0.031746991587889593
leaf_weight=4.153529927134513 62.380448378622532 8.5961857885122281 5.9428655654191962 11.215809091925619
leaf_count=18 274 35 25 46
internal_value=0.000234115 -0.00147715 -0.00462071 -0.000611066
internal_weight=92.2888 88.1353 79.5391 73.5963
internal_count=398 380 345 320
is_linear=0
shrinkage=0.1


Tree=48
num_leaves=5
num_cat=0
split_feature=6 2 2 2
split_gain=0.673943 1.20021 1.6694 2.36765
threshold=22.376222530718156 1.4327971277289882 1.1856966568549245 1.1303038167610773
decision_type=2 2 2 2
left_child=1 2 3 -1
right_child=-2 -3 -4 -5
leaf_value=-0.0018403513980862899 -0.031422827749695292 0.040071739619452124 -0.045066768586539324 0.064704063754985136
leaf_weight=64.547083020210266 6.2749671041965476 7.7460900694131842 7.807329297065734 5.8297179937362662
leaf_count=287 26 32 31 22
internal_value=0.00021461 0.0025249 -0.00119505 0.00367191
internal_weight=92.2052 85.9302 78.1841 70.3768
internal_count=398 372 340 309
is_linear=0
shrinkage=0.1


Tree=49
num_leaves=6
num_cat=0
split_feature=4 4 4 0 4
split_gain=0.549862 1.75346 1.48545 1.35726 0.350416
threshold=6.2219238281250009 8.9101495471877428 9.9150373867969375 1.0420178431255971 3.1259155273437504
decision_type=2 2 2 2 2
left_child=4 -2 -3 -4 -1
right_child=1 2 3 -5 -6
leaf_value=-0.0049573336574578091 0.054514070750914606 -0.054762483692908183 0.03306943477709999 -0.0039152566695008851 -0.050966481490332255
leaf_weight=3.3693114370107642 5.9914736896753302 4.9274436831474295 11.784236639738081 62.804985612630844 3.2541779801249504
leaf_count=29 23 20 49 254 23
internal_value=0.000195635 0.00234575 -0.00158506 0.0019279 -0.027562
internal_weight=92.1316 85.5081 79.5167 74.5892 6.62349
internal_count=398 346 323 303 52
is_linear=0
shrinkage=0.1


Tree=50
num_leaves=5
num_cat=0
split_feature=6 4 4 4
split_gain=0.559399 1.06588 1.35065 1.71223
threshold=22.376222530718156 22.444488525390629 20.762441819317171 19.163994848728183
decision_type=2 2 2 2
left_child=1 2 3 -1
right_child=-2 -3 -4 -5
leaf_value=-0.0022787841822924661 -0.028717522432333283 0.043957240422219809 -0.052028384727826886 0.049407041488305714
leaf_weight=68.129960641264915 6.2471419572830191 5.7258897572755805 4.8187830299139014 7.0750373750925055
leaf_count=299 26 24 19 30
internal_value=0.000172632 0.00227737 -0.000704919 0.00258365
internal_weight=91.9968 85.7497 80.0238 75.205
internal_count=398 372 348 329
is_linear=0
shrinkage=0.1


Tree=51
num_leaves=7
num_cat=0
split_feature=0 0 0 0 2 2
split_gain=0.529847 0.877625 2.6368 2.58566 2.21995 1.79771
threshold=1.9799335309071469 1.300601963081047 1.3750544786598768 1.4184589118523265 1.0860366331546099 0.82952671732555616
decision_type=2 2 2 2 2 2
left_child=1 4 -3 -4 5 -1
right_child=-2 2 3 -5 -6 -7
leaf_value=-0.053623144268316603 -0.027337167265951624 0.071111020886887991 -0.067896410885603831 0.013104048660853336 -0.052505186337764832 0.011868614607662377
leaf_weight=4.8052854835987082 6.5103853642940512 6.56554090976715 4.5929623693227759 27.759211599826813 8.7183498442172986 32.801403045654297
leaf_count=20 26 26 20 113 38 155
internal_value=0.00016014 0.00226024 0.0133306 0.0016046 -0.00703995 0.00350025
internal_weight=91.7531 85.2428 38.9177 32.3522 46.325 37.6067
internal_count=398 372 159 133 213 175
is_linear=0
shrinkage=0.1


Tree=52
num_leaves=6
num_cat=0
split_feature=2 2 2 2 0
split_gain=0.58159 0.948416 0.742853 2.43805 1.70843
threshold=0.67195127639582974 0.74302644204294166 0.89793553951756833 0.93434191754302087 1.3470310948114885
decision_type=2 2 2 2 2
left_child=-1 -2 4 -4 -3
right_child=1 2 3 -5 -6
leaf_value=-0.052079487134047253 0.050117189745746873 -0.045747904374153665 0.063574615673921794 -0.002278742776165122 0.026137906373547279
leaf_weight=2.083623379468917 3.8199519217014304 9.70336204767227 6.1554631143808356 64.862068995833397 5.0146212279796591
leaf_count=10 16 41 27 281 23
internal_value=0.000148645 0.0013638 -0.000808411 0.00342911 -0.0212554
internal_weight=91.6391 89.5555 85.7355 71.0175 14.718
internal_count=398 388 372 308 64
is_linear=0
shrinkage=0.1


Tree=53
num_leaves=5
num_cat=0
split_feature=1 1 3 1
split_gain=0.586466 1.65214 1.49682 1.43021
threshold=1.59322740450018 1.4592667562240826 1.2976690769910044 1.3016365100210743
decision_type=2 2 2 2
left_child=1 2 3 -1
right_child=-2 -3 -4 -5
leaf_value=-0.00046572067179668716 0.024631372431720186 -0.05772418707983723 -0.041768950497765966 0.039011636979686792
leaf_weight=59.363957479596138 8.8331841081380826 5.0802451670169821 7.3584177568554869 10.855126246809958
leaf_count=267 35 20 34 42
internal_value=0.000139864 -0.00247741 0.00114048 0.00563706
internal_weight=91.4909 82.6577 77.5775 70.2191
internal_count=398 363 343 309
is_linear=0
shrinkage=0.1


Tree=54
num_leaves=5
num_cat=0
split_feature=0 0 5 6
split_gain=0.517799 3.15338 0.701164 1.41845
threshold=0.91547523260129671 0.99882237757447012 21.829345851841577 18.513584337194626
decision_type=2 2 2 2
left_child=-1 -2 3 -3
right_child=1 2 -4 -5
leaf_value=-0.047957623470540993 0.13022500591800845 0.0001726820126190131 0.025094869338362209 -0.043497215690551184
leaf_weight=2.1859015822410575 1.8577954620122898 70.063506182283163 8.9407551437616331 8.3212986588478071
leaf_count=9 9 309 37 34
internal_value=0.000127102 0.00130567 -0.00143701 -0.0044633
internal_weight=91.3693 89.1834 87.3256 78.3848
internal_count=398 389 380 343
is_linear=0
shrinkage=0.1


Tree=55
num_leaves=5
num_cat=0
split_feature=6 2 2 2
split_gain=0.530237 1.00496 1.26667 1.88486
threshold=22.376222530718156 1.4327971277289882 1.1856966568549245 1.1303038167610773
decision_type=2 2 2 2
left_child=1 2 3 -1
right_child=-2 -3 -4 -5
leaf_value=-0.0018724370170155836 -0.028080866817837231 0.036846220471893246 -0.039496411759777333 0.058023112479488194
leaf_weight=63.934164877980947 6.2113734334707251 7.6157013326883307 7.7789381295442572 5.7244184017181388
leaf_count=287 26 32 31 22
internal_value=0.000124745 0.00218458 -0.00122427 0.00304967
internal_weight=91.2646 85.0532 77.4375 69.6586
internal_count=398 372 340 309
is_linear=0
shrinkage=0.1


Tree=56
num_leaves=9
num_cat=0
split_feature=1 1 2 6 2 0 6 3
split_gain=0.54413 3.17078 2.25621 4.75584 1.85228 1.76719 2.31803 1.35771
threshold=1.1390053987185145 1.1112754193851988 0.99493488232915572 14.77068002913135 1.0660247753138132 1.2819710411131384 16.237195156493517 1.1214825659535739
decision_type=2 2 2 2 2 2 2 2
left_child=1 5 3 -2 -4 6 -1 -6
right_child=2 -3 4 -5 7 -7 -8 -9
leaf_value=0.022872094886533717 -0.097382449451791323 0.084919709528131562 0.05957119862103586 0.032834024573918437 -0.017254945598617521 -0.055596342890106315 -0.03736121117054346 0.029429824851123311
leaf_weight=24.509394966065884 7.0272817984223348 4.7964327037334433 5.3255001157522193 4.6677827090024948 22.390748500823978 5.1875817179679862 8.6420283764600736 8.6308198273181898
leaf_count=120 30 20 20 20 89 25 37 37
internal_value=0.000114421 0.00826712 -0.00720561 -0.0454099 0.00508703 -0.00132257 0.00717027 -0.00426631
internal_weight=91.1776 43.1354 48.0421 11.6951 36.3471 38.339 33.1514 31.0216
internal_count=398 202 196 50 146 182 157 126
is_linear=0
shrinkage=0.1


Tree=57
num_leaves=9
num_cat=0
split_feature=3 3 3 3 4 6 4 4
split_gain=0.567738 1.50434 1.32775 1.41519 2.84327 0.868093 0.240405 0.0357147
threshold=0.66173788040236448 0.50964953982275818 0.72102301460306839 0.78098712952411475 12.515625000000002 7.3204709285629246 3.1259155273437504 14.890354394912722
decision_type=2 2 2 2 2 2 2 2
left_child=1 5 -2 -4 -5 6 -1 -7
right_child=2 -3 3 4 -6 7 -8 -9
leaf_value=-0.007160452516600079 0.044718312567402267 -0.044013363989984039 -0.049988385408582914 0.039470879203486131 -0.01078733529898991 0.017343885077102994 -0.047751254748639609 0.029065192866103363
leaf_weight=3.4270188510418 7.4821380674839011 9.5265277773141843 5.1676068454980841 16.344498034566641 36.160174243152142 5.0344759821891767 2.5409639626741409 5.374755859375
leaf_count=29 30 39 21 70 152 21 15 21
internal_value=0.000106481 -0.0124164 0.00508527 -5.65356e-05 0.00485785 0.00596331 -0.0244426 0.0233961
internal_weight=91.0582 25.9037 65.1544 57.6723 52.5047 16.3772 5.96798 10.4092
internal_count=398 125 273 243 222 86 44 42
is_linear=0
shrinkage=0.1


Tree=58
num_leaves=7
num_cat=0
split_feature=0 6 6 1 6 0
split_gain=0.568876 0.779296 3.62449 2.4874 2.4097 1.70244
threshold=1.9799335309071469 15.326204380037709 16.237195156493517 1.1095347434413367 14.417355371900825 1.3470310948114885
decision_type=2 2 2 2 2 2
left_child=1 4 -3 -4 5 -1
right_child=-2 2 3 -5 -6 -7
leaf_value=-0.013287672703816093 -0.028384330194191044 0.090878471480885001 -0.045634961597057266 0.019500533617357069 -0.062479209398608161 0.026388958526824109
leaf_weight=26.664384625852108 6.5107511878013602 5.2030675113201132 8.3731221407651919 19.556118652224541 6.4694809764623633 18.192950241267681
leaf_count=131 26 22 37 80 27 75
internal_value=9.74882e-05 0.00229308 0.0142488 -2.6938e-05 -0.00542451 0.00280412
internal_weight=90.9699 84.4591 33.1323 27.9292 51.3268 44.8573
internal_count=398 372 139 117 233 206
is_linear=0
shrinkage=0.1


Tree=59
num_leaves=8
num_cat=0
split_feature=1 1 1 0 0 3 1
split_gain=0.568752 2.47729 1.86286 1.50539 1.94673 1.42687 2.196
threshold=1.1390053987185145 1.1112754193851988 1.2044638826859397 1.2819710411131384 1.1875272393299385 0.66173788040236448 1.2549070452757556
decision_type=2 2 2 2 2 2 2
left_child=1 3 -2 4 -1 -4 -7
right_child=2 -3 5 -5 -6 6 -8
leaf_value=-0.004421476989451013 -0.048315867708436558 0.077422396883513669 -0.041360787564858698 -0.049804430081476531 0.055483708082927997 0.064550010631430968 -0.0019658442847494259
leaf_weight=26.246940143406391 9.0297734886407834 4.6436859816312781 6.313859060406684 5.223967980593442 6.83798624575138 6.1201820448040953 26.260877422988415
leaf_count=130 38 20 26 25 27 24 108
internal_value=9.59517e-05 0.00844408 -0.00741743 8.27443e-05 0.00795972 0.00212655 0.010606
internal_weight=90.6773 42.9526 47.7247 38.3089 33.0849 38.6949 32.3811
internal_count=398 202 196 182 157 158 132
is_linear=0
shrinkage=0.1


Tree=60
num_leaves=5
num_cat=0
split_feature=1 1 3 5
split_gain=0.53226 1.4159 1.25975 1.52357
threshold=1.59322740450018 1.4592667562240826 1.2976690769910044 21.829345851841577
decision_type=2 2 2 2
left_child=1 2 3 -1
right_child=-2 -3 -4 -5
leaf_value=0.00061453020063238664 0.023445515496180583 -0.053690662901669552 -0.038867423207224347 0.054175299054547044
leaf_weight=63.64392426609993 8.8106608390808088 5.0540133714675894 7.1973066963255397 5.7944318503141394
leaf_count=286 35 20 34 23
internal_value=9.39508e-05 -0.00242464 0.000956284 0.00508402
internal_weight=90.5003 81.6897 76.6357 69.4384
internal_count=398 363 343 309
is_linear=0
shrinkage=0.1


Tree=61
num_leaves=8
num_cat=0
split_feature=6 4 6 6 0 0 1
split_gain=0.482738 0.880897 2.86924 2.30669 1.3116 3.20468 1.73726
threshold=22.376222530718156 18.456054687500004 16.703060430190011 14.875438509138027 1.3720680124562004 1.5756917148828509 1.0893111684025365
decision_type=2 2 2 2 2 2 2
left_child=1 2 3 -1 6 -6 -3
right_child=-2 4 -4 -5 5 -7 -8
leaf_value=-0.0063058360013774671 -0.026893203578214488 0.0055763461715575002 -0.071138336307035352 0.045786075899898561 -0.068088116532596374 0.045793551047200537 0.08750873396380883
leaf_weight=47.828959830105305 6.1796117126941672 5.3646373599767703 5.7428920418024054 10.337929986417292 4.5102131068706495 5.4653288871049881 4.9999241679906845
leaf_count=220 26 22 24 43 20 22 21
internal_value=8.44784e-05 0.00206325 -0.00370535 0.0029524 0.0201885 -0.00569544 0.045101
internal_weight=90.4295 84.2499 63.9098 58.1669 20.3401 9.97554 10.3646
internal_count=398 372 287 263 85 42 43
is_linear=0
shrinkage=0.1


Tree=62
num_leaves=7
num_cat=0
split_feature=0 0 0 0 2 0
split_gain=0.497399 0.752364 2.20789 2.16315 1.71522 1.49098
threshold=1.9799335309071469 1.300601963081047 1.3750544786598768 1.4184589118523265 1.0860366331546099 1.2497055943936177
decision_type=2 2 2 2 2 2
left_child=1 4 -3 -4 5 -1
right_child=-2 2 3 -5 -6 -7
leaf_value=0.010578313755673894 -0.026632217899537076 0.065905201987190618 -0.061980976549101285 0.012363650393712804 -0.047010004091094265 -0.048873116841504187
leaf_weight=32.141785860061646 6.4665914028882971 6.4363151937723151 4.5701920986175564 27.245040837675333 8.5122242271900159 4.8556530997157088
leaf_count=154 26 26 20 113 38 21
internal_value=8.96117e-05 0.00215261 0.0124902 0.0016842 -0.0065363 0.00277573
internal_weight=90.2278 83.7612 38.2515 31.8152 45.5097 36.9974
internal_count=398 372 159 133 213 175
is_linear=0
shrinkage=0.1


Tree=63
num_leaves=6
num_cat=0
split_feature=0 2 6 2 3
split_gain=0.491019 0.68609 1.39941 1.34579 1.5154
threshold=0.99882237757447012 1.3205731303143169 15.9784449416284 1.1856966568549245 0.94008580919831319
decision_type=2 2 2 2 2
left_child=-1 3 -3 4 -2
right_child=1 2 -4 -5 -6
leaf_value=0.034837791022040564 0.0092493365919479459 0.062143416150018282 -0.011605688764119581 -0.048818680026121108 -0.022547018195327617
leaf_weight=3.8900189846754065 47.665451414883137 4.8081619292497617 5.534701481461525 6.3567766994237891 21.864632319658995
leaf_count=18 218 20 24 26 92
internal_value=8.48132e-05 -0.00148297 0.0226786 -0.00477603 -0.000749438
internal_weight=90.1197 86.2297 10.3429 75.8869 69.5301
internal_count=398 380 44 336 310
is_linear=0
shrinkage=0.1


Tree=64
num_leaves=10
num_cat=0
split_feature=3 3 6 5 3 6 6 4 5
split_gain=0.500682 1.29973 1.06053 4.16711 3.46444 2.34421 0.684031 0.0200237 0.00963384
threshold=0.66173788040236448 0.50964953982275818 11.261741220326272 13.120513122345796 0.94008580919831319 13.723056265276293 7.3204709285629246 14.890354394912722 2.666666666666667
decision_type=2 2 2 2 2 2 2 2 2
left_child=1 6 4 -4 -2 -5 8 -8 -1
right_child=2 -3 3 5 -6 -7 7 -9 -10
leaf_value=-0.026163612484574258 0.075177459584293477 -0.041389957387283183 -0.065212550292831156 0.073580326389768261 -0.019630251952628439 0.0018155281029654064 0.016281873433789798 0.025069169229103849 -0.018057641878252907
leaf_weight=2.7812508940696778 7.6892965957522375 9.3788629025220853 8.6937040388584119 5.2292717397212973 7.7280294448137283 35.128461539745331 5.0512533187866193 5.3289263993501663 3.1008631736040115
leaf_count=24 32 39 35 21 36 149 21 21 20
internal_value=7.60325e-05 -0.0117435 0.00477701 -0.0024136 0.0276545 0.0111143 0.00535434 0.0207931 -0.0218904
internal_weight=90.1099 25.6412 64.4688 49.0514 15.4173 40.3577 16.2623 10.3802 5.88211
internal_count=398 125 273 205 68 170 86 42 44
is_linear=0
shrinkage=0.1


Tree=65
num_leaves=9
num_cat=0
split_feature=3 4 5 3 4 2 2 1
split_gain=0.469512 2.31688 4.48794 1.36261 1.70989 1.39263 1.73222 1.32058
threshold=1.1214825659535739 13.137222608695767 18.534517406500488 1.0050168247571711 14.334974509101814 1.1114371665028802 1.0518422339759603 1.3184478669197215
decision_type=2 2 2 2 2 2 2 2
left_child=3 -2 -3 5 -5 6 -1 -7
right_child=1 2 -4 4 -6 7 -8 -9
leaf_value=0.0048905771844485867 0.068868771322710992 -0.076367646669377259 0.048447706815592087 -0.084378321150730906 -0.00037494393472320989 -0.058326409221118286 0.069983187372685093 -0.0018993094838765661
leaf_weight=40.008766375482082 5.4379691593349007 5.4405798465013486 6.1228106319904327 4.4004606902599317 5.3924913853406906 6.2895984351635006 4.5535831153392783 12.178144425153731
leaf_count=190 25 23 27 20 22 26 17 48
internal_value=7.45143e-05 0.0150375 -0.010278 -0.00341877 -0.0381218 0.00197303 0.011542 -0.0211168
internal_weight=89.8244 17.0014 11.5634 72.823 9.79295 63.0301 44.5623 18.4677
internal_count=398 75 50 323 42 281 207 74
is_linear=0
shrinkage=0.1


Tree=66
num_leaves=5
num_cat=0
split_feature=1 1 3 3
split_gain=0.472874 1.1123 0.964644 1.33986
threshold=1.59322740450018 1.4592667562240826 1.2976690769910044 1.0390129901039102
decision_type=2 2 2 2
left_child=1 2 3 -1
right_child=-2 -3 -4 -5
leaf_value=-0.0010185890742599132 0.022149697559299825 -0.047868192111589727 -0.034434065201239795 0.040860791718217937
leaf_weight=59.939997687935829 8.7473515868186933 5.0292962938547126 7.0858086161315432 8.755264610052107
leaf_count=272 35 20 34 37
internal_value=6.37298e-05 -0.00232697 0.000695419 0.00431897
internal_weight=89.5577 80.8104 75.7811 68.6953
internal_count=398 363 343 309
is_linear=0
shrinkage=0.1


Tree=67
num_leaves=7
num_cat=0
split_feature=0 3 2 6 5 4
split_gain=0.478424 0.838219 2.91937 1.13077 2.78074 1.86595
threshold=1.9799335309071469 1.1391138537099816 0.97829490372653971 18.513584337194626 21.829345851841577 14.334974509101814
decision_type=2 2 2 2 2 2
left_child=1 3 -3 5 -5 -1
right_child=-2 2 -4 4 -6 -7
leaf_value=-0.011310592818585111 -0.026177417670148362 -0.033391075907927809 0.062631106275685883 -0.076166893404195676 0.021584042129450077 0.025257503448036185
leaf_weight=34.623723462224007 6.4496067613363257 5.1976321153342715 8.1014373227953893 6.2508579194545728 5.4452956318855286 23.374017372727394
leaf_count=165 26 25 36 26 22 98
internal_value=5.80367e-05 0.00209686 0.0251031 -0.00229321 -0.0306577 0.00342693
internal_weight=89.4426 82.993 13.2991 69.6939 11.6962 57.9977
internal_count=398 372 61 311 48 263
is_linear=0
shrinkage=0.1


Tree=68
num_leaves=6
num_cat=0
split_feature=6 6 5 5 3
split_gain=0.521754 0.892352 1.70791 1.9258 1.68331
threshold=22.376222530718156 17.827609513134778 17.656532895225272 16.555631763450698 0.86511874055480831
decision_type=2 2 2 2 2
left_child=1 2 3 -1 -3
right_child=-2 4 -4 -5 -6
leaf_value=-0.0034674233014685926 -0.028061179460569286 -0.0068505160877715731 -0.053719183821374167 0.058205572399404971 0.058936723137803695
leaf_weight=55.850840713828802 6.1453563868999472 8.3874346762895566 6.0130724981427184 5.5679182559251776 7.252469725906848
leaf_count=257 26 34 27 23 31
internal_value=5.53774e-05 0.00213534 -0.0028561 0.00212354 0.0236561
internal_weight=89.2171 83.0717 67.4318 61.4188 15.6399
internal_count=398 372 307 280 65
is_linear=0
shrinkage=0.1


Tree=69
num_leaves=5
num_cat=0
split_feature=1 1 4 6
split_gain=0.435807 1.04686 0.837348 1.25427
threshold=1.59322740450018 1.4592667562240826 23.403320312500004 14.875438509138027
decision_type=2 2 2 2
left_child=1 2 3 -1
right_child=-2 -3 -4 -5
leaf_value=-0.0070448839733547042 0.021299497921390173 -0.0465536374933136 -0.039858216854522982 0.020396311482481479
leaf_weight=43.607706911861897 8.7139461711049062 5.0005101412534705 4.7691254988312712 26.95063691586256
leaf_count=207 35 20 21 115
internal_value=5.84472e-05 -0.00224577 0.000695543 0.00343662
internal_weight=89.0419 80.328 75.3275 70.5583
internal_count=398 363 343 322
is_linear=0
shrinkage=0.1


Tree=70
num_leaves=5
num_cat=0
split_feature=0 0 6 2
split_gain=0.45792 1.25594 0.717961 0.646357
threshold=1.9799335309071469 1.7805809006522997 22.376222530718156 0.67195127639582974
decision_type=2 2 2 2
left_child=1 2 3 -1
right_child=-2 -3 -4 -5
leaf_value=-0.057476631741283923 -0.025650441359143818 0.053132227684506775 -0.038388880596625714 0.0030329869553380037
leaf_weight=1.8101242296397675 6.4295178055763236 4.5490322336554518 4.7999751567840567 71.319648988544941
leaf_count=9 26 18 21 324
internal_value=5.38341e-05 0.00205757 -0.000923831 0.00153524
internal_weight=88.9083 82.4788 77.9297 73.1298
internal_count=398 372 354 333
is_linear=0
shrinkage=0.1


Tree=71
num_leaves=6
num_cat=0
split_feature=0 5 1 6 1
split_gain=0.427175 0.595102 1.09967 5.66608 1.15297
threshold=0.99882237757447012 21.829345851841577 1.0572709319065214 14.417355371900825 1.1390053987185145
decision_type=2 2 2 2 2
left_child=-1 2 3 -2 -4
right_child=1 -3 4 -5 -6
leaf_value=0.033000190761421043 0.0060788833767316183 0.023447841929634561 0.026003813553380967 -0.11622070646264043 -0.0059356477793982712
leaf_weight=3.7673270031809798 15.339859154075386 8.6513134539127332 15.69620670378208 5.030478097498416 40.372946448624134
leaf_count=18 85 37 68 22 168
internal_value=4.84174e-05 -0.0014105 -0.00422393 -0.0241231 0.0030056
internal_weight=88.8581 85.0908 76.4395 20.3703 56.0692
internal_count=398 380 343 107 236
is_linear=0
shrinkage=0.1


Tree=72
num_leaves=6
num_cat=0
split_feature=4 5 4 0 4
split_gain=0.417843 1.83777 0.950105 1.02469 0.325893
threshold=6.2219238281250009 8.0234550966146774 9.9150373867969375 1.0015124774763537 3.1259155273437504
decision_type=2 2 2 2 2
left_child=4 -2 -3 -4 -1
right_child=1 2 3 -5 -6
leaf_value=-0.0028995280189587093 0.063080337427086394 -0.040240247626001646 0.032667874147282158 -0.0031056013222563288 -0.048143203597709509
leaf_weight=3.3167212903499594 4.6407243832945815 5.9102775901556006 9.1821503788232786 62.563837081193924 3.0617044195532799
leaf_count=29 18 25 40 263 23
internal_value=4.00702e-05 0.00195111 -0.00170196 0.00147274 -0.0246169
internal_weight=88.6754 82.297 77.6563 71.746 6.37843
internal_count=398 346 328 303 52
is_linear=0
shrinkage=0.1


Tree=73
num_leaves=8
num_cat=0
split_feature=0 0 2 2 2 2 3
split_gain=0.42385 2.3298 2.05408 2.35597 1.38735 1.40381 1.05635
threshold=1.300601963081047 1.3750544786598768 0.8602588149193322 0.99493488232915572 1.0860366331546099 0.82952671732555616 0.8517884038590936
decision_type=2 2 2 2 2 2 2
left_child=4 -2 -3 -4 5 -1 -7
right_child=1 2 3 -5 -6 6 -8
leaf_value=-0.049748841167063712 0.063488485966589875 0.051629352757214475 -0.06110434957479708 0.0028073250422259236 -0.043653883072810235 -0.0019798215425445814 0.039105031945842771
leaf_weight=4.6433372572064391 6.262697607278823 5.9286818467080584 7.5854506641626385 24.070159956812859 8.3214404135942441 23.16319923102856 8.574854448437689
leaf_count=20 26 28 34 97 38 118 37
internal_value=3.35297e-05 0.00701923 -0.00239029 -0.0125075 -0.00681842 0.00160687 0.00912031
internal_weight=88.5498 43.847 37.5843 31.6556 44.7028 36.3814 31.7381
internal_count=398 185 159 131 213 175 155
is_linear=0
shrinkage=0.1


Tree=74
num_leaves=5
num_cat=0
split_feature=1 1 3 5
split_gain=0.391049 0.889398 0.790188 1.1974
threshold=1.59322740450018 1.4592667562240826 1.2976690769910044 21.829345851841577
decision_type=2 2 2 2
left_child=1 2 3 -1
right_child=-2 -3 -4 -5
leaf_value=-0.00015559506563779686 0.020175949379605391 -0.043093827159998543 -0.031715989071592378 0.048022675176398202
leaf_weight=62.104100540280342 8.6906097382307035 4.977186605334281 6.8831129483878604 5.6259617656469336
leaf_count=286 35 20 34 23
internal_value=3.46755e-05 -0.00216459 0.000565663 0.00384631
internal_weight=88.281 79.5904 74.6132 67.7301
internal_count=398 363 343 309
is_linear=0
shrinkage=0.1


Tree=75
num_leaves=6
num_cat=0
split_feature=6 2 6 6 6
split_gain=0.456465 0.667319 0.778357 3.33044 1.82405
threshold=22.376222530718156 1.4327971277289882 15.326204380037709 13.816007420806573 16.237195156493517
decision_type=2 2 2 2 2
left_child=1 2 3 -1 -4
right_child=-2 -3 4 -5 -6
leaf_value=0.0041533130777356457 -0.026448677667407369 0.030599454161070478 0.069032652626817639 -0.062991037633517696 0.00049583989434353671
leaf_weight=40.113264597952366 6.0625175386667243 7.4146498814225188 4.7755130305886295 9.0547862127423269 20.782329440116882
leaf_count=191 26 32 22 38 89
internal_value=3.10905e-05 0.00198547 -0.000853739 -0.00821199 0.013302
internal_weight=88.2031 82.1405 74.7259 49.1681 25.5578
internal_count=398 372 340 229 111
is_linear=0
shrinkage=0.1


Tree=76
num_leaves=5
num_cat=0
split_feature=0 0 4 4
split_gain=0.479869 1.15944 0.694569 0.547878
threshold=1.9799335309071469 1.7805809006522997 22.795242309570316 15.433465733658524
decision_type=2 2 2 2
left_child=1 2 3 -1
right_child=-2 -3 -4 -5
leaf_value=-0.0051607134264409736 -0.026310624054598691 0.051380999247211227 -0.032331039152829331 0.012782725081084106
leaf_weight=42.214527495205402 6.4122859537601462 4.5102219432592383 6.399337336421012 28.508139006793499
leaf_count=203 26 18 28 123
internal_value=3.05058e-05 0.00209963 -0.00078243 0.00207224
internal_weight=88.0445 81.6322 77.122 70.7227
internal_count=398 372 354 326
is_linear=0
shrinkage=0.1


Tree=77
num_leaves=6
num_cat=0
split_feature=0 0 6 3 6
split_gain=0.389005 0.943022 0.64096 2.80712 1.04913
threshold=1.9799335309071469 1.7805809006522997 18.513584337194626 0.86511874055480831 17.509253719101697
decision_type=2 2 2 2 2
left_child=1 2 4 -4 -1
right_child=-2 -3 3 -5 -6
leaf_value=-0.00023984338333775409 -0.023695032959575688 0.046422940859186343 -0.068514477536235019 0.02194175344136455 0.047275150512542836
leaf_weight=58.204780243337154 6.4083051681518546 4.4936106055974951 6.4288589656352979 7.3564031943678856 5.0501680448651305
leaf_count=272 26 18 27 32 23
internal_value=2.83313e-05 0.00189291 -0.000704439 -0.0202432 0.00355367
internal_weight=87.9421 81.5338 77.0402 13.7853 63.2549
internal_count=398 372 354 59 295
is_linear=0
shrinkage=0.1


Tree=78
num_leaves=5
num_cat=0
split_feature=4 5 6 2
split_gain=0.36771 0.924293 0.86863 0.880709
threshold=4.8075561523437509 8.0234550966146774 9.816635982847151 1.3205731303143169
decision_type=2 2 2 2
left_child=-1 -2 -3 -4
right_child=1 2 3 -5
leaf_value=-0.028483599086274569 0.037580950129469409 -0.039705542056767268 -0.0031054303653586905 0.028828452269208944
leaf_weight=4.3016760498285285 6.542548455297946 5.5427605807781211 61.359314389526844 10.051000617444513
leaf_count=39 31 24 262 42
internal_value=2.82169e-05 0.00149714 -0.00157071 0.00138926
internal_weight=87.7973 83.4956 76.9531 71.4103
internal_count=398 359 328 304
is_linear=0
shrinkage=0.1


Tree=79
num_leaves=5
num_cat=0
split_feature=0 0 6 2
split_gain=0.371275 0.737541 0.658721 0.604113
threshold=1.9799335309071469 1.7805809006522997 22.376222530718156 0.67195127639582974
decision_type=2 2 2 2
left_child=1 2 3 -1
right_child=-2 -3 -4 -5
leaf_value=-0.055832001834200833 -0.023158250031360302 0.041351073012320029 -0.036632280139902294 0.0033723033259562413
leaf_weight=1.7667885050177563 6.404682219028472 4.4668710529804221 4.7217950522899619 70.344704754650593
leaf_count=9 26 18 21 324
internal_value=2.27912e-05 0.00184895 -0.00044759 0.00192175
internal_weight=87.7048 81.3002 76.8333 72.1115
internal_count=398 372 354 333
is_linear=0
shrinkage=0.1


Tree=80
num_leaves=6
num_cat=0
split_feature=5 2 4 4 6
split_gain=0.357564 1.44032 1.31327 0.864802 3.29311
threshold=21.829345851841577 1.126256732280202 20.828016237879641 19.163994848728183 16.703060430190011
decision_type=2 2 2 2 2
left_child=2 -2 3 4 -1
right_child=1 -3 -4 -5 -6
leaf_value=0.0056554782116079718 0.056894371367471386 -0.022067409452447669 -0.048671072354234041 0.033103944010803958 -0.065767590058663575
leaf_weight=57.788917992264032 4.765329182147978 4.4835325479507446 5.6374262869358054 7.7067155092954627 7.2673074454069129
leaf_count=268 19 21 24 35 31
internal_value=2.04705e-05 0.0186164 -0.00217328 0.00142921 -0.00232306
internal_weight=87.6492 9.24886 78.4004 72.7629 65.0562
internal_count=398 40 358 334 299
is_linear=0
shrinkage=0.1


Tree=81
num_leaves=8
num_cat=0
split_feature=0 0 2 2 2 5 4
split_gain=0.360782 2.72674 1.57986 1.49853 2.03273 1.09725 3.61378
threshold=1.3470310948114885 1.3813585491152482 0.82952671732555616 0.8602588149193322 0.99493488232915572 20.990004639377762 19.039247508854761
decision_type=2 2 2 2 2 2 2
left_child=2 -2 -1 -3 -5 6 -4
right_child=1 3 5 4 -6 -7 -8
leaf_value=-0.058528985844067787 0.086894883966722444 0.047818970561082273 -0.0049713918786773404 -0.054941564242275254 0.0046357684101255214 -0.042500206014376408 0.091586005332956757
leaf_weight=5.0895856618881217 3.8604895845055571 5.2707124575972548 32.658148631453514 7.5647326037287739 23.572224847972393 5.2155849486589423 4.3980436772108069
leaf_count=22 17 25 162 34 96 23 19
internal_value=2.33374e-05 0.00698204 -0.00589318 -0.00149152 -0.00983856 0.000444253 0.0064886
internal_weight=87.6295 40.2682 47.3614 36.4077 31.137 42.2718 37.0562
internal_count=398 172 226 155 130 204 181
is_linear=0
shrinkage=0.1


Tree=82
num_leaves=7
num_cat=0
split_feature=0 5 5 6 3 4
split_gain=0.33743 0.500232 1.87221 1.43514 1.4118 1.0748
threshold=0.99882237757447012 13.120513122345796 14.96999136532809 11.425493592559755 0.65721040756860105 17.223837784704305
decision_type=2 2 2 2 2 2
left_child=-1 3 -3 4 -2 -4
right_child=1 2 5 -5 -6 -7
leaf_value=0.029818867427854001 -0.026095302987301019 0.045766955014710835 -0.031858640840267259 -0.045496343082298642 0.022621414787783112 0.0052629580178982687
leaf_weight=3.6447185501456252 10.428174003958704 9.208599388599394 10.425557993352411 8.7732357159256917 13.84816190227866 30.966035954654217
leaf_count=18 65 38 44 36 62 135
internal_value=3.3774e-05 -0.001264 0.00498572 -0.0108326 0.0016946 -0.00408709
internal_weight=87.2945 83.6498 50.6002 33.0496 24.2763 41.3916
internal_count=398 380 217 163 127 179
is_linear=0
shrinkage=0.1


Tree=83
num_leaves=10
num_cat=0
split_feature=0 0 5 6 5 3 4 2 4
split_gain=0.392459 1.63903 1.05288 3.51723 3.30646 1.0006 0.723953 0.700337 0.566338
threshold=1.0420178431255971 1.1875272393299385 16.457229181288866 14.290845443574245 17.656532895225272 1.0544591796832199 13.64343920436295 0.95670147431464891 6.2219238281250009
decision_type=2 2 2 2 2 2 2 2 2
left_child=5 7 3 -3 -4 6 8 -2 -1
right_child=1 2 4 -5 -6 -7 -8 -9 -10
leaf_value=-0.0097504744236216485 -0.017635370970998647 0.0080112994565891948 0.086137346123176084 -0.075238237950791501 -0.0014923555816576657 0.058872321512635523 -0.030531244598142215 -0.06734438497082311 0.036993349195756711
leaf_weight=4.6792703121900576 7.1540965363383275 26.403057441115379 5.6870908886194256 6.2826222777366629 17.729108817875385 3.7665279135107985 4.8644869029521933 4.6937734484672546 5.8105462342500687
leaf_count=41 32 112 24 27 78 19 21 20 24
internal_value=2.90521e-05 -0.00353235 0.00360491 -0.00799037 0.0197903 0.0126852 0.00135517 -0.0373286 0.016142
internal_weight=87.0706 67.9497 56.1019 32.6857 23.4162 19.1208 15.3543 11.8479 10.4898
internal_count=398 293 241 139 102 105 86 52 65
is_linear=0
shrinkage=0.1


Tree=84
num_leaves=8
num_cat=0
split_feature=1 1 4 0 6 1 4
split_gain=0.354506 1.64601 1.55704 1.47138 1.50584 1.21474 2.0046
threshold=1.1390053987185145 1.1112754193851988 9.5823426444697599 1.2819710411131384 16.237195156493517 1.2044638826859397 12.461852280222958
decision_type=2 2 2 2 2 2 2
left_child=1 3 -2 4 -1 -4 -7
right_child=2 -3 5 -5 -6 6 -8
leaf_value=0.020795682034971279 -0.062069980581545892 0.066052012985718875 -0.034848028705613675 -0.051085874187210473 -0.028681988774427611 0.060196452477602129 -0.0031483965895127437
leaf_weight=23.514944747090343 4.4703435748815528 4.2065743505954734 8.0399786978960019 4.8854743167757979 8.3302973806858045 6.1152668893337241 27.290683232247829
leaf_count=120 23 20 35 25 37 23 115
internal_value=3.33634e-05 0.00679952 -0.00599909 1.36423e-05 0.00785297 4.86916e-05 0.00844746
internal_weight=86.8536 40.9373 45.9163 36.7307 31.8452 41.4459 33.406
internal_count=398 202 196 182 157 173 138
is_linear=0
shrinkage=0.1


Tree=85
num_leaves=10
num_cat=0
split_feature=4 5 4 3 6 2 2 4 4
split_gain=0.400106 1.78625 1.69768 3.29436 3.74027 2.85627 1.37106 5.46916 3.23297
threshold=13.853027343750002 15.130626970894076 12.515625000000002 0.79375924200648629 10.048466602551548 0.98740187796543644 0.98407428343143288 17.223837784704305 17.427019949544583
decision_type=2 2 2 2 2 2 2 2 2
left_child=2 -2 3 4 -1 -5 8 -8 -3
right_child=1 6 -4 5 -6 -7 7 -9 -10
leaf_value=0.0034834572898440096 0.048991195838763636 0.084566349513253619 -0.05778341303611615 -0.012009844890282778 -0.098826096902689051 0.074240916262543963 -0.11094616169692523 0.0059707499027724228 -0.011242101319463876
leaf_weight=10.842566877603536 8.064133442938326 5.2770286425948134 5.7447828799486151 7.1444334089756003 5.3298123031854621 8.2999832630157453 4.9697533994913128 20.524627164006233 10.590318210422991
leaf_count=66 34 23 24 35 23 35 21 87 50
internal_value=3.37865e-05 0.00593708 -0.00777572 0.00131069 -0.030234 0.0343422 -0.00245701 -0.0168205 0.0206211
internal_weight=86.7874 49.4259 37.3616 31.6168 16.1724 15.4444 41.3617 25.4944 15.8673
internal_count=398 215 183 159 89 70 181 108 73
is_linear=0
shrinkage=0.1


Tree=86
num_leaves=6
num_cat=0
split_feature=5 2 6 6 5
split_gain=0.366534 1.34125 1.13823 0.861133 1.3297
threshold=21.829345851841577 1.126256732280202 19.216935374358439 17.827609513134778 17.291130053039041
decision_type=2 2 2 2 2
left_child=2 -2 3 4 -1
right_child=1 -3 -4 -5 -6
leaf_value=0.0023524693233745054 0.05591192139511543 -0.020456994515794812 -0.048508563670487261 0.034836662152267238 -0.04398188419038964
leaf_weight=58.46577301248908 4.7436040043830854 4.4638271555304527 4.9703583717346183 6.79915627837181 6.9275696724653235
leaf_count=275 19 21 21 30 32
internal_value=2.91056e-05 0.0188877 -0.00222119 0.000965631 -0.00255605
internal_weight=86.3703 9.20743 77.1629 72.1925 65.3933
internal_count=398 40 358 337 307
is_linear=0
shrinkage=0.1


Tree=87
num_leaves=10
num_cat=0
split_feature=5 6 3 3 5 2 5 4 5
split_gain=0.374801 1.3273 1.40841 2.68287 1.2397 0.914609 2.82487 2.17621 0.678622
threshold=13.120513122345796 11.425493592559755 0.65721040756860105 0.94008580919831319 14.163006033519437 0.98407428343143288 18.266867583980446 17.427019949544583 5.0404979626671231
decision_type=2 2 2 2 2 2 2 2 2
left_child=1 2 8 -4 -2 7 -7 -6 -1
right_child=4 -3 3 -5 5 6 -8 -9 -10
leaf_value=0.0066546223825212419 0.048557887454743653 -0.041888966974808033 0.065363725374403797 -0.018502843299825336 0.056436280056141166 -0.056512670880140461 0.011560421713241715 -0.011834731796629597 -0.04577722393274386
leaf_weight=4.0722941160202044 5.8956570476293555 8.6772138252854329 7.4931522682309133 7.7693028301000595 7.9853142350912121 9.3307512253522891 17.584396854043007 11.242754139006136 6.2680831104516983
leaf_count=36 24 36 33 38 35 39 75 53 29
internal_value=2.9834e-05 -0.00808894 0.00336644 0.0226717 0.00537799 -0.000139049 -0.0120387 0.0165179 -0.0251283
internal_weight=86.3189 34.28 25.6028 15.2625 52.0389 46.1432 26.9151 19.2281 10.3404
internal_count=398 172 136 71 226 202 114 88 65
is_linear=0
shrinkage=0.1


Tree=88
num_leaves=5
num_cat=0
split_feature=1 3 3 1
split_gain=0.392921 0.890341 2.29127 1.85715
threshold=1.59322740450018 1.2976690769910044 1.1391138537099816 1.3953478125572543
decision_type=2 2 2 2
left_child=1 2 3 -1
right_child=-2 -3 -4 -5
leaf_value=0.0013654686475910085 0.020345714836028171 -0.035309760266171657 0.06765409296208684 -0.060237043177864637
leaf_weight=59.878681398928165 8.5717520564794523 7.3579311296343795 4.8383489176630965 5.3293995112180701
leaf_count=282 35 37 22 22
internal_value=3.09498e-05 -0.00221871 0.0012573 -0.00366925
internal_weight=85.9761 77.4044 70.0464 65.2081
internal_count=398 363 326 304
is_linear=0
shrinkage=0.1


Tree=89
num_leaves=5
num_cat=0
split_feature=6 5 4 5
split_gain=0.371525 1.42485 0.949616 0.952592
threshold=23.011247911497396 21.829345851841577 20.828016237879641 18.266867583980446
decision_type=2 2 2 2
left_child=1 2 3 -1
right_child=-2 -3 -4 -5
leaf_value=-0.0028995725586698764 -0.0264468744236495 0.057345657740217597 -0.041062811724529774 0.031266314336441427
leaf_weight=61.423137675970793 4.9907761365175238 4.3487965092062941 5.6208946257829657 9.4109050258994085
leaf_count=290 22 19 24 43
internal_value=3.17957e-05 0.00166723 -0.00149979 0.00163966
internal_weight=85.7945 80.8037 76.4549 70.834
internal_count=398 376 357 333
is_linear=0
shrinkage=0.1


Tree=90
num_leaves=10
num_cat=0
split_feature=3 3 2 0 2 2 5 1 3
split_gain=0.335362 2.48768 1.13962 1.66988 1.13042 1.37371 2.811 1.13707 0.988679
threshold=1.0050168247571711 1.0390129901039102 1.1303038167610773 1.2842102387239722 1.1114371665028802 1.0518422339759603 17.369782250984674 1.59322740450018 0.8517884038590936
decision_type=2 2 2 2 2 2 2 2 2
left_child=4 -2 3 -3 5 6 -1 8 -6
right_child=1 2 -4 -5 7 -7 -8 -9 -10
leaf_value=0.020704472923748711 -0.077748038342268261 0.038624824134040031 0.035800088415716885 -0.037256634186605325 -0.011339929256409031 0.06583594184986194 -0.045955199686355946 0.024556498521220559 -0.068641373206738771
leaf_weight=30.338916428387165 4.4241021126508739 4.2770225554704693 7.5628994628787032 9.0083370767533761 8.1078970879316348 4.3940819054841986 7.9926658049225798 4.7623717188835135 4.7899849265813819
leaf_count=153 21 20 35 41 35 17 37 19 20
internal_value=3.1689e-05 -0.00964033 0.00481246 -0.0128277 0.00407957 0.012876 0.00680501 -0.0172017 -0.0326204
internal_weight=85.6583 25.2724 20.8483 13.2854 60.3859 42.7257 38.3316 17.6603 12.8979
internal_count=398 117 96 61 281 207 190 74 55
is_linear=0
shrinkage=0.1


Tree=91
num_leaves=6
num_cat=0
split_feature=4 5 6 2 4
split_gain=0.38188 1.21855 0.920837 0.640218 0.34354
threshold=6.2219238281250009 8.0234550966146774 9.816635982847151 0.8602588149193322 3.1259155273437504
decision_type=2 2 2 2 2
left_child=4 -2 -3 -4 -1
right_child=1 2 3 -5 -6
leaf_value=-0.0015128660608096102 0.052410200389525541 -0.041067550049702778 0.025070757860814419 -0.0020418789931720884 -0.048502130158763264
leaf_weight=3.2820492088794699 4.5055785328149787 5.3616601824760428 10.210649721324442 59.232532098889351 2.9583141058683395
leaf_count=29 18 24 47 257 23
internal_value=2.97046e-05 0.0019038 -0.00113826 0.00194466 -0.0237887
internal_weight=85.5508 79.3104 74.8048 69.4432 6.24036
internal_count=398 346 328 304 52
is_linear=0
shrinkage=0.1


Tree=92
num_leaves=7
num_cat=0
split_feature=6 6 5 1 1 2
split_gain=0.367496 1.30205 0.542333 0.538279 0.964106 0.799965
threshold=7.0121185262214203 5.0130785133511777 2.666666666666667 1.0061148738626193 1.0304049003603726 0.8602588149193322
decision_type=2 2 2 2 2 2
left_child=1 2 -1 -2 -5 -6
right_child=3 -3 -4 4 5 -7
leaf_value=-0.022009717289201813 0.028419747477337266 -0.067510458871267692 0.040111550725862005 -0.044182956827929144 0.030287317017364312 -0.0017377459975689994
leaf_weight=2.6784396618604642 7.1443209797143927 3.4370313212275505 2.9567157849669456 4.6908132657408705 9.0787771046161634 55.37363700568676
leaf_count=24 32 19 20 22 41 240
internal_value=2.51111e-05 -0.0190019 0.0105848 0.00228782 -0.000412297 0.00277331
internal_weight=85.3597 9.07219 5.63516 76.2875 69.1432 64.4524
internal_count=398 63 44 335 303 281
is_linear=0
shrinkage=0.1


Tree=93
num_leaves=9
num_cat=0
split_feature=6 6 2 1 5 6 5 1
split_gain=0.369351 1.43775 1.42066 3.69053 1.75797 2.39983 1.0497 1.08319
threshold=14.875438509138027 13.816007420806573 0.97285173041851569 1.0572709319065214 18.266867583980446 19.216935374358439 13.120513122345796 1.1390053987185145
decision_type=2 2 2 2 2 2 2 2
left_child=1 6 3 -2 -4 -6 7 -1
right_child=2 -3 4 -5 5 -7 -8 -9
leaf_value=0.01021796132377936 -0.034338466971341762 -0.047215148845707794 -0.044286248831119361 0.078603974692927639 0.058376811663847783 -0.017496142454319758 0.037439629794308524 -0.026065249707624413
leaf_weight=18.639833487570286 4.6858390569686872 7.1438647210597983 8.1752498745918292 7.5624245554208755 6.7970765531063106 10.780746571719645 6.7507034689187995 14.730159811675547
leaf_count=103 21 31 34 38 28 48 29 66
internal_value=1.89071e-05 -0.00588261 0.00735898 0.0353954 -0.00597525 0.0118428 0.00147703 -0.00579815
internal_weight=85.2659 47.2646 38.0013 12.2483 25.7531 17.5778 40.1207 33.37
internal_count=398 229 169 59 110 76 198 169
is_linear=0
shrinkage=0.1


Tree=94
num_leaves=5
num_cat=0
split_feature=4 5 6 2
split_gain=0.33469 0.622551 0.708877 0.782571
threshold=4.8075561523437509 8.0234550966146774 9.816635982847151 1.3205731303143169
decision_type=2 2 2 2
left_child=-1 -2 -3 -4
right_child=1 2 3 -5
leaf_value=-0.027338366773806213 0.031435418794866783 -0.036311508062698138 -0.002738093071187761 0.027754529099480355
leaf_weight=4.2438403069972983 6.3855749741196624 5.3096046745777121 59.020051032304764 9.8164264783263189
leaf_count=39 31 24 262 42
internal_value=3.25767e-05 0.00147496 -0.00110528 0.00161031
internal_weight=84.7755 80.5317 74.1461 68.8365
internal_count=398 359 328 304
is_linear=0
shrinkage=0.1


Tree=95
num_leaves=8
num_cat=0
split_feature=6 6 4 3 2 6 5
split_gain=0.314443 1.10286 0.588299 1.22988 0.991908 1.6693 0.38845
threshold=7.0121185262214203 5.0130785133511777 10.98876869339847 0.80396603301652714 1.3205731303143169 15.015679742095896 2.666666666666667
decision_type=2 2 2 2 2 2 2
left_child=1 6 3 -2 5 -4 -1
right_child=2 -3 4 -5 -6 -7 -8
leaf_value=-0.018697385153697729 -0.012271993467681246 -0.062785843632782945 -0.026079247200638728 0.051322915248275307 0.028659878708232507 0.0091369410782684828 0.034137902400494156
leaf_weight=2.6005650311708433 5.612052768468855 3.3785727620124817 24.700725741684437 6.63789152354002 9.1760674417018873 29.57817979156971 2.9930245280265808
leaf_count=24 25 19 108 29 39 134 20
internal_value=2.70779e-05 -0.0176741 0.00212493 0.0221883 -0.00174828 -0.00688891 0.00957378
internal_weight=84.6771 8.97216 75.7049 12.2499 63.455 54.2789 5.59359
internal_count=398 63 335 54 281 242 44
is_linear=0
shrinkage=0.1


Tree=96
num_leaves=7
num_cat=0
split_feature=0 0 5 1 1 4
split_gain=0.344856 0.704458 1.13964 3.71262 1.78069 0.815916
threshold=1.9799335309071469 1.6103307847352581 18.948296506431944 1.2009949399472533 1.3184478669197215 16.482650325133761
decision_type=2 2 2 2 2 2
left_child=1 2 4 -4 -1 -3
right_child=-2 5 3 -5 -6 -7
leaf_value=-0.0020841604811355145 -0.022598384935784477 -0.0030657243717455481 0.014988149429423218 -0.089614135347129004 0.052020067332960343 0.0552525221386055
leaf_weight=47.620164725929499 6.2419192790985099 4.6248859241604787 8.443229563534258 5.6729055345058432 6.973990097641944 4.9847279861569405
leaf_count=237 26 19 38 27 30 21
internal_value=2.24464e-05 0.00182528 -0.0017215 -0.0270488 0.00482725 0.0271853
internal_weight=84.5618 78.3199 68.7103 14.1161 54.5942 9.60961
internal_count=398 372 332 65 267 40
is_linear=0
shrinkage=0.1


Tree=97
num_leaves=9
num_cat=0
split_feature=3 3 3 2 2 2 2 3
split_gain=0.322193 2.02427 1.04968 1.82956 1.11008 1.04741 1.75318 1.58305
threshold=1.0050168247571711 1.0390129901039102 0.92850744998648882 1.1856966568549245 0.75838392072466632 0.99493488232915572 0.88208939376423456 1.2499700309644324
decision_type=2 2 2 2 2 2 2 2
left_child=2 -2 3 4 -1 6 -3 -7
right_child=1 5 -4 -5 -6 7 -8 -9
leaf_value=0.064472908809256282 -0.07178812436187669 0.022474334909479587 0.039536866205916135 -0.043607759818244954 0.0028284817383138847 0.070128397871943499 -0.065468247667789262 -0.0061494315086986695
leaf_weight=3.1468038931488982 4.3170576691627529 4.5008707195520419 7.2974596694111815 8.4331786483526212 40.754256226122379 4.4701764136552793 4.567099928855896 6.9524574130773544
leaf_count=14 21 23 30 36 201 21 21 31
internal_value=2.24558e-05 -0.00955458 0.00400664 -0.000947673 0.00724712 0.00355708 -0.0218181 0.0237014
internal_weight=84.4394 24.8077 59.6317 52.3342 43.9011 20.4906 9.06797 11.4226
internal_count=398 117 281 251 215 96 44 52
is_linear=0
shrinkage=0.1


Tree=98
num_leaves=7
num_cat=0
split_feature=5 6 6 2 2 2
split_gain=0.305769 1.17982 0.937769 0.717823 1.74615 1.44215
threshold=21.829345851841577 23.011247911497396 19.216935374358439 0.90545082770455743 0.93765065915133439 0.8602588149193322
decision_type=2 2 2 2 2 2
left_child=2 -2 3 5 -5 -1
right_child=1 -3 -4 4 -6 -7
leaf_value=0.0021554684382059145 0.055364100186044207 -0.017163435631756246 -0.044718223043511918 0.063625367751346085 0.00095140102712802535 -0.059037009261410214
leaf_weight=12.894716292619707 4.2908995151519758 4.6992378681898117 4.8229428976774207 4.9085977524518958 47.104874514043331 5.4915627390146247
leaf_count=62 19 21 21 25 223 27
internal_value=2.31433e-05 0.0174532 -0.00205999 0.000862442 0.00686605 -0.0161213
internal_weight=84.2128 8.99014 75.2227 70.3998 52.0135 18.3863
internal_count=398 40 358 337 248 89
is_linear=0
shrinkage=0.1


Tree=99
num_leaves=5
num_cat=0
split_feature=4 6 2 3
split_gain=0.306881 0.914104 0.694775 1.17627
threshold=23.403320312500004 20.438637946323894 1.3320800201736034 0.87330710813210188
decision_type=2 2 2 2
left_child=1 2 3 -1
right_child=-2 -3 -4 -5
leaf_value=0.007145023758411838 -0.020096113231491103 0.045373776792161209 0.030526479492422733 -0.019994920515638795
leaf_weight=39.121088728308678 6.9521820023655883 4.539388805627822 6.4188387393951407 26.984767355024815
leaf_count=193 32 19 28 126
internal_value=2.57659e-05 0.00184102 -0.000883735 -0.00393365
internal_weight=84.0163 77.0641 72.5247 66.1059
internal_count=398 366 347 319
is_linear=0
shrinkage=0.1


end of trees

feature_importances:
rush_attempts_L3=107
rush_attempts_L10=101
rush_tds_L10=89
rush_tds_std_L5=82
rush_tds_L3=79
rush_attempts_L5=63
rush_tds_L5=62

parameters:
[boosting: gbdt]
[objective: binary]
[metric: binary_logloss]
[tree_learner: serial]
[device_type: cpu]
[data_sample_strategy: bagging]
[data: ]
[valid: ]
[num_iterations: 100]
[learning_rate: 0.1]
[num_leaves: 31]
[num_threads: 2]
[seed: 42]
[deterministic: 0]
[force_col_wise: 0]
[force_row_wise: 0]
[histogram_pool_size: -1]
[max_depth: 4]
[min_data_in_leaf: 20]
[min_sum_hessian_in_leaf: 0.001]
[bagging_fraction: 1]
[pos_bagging_fraction: 1]
[neg_bagging_fraction: 1]
[bagging_freq: 0]
[bagging_seed: 400]
[bagging_by_query: 0]
[feature_fraction: 1]
[feature_fraction_bynode: 1]
[feature_fraction_seed: 30056]
[extra_trees: 0]
[extra_seed: 12879]
[early_stopping_round: 0]
[early_stopping_min_delta: 0]
[first_metric_only: 0]
[max_delta_step: 0]
[lambda_l1: 0]
[lambda_l2: 0]
[linear_lambda: 0]
[min_gain_to_split: 0]
[drop_rate: 0.1]
[max_drop: 50]
[skip_drop: 0.5]
[xgboost_dart_mode: 0]
[uniform_drop: 0]
[drop_seed: 17869]
[top_rate: 0.2]
[other_rate: 0.1]
[min_data_per_group: 100]
[max_cat_threshold: 32]
[cat_l2: 10]
[cat_smooth: 10]
[max_cat_to_onehot: 4]
[top_k: 20]
[monotone_constraints: ]
[monotone_constraints_method: basic]
[monotone_penalty: 0]
[feature_contri: ]
[forcedsplits_filename: ]
[refit_decay_rate: 0.9]
[cegb_tradeoff: 1]
[cegb_penalty_split: 0]
[cegb_penalty_feature_lazy: ]
[cegb_penalty_feature_coupled: ]
[path_smooth: 0]
[interaction_constraints: ]
[verbosity: -1]
[saved_feature_importance_type: 0]
[use_quantized_grad: 0]
[num_grad_quant_bins: 4]
[quant_train_renew_leaf: 0]
[stochastic_rounding: 1]
[linear_tree: 0]
[max_bin: 255]
[max_bin_by_feature: ]
[min_data_in_bin: 3]
[bin_construct_sample_cnt: 200000]
[data_random_seed: 175]
[is_enable_sparse: 1]
[enable_bundle: 1]
[use_missing: 1]
[zero_as_missing: 0]
[feature_pre_filter: 1]
[pre_partition: 0]
[two_round: 0]
[header: 0]
[label_column: ]
[weight_column: ]
[group_column: ]
[ignore_column: ]
[categorical_feature: ]
[forcedbins_filename: ]
[precise_float_parser: 0]
[parser_config_file: ]
[objective_seed: 16083]
[num_class: 1]
[is_unbalance: 0]
[scale_pos_weight: 1.23596]
[sigmoid: 1]
[boost_from_average: 1]
[reg_sqrt: 0]
[alpha: 0.9]
[fair_c: 1]
[poisson_max_delta_step: 0.7]
[tweedie_variance_power: 1.5]
[lambdarank_truncation_level: 30]
[lambdarank_norm: 1]
[label_gain: ]
[lambdarank_position_bias_regularization: 0]
[eval_at: ]
[multi_error_top_k: 1]
[auc_mu_weights: ]
[num_machines: 1]
[local_listen_port: 12400]
[time_out: 120]
[machine_list_filename: ]
[machines: ]
[gpu_platform_id: -1]
[gpu_device_id: -1]
[gpu_use_dp: 0]
[num_gpu: 1]

end of parameters

pandas_categorical:[]
